dataset,split,video_id,video_path,label_id,budget,coverage,stride,pred_id,correct_top1,correct_top5,confidence,decode_time_s,inference_time_s,total_time_s,source_frames,candidate_frames,processed_frames,model_input_frames,skipped,error
finegym,val,AZ4wWG6Rcak_E_001509_001515_A_0000_0006,data/FineGym_data/videos/val/0/AZ4wWG6Rcak_E_001509_001515_A_0000_0006.mp4,0,16,100,1,1,False,True,0.3977150321006775,0.011193198035471141,0.0009622629052804162,1.5335344610502943,152,16,16,16,False,
finegym,val,C5Yfd1IWjmM_E_004141_004148_A_0000_0006,data/FineGym_data/videos/val/0/C5Yfd1IWjmM_E_004141_004148_A_0000_0006.mp4,0,16,100,1,1,False,True,0.9579595923423767,0.014131537056528032,0.0009622629052804162,1.5216656000120565,198,16,16,16,False,
finegym,val,cWztehyIFkg_E_003442_003450_A_0000_0007,data/FineGym_data/videos/val/0/cWztehyIFkg_E_003442_003450_A_0000_0007.mp4,0,16,100,1,1,False,True,0.8051857352256775,0.012594504980370402,0.0009622629052804162,1.5068950209533796,191,16,16,16,False,
finegym,val,gYyLkUbGuUU_E_001187_001204_A_0000_0017,data/FineGym_data/videos/val/0/gYyLkUbGuUU_E_001187_001204_A_0000_0017.mp4,0,16,100,1,2,False,True,0.4649548828601837,0.02536931005306542,0.0009622629052804162,1.4936578969936818,433,16,16,16,False,
finegym,val,eH-ZgOT8ASM_E_001808_001815_A_0000_0006,data/FineGym_data/videos/val/0/eH-ZgOT8ASM_E_001808_001815_A_0000_0006.mp4,0,16,100,1,1,False,True,0.9359009265899658,0.01716673793271184,0.0009622629052804162,1.4674671710235998,168,16,16,16,False,
finegym,val,gYyLkUbGuUU_E_000878_000886_A_0001_0008,data/FineGym_data/videos/val/0/gYyLkUbGuUU_E_000878_000886_A_0001_0008.mp4,0,16,100,1,4,False,True,0.5629140734672546,0.029426253051497042,0.0009622629052804162,1.4481339779449627,165,16,16,16,False,
finegym,val,e3EsDlpNo0c_E_008355_008367_A_0000_0011,data/FineGym_data/videos/val/0/e3EsDlpNo0c_E_008355_008367_A_0000_0011.mp4,0,16,100,1,1,False,True,0.9380951523780823,0.015320022939704359,0.0009622629052804162,1.4175239480100572,338,16,16,16,False,
finegym,val,fH-VYYl9elA_E_002327_002334_A_0000_0006,data/FineGym_data/videos/val/0/fH-VYYl9elA_E_002327_002334_A_0000_0006.mp4,0,16,100,1,1,False,True,0.9931655526161194,0.017090433975681663,0.0009622629052804162,1.4011241639964283,204,16,16,16,False,
finegym,val,FNEeMvHmuEw_E_002104_002111_A_0000_0007,data/FineGym_data/videos/val/0/FNEeMvHmuEw_E_002104_002111_A_0000_0007.mp4,0,16,100,1,1,False,True,0.9609073996543884,0.01576005097012967,0.0009622629052804162,1.3831525619607419,219,16,16,16,False,
finegym,val,eH-ZgOT8ASM_E_001190_001198_A_0001_0008,data/FineGym_data/videos/val/0/eH-ZgOT8ASM_E_001190_001198_A_0001_0008.mp4,0,16,100,1,1,False,True,0.99017333984375,0.011809758958406746,0.0009622629052804162,1.3668839749880135,176,16,16,16,False,
finegym,val,gYyLkUbGuUU_E_002579_002587_A_0001_0007,data/FineGym_data/videos/val/0/gYyLkUbGuUU_E_002579_002587_A_0001_0007.mp4,0,16,100,1,1,False,True,0.993565022945404,0.009210879914462566,0.0009622629052804162,1.3546044219983742,161,16,16,16,False,
finegym,val,cWztehyIFkg_E_001966_001975_A_0001_0008,data/FineGym_data/videos/val/0/cWztehyIFkg_E_001966_001975_A_0001_0008.mp4,0,16,100,1,1,False,True,0.8631151914596558,0.010468775988556445,0.0009622629052804162,1.344936742912978,190,16,16,16,False,
finegym,val,e3EsDlpNo0c_E_008340_008347_A_0000_0006,data/FineGym_data/videos/val/0/e3EsDlpNo0c_E_008340_008347_A_0000_0006.mp4,0,16,100,1,1,False,True,0.9486943483352661,0.011227762908674777,0.0009622629052804162,1.333993213949725,184,16,16,16,False,
finegym,val,eH-ZgOT8ASM_E_001513_001520_A_0000_0006,data/FineGym_data/videos/val/0/eH-ZgOT8ASM_E_001513_001520_A_0000_0006.mp4,0,16,100,1,1,False,True,0.977489173412323,0.011616875999607146,0.0009622629052804162,1.3222974090604112,160,16,16,16,False,
finegym,val,fH-VYYl9elA_E_001531_001537_A_0000_0006,data/FineGym_data/videos/val/0/fH-VYYl9elA_E_001531_001537_A_0000_0006.mp4,0,16,100,1,1,False,True,0.9741268754005432,0.010451133013702929,0.0009622629052804162,1.310136378975585,186,16,16,16,False,
finegym,val,GbUQwE9N3aM_E_004084_004090_A_0000_0005,data/FineGym_data/videos/val/0/GbUQwE9N3aM_E_004084_004090_A_0000_0005.mp4,0,16,100,1,1,False,True,0.946552038192749,0.011320909019559622,0.0009622629052804162,1.299230061005801,170,16,16,16,False,
finegym,val,cWztehyIFkg_E_003463_003477_A_0000_0014,data/FineGym_data/videos/val/0/cWztehyIFkg_E_003463_003477_A_0000_0014.mp4,0,16,100,1,1,False,True,0.8916610479354858,0.017664914950728416,0.0009622629052804162,1.2874032190302387,358,16,16,16,False,
finegym,val,e3EsDlpNo0c_E_003772_003778_A_0000_0006,data/FineGym_data/videos/val/1/e3EsDlpNo0c_E_003772_003778_A_0000_0006.mp4,1,16,100,1,2,False,True,0.9288721084594727,0.00916240899823606,0.0009622629052804162,1.2692495849914849,192,16,16,16,False,
finegym,val,FEWTGYiWEaQ_E_001576_001583_A_0000_0007,data/FineGym_data/videos/val/1/FEWTGYiWEaQ_E_001576_001583_A_0000_0007.mp4,1,16,100,1,2,False,True,0.946221649646759,0.012025505071505904,0.0009622629052804162,1.2595864350441843,177,16,16,16,False,
finegym,val,fDa0HpoXES4_E_001803_001810_A_0000_0007,data/FineGym_data/videos/val/1/fDa0HpoXES4_E_001803_001810_A_0000_0007.mp4,1,16,100,1,1,True,True,0.8920978307723999,0.014181521022692323,0.0009622629052804162,1.2471178870182484,225,16,16,16,False,
finegym,val,E3AHJ6-QS8M_E_002998_003006_A_0000_0007,data/FineGym_data/videos/val/1/E3AHJ6-QS8M_E_002998_003006_A_0000_0007.mp4,1,16,100,1,1,True,True,0.9064400792121887,0.012052335077896714,0.0009622629052804162,1.2318970100022852,196,16,16,16,False,
finegym,val,fDa0HpoXES4_E_002246_002253_A_0000_0006,data/FineGym_data/videos/val/1/fDa0HpoXES4_E_002246_002253_A_0000_0006.mp4,1,16,100,1,1,True,True,0.8578474521636963,0.014420259976759553,0.0009622629052804162,1.218977632932365,207,16,16,16,False,
finegym,val,f-1FbFegbuQ_E_001213_001221_A_0000_0008,data/FineGym_data/videos/val/1/f-1FbFegbuQ_E_001213_001221_A_0000_0008.mp4,1,16,100,1,1,True,True,0.44182872772216797,0.014980935025960207,0.0009622629052804162,1.203632834018208,227,16,16,16,False,
finegym,val,e3EsDlpNo0c_E_004118_004130_A_0000_0011,data/FineGym_data/videos/val/1/e3EsDlpNo0c_E_004118_004130_A_0000_0011.mp4,1,16,100,1,1,True,True,0.9416826367378235,0.01526312599889934,0.0009622629052804162,1.1877938939724118,353,16,16,16,False,
finegym,val,FEWTGYiWEaQ_E_005726_005732_A_0000_0006,data/FineGym_data/videos/val/1/FEWTGYiWEaQ_E_005726_005732_A_0000_0006.mp4,1,16,100,1,1,True,True,0.5319778919219971,0.00962717307265848,0.0009622629052804162,1.1716974809532985,153,16,16,16,False,
finegym,val,C5Yfd1IWjmM_E_001265_001272_A_0000_0007,data/FineGym_data/videos/val/1/C5Yfd1IWjmM_E_001265_001272_A_0000_0007.mp4,1,16,100,1,1,True,True,0.545418918132782,0.008941281936131418,0.0009622629052804162,1.161260605091229,214,16,16,16,False,
finegym,val,0LtLS9wROrk_E_005647_005654_A_0000_0007,data/FineGym_data/videos/val/1/0LtLS9wROrk_E_005647_005654_A_0000_0007.mp4,1,16,100,1,2,False,True,0.99947589635849,0.012100124964490533,0.0009622629052804162,1.151486134971492,208,16,16,16,False,
finegym,val,EKb2MMJSoeI_E_000197_000204_A_0000_0007,data/FineGym_data/videos/val/1/EKb2MMJSoeI_E_000197_000204_A_0000_0007.mp4,1,16,100,1,1,True,True,0.916378915309906,0.010056090075522661,0.0009622629052804162,1.1385941898915917,212,16,16,16,False,
finegym,val,eH-ZgOT8ASM_E_001592_001599_A_0000_0006,data/FineGym_data/videos/val/1/eH-ZgOT8ASM_E_001592_001599_A_0000_0006.mp4,1,16,100,1,1,True,True,0.8308865427970886,0.011635772068984807,0.0009622629052804162,1.1277072870871052,153,16,16,16,False,
finegym,val,aEZbP-Yephw_E_005101_005108_A_0000_0007,data/FineGym_data/videos/val/1/aEZbP-Yephw_E_005101_005108_A_0000_0007.mp4,1,16,100,1,1,True,True,0.928985595703125,0.009411546983756125,0.0009622629052804162,1.1153611899353564,171,16,16,16,False,
finegym,val,E3AHJ6-QS8M_E_006426_006433_A_0000_0006,data/FineGym_data/videos/val/1/E3AHJ6-QS8M_E_006426_006433_A_0000_0006.mp4,1,16,100,1,1,True,True,0.92010897397995,0.013083144091069698,0.0009622629052804162,1.1051323959836736,161,16,16,16,False,
finegym,val,aEZbP-Yephw_E_000347_000355_A_0000_0007,data/FineGym_data/videos/val/1/aEZbP-Yephw_E_000347_000355_A_0000_0007.mp4,1,16,100,1,1,True,True,0.9637606143951416,0.012410269002430141,0.0009622629052804162,1.0913028760114685,175,16,16,16,False,
finegym,val,BLzs5opw8uM_E_004209_004217_A_0000_0006,data/FineGym_data/videos/val/1/BLzs5opw8uM_E_004209_004217_A_0000_0006.mp4,1,16,100,1,1,True,True,0.9397762417793274,0.013118101051077247,0.0009622629052804162,1.0784062519669533,203,16,16,16,False,
finegym,val,E3AHJ6-QS8M_E_005404_005410_A_0000_0005,data/FineGym_data/videos/val/1/E3AHJ6-QS8M_E_005404_005410_A_0000_0005.mp4,1,16,100,1,1,True,True,0.9769302606582642,0.009636590024456382,0.0009622629052804162,1.0648302810732275,143,16,16,16,False,
finegym,val,DG7upbhB1bI_E_002301_002309_A_0000_0007,data/FineGym_data/videos/val/1/DG7upbhB1bI_E_002301_002309_A_0000_0007.mp4,1,16,100,1,2,False,True,0.7921547293663025,0.009491967968642712,0.0009622629052804162,1.0546953430166468,203,16,16,16,False,
finegym,val,f6k7PBGgeb4_E_001804_001812_A_0000_0007,data/FineGym_data/videos/val/1/f6k7PBGgeb4_E_001804_001812_A_0000_0007.mp4,1,16,100,1,1,True,True,0.6608801484107971,0.01162188604939729,0.0009622629052804162,1.0446727459784597,186,16,16,16,False,
finegym,val,e3EsDlpNo0c_E_008837_008845_A_0000_0008,data/FineGym_data/videos/val/1/e3EsDlpNo0c_E_008837_008845_A_0000_0008.mp4,1,16,100,1,1,True,True,0.7922073602676392,0.010874829953536391,0.0009622629052804162,1.0325095430016518,250,16,16,16,False,
finegym,val,0LtLS9wROrk_E_002681_002688_A_0000_0006,data/FineGym_data/videos/val/2/0LtLS9wROrk_E_002681_002688_A_0000_0006.mp4,2,16,100,1,2,True,True,0.9853957295417786,0.011164504918269813,0.0009622629052804162,1.0211364259012043,195,16,16,16,False,
finegym,val,0LtLS9wROrk_E_004387_004394_A_0000_0006,data/FineGym_data/videos/val/2/0LtLS9wROrk_E_004387_004394_A_0000_0006.mp4,2,16,100,1,2,True,True,0.9994506239891052,0.010680634994059801,0.0009622629052804162,1.009426795062609,200,16,16,16,False,
finegym,val,cSh74jSRht8_E_001829_001843_A_0000_0014,data/FineGym_data/videos/val/2/cSh74jSRht8_E_001829_001843_A_0000_0014.mp4,2,16,100,1,1,False,True,0.6954163312911987,0.023642631014809012,0.0009622629052804162,0.9980469450820237,353,16,16,16,False,
finegym,val,E3AHJ6-QS8M_E_005347_005354_A_0000_0006,data/FineGym_data/videos/val/2/E3AHJ6-QS8M_E_005347_005354_A_0000_0006.mp4,2,16,100,1,5,False,True,0.5893495082855225,0.010078852996230125,0.0009622629052804162,0.9735704350750893,160,16,16,16,False,
finegym,val,0LtLS9wROrk_E_007757_007764_A_0000_0007,data/FineGym_data/videos/val/2/0LtLS9wROrk_E_007757_007764_A_0000_0007.mp4,2,16,100,1,2,True,True,0.993608832359314,0.011142243049107492,0.0009622629052804162,0.9626395190134645,211,16,16,16,False,
finegym,val,esQQbBhuXbM_E_003066_003074_A_0000_0008,data/FineGym_data/videos/val/2/esQQbBhuXbM_E_003066_003074_A_0000_0008.mp4,2,16,100,1,1,False,False,0.8090319633483887,0.012747162021696568,0.0009622629052804162,0.9506770420121029,196,16,16,16,False,
finegym,val,FEWTGYiWEaQ_E_000967_000975_A_0001_0007,data/FineGym_data/videos/val/2/FEWTGYiWEaQ_E_000967_000975_A_0001_0007.mp4,2,16,100,1,1,False,True,0.6600035429000854,0.010289820027537644,0.0009622629052804162,0.9371752399019897,157,16,16,16,False,
finegym,val,cWztehyIFkg_E_002845_002860_A_0001_0013,data/FineGym_data/videos/val/2/cWztehyIFkg_E_002845_002860_A_0001_0013.mp4,2,16,100,1,1,False,True,0.5239549279212952,0.01658743794541806,0.0009622629052804162,0.9260711190290749,321,16,16,16,False,
finegym,val,0LtLS9wROrk_E_007453_007460_A_0000_0006,data/FineGym_data/videos/val/2/0LtLS9wROrk_E_007453_007460_A_0000_0006.mp4,2,16,100,1,2,True,True,0.9941490888595581,0.010758531047031283,0.0009622629052804162,0.9087873620446771,194,16,16,16,False,
finegym,val,GF8D7Dx2mhs_E_005409_005417_A_0001_0007,data/FineGym_data/videos/val/2/GF8D7Dx2mhs_E_005409_005417_A_0001_0007.mp4,2,16,100,1,1,False,True,0.9859107732772827,0.01013564900495112,0.0009622629052804162,0.897535532945767,165,16,16,16,False,
finegym,val,EKb2MMJSoeI_E_002356_002365_A_0000_0007,data/FineGym_data/videos/val/2/EKb2MMJSoeI_E_002356_002365_A_0000_0007.mp4,2,16,100,1,1,False,True,0.862947940826416,0.010534879984334111,0.0009622629052804162,0.8869086200138554,214,16,16,16,False,
finegym,val,f6k7PBGgeb4_E_001907_001914_A_0000_0006,data/FineGym_data/videos/val/2/f6k7PBGgeb4_E_001907_001914_A_0000_0006.mp4,2,16,100,1,1,False,False,0.9406018257141113,0.00898961303755641,0.0009622629052804162,0.8758646210189909,165,16,16,16,False,
finegym,val,AZ4wWG6Rcak_E_006820_006829_A_0000_0008,data/FineGym_data/videos/val/2/AZ4wWG6Rcak_E_006820_006829_A_0000_0008.mp4,2,16,100,1,1,False,True,0.3674057424068451,0.008007455035112798,0.0009622629052804162,0.8662805799394846,185,16,16,16,False,
finegym,val,0LtLS9wROrk_E_003559_003567_A_0000_0007,data/FineGym_data/videos/val/2/0LtLS9wROrk_E_003559_003567_A_0000_0007.mp4,2,16,100,1,2,True,True,0.9187746047973633,0.009921225951984525,0.0009622629052804162,0.8578271649312228,200,16,16,16,False,
finegym,val,esQQbBhuXbM_E_001364_001371_A_0000_0007,data/FineGym_data/videos/val/2/esQQbBhuXbM_E_001364_001371_A_0000_0007.mp4,2,16,100,1,1,False,True,0.9470452666282654,0.011531354975886643,0.0009622629052804162,0.8474282610695809,186,16,16,16,False,
finegym,val,DG7upbhB1bI_E_000643_000650_A_0000_0006,data/FineGym_data/videos/val/2/DG7upbhB1bI_E_000643_000650_A_0000_0006.mp4,2,16,100,1,1,False,True,0.49640634655952454,0.00825178506784141,0.0009622629052804162,0.8354529000353068,182,16,16,16,False,
finegym,val,0LtLS9wROrk_E_006226_006232_A_0000_0006,data/FineGym_data/videos/val/2/0LtLS9wROrk_E_006226_006232_A_0000_0006.mp4,2,16,100,1,2,True,True,0.9910225868225098,0.011653193971142173,0.0009622629052804162,0.8267584920395166,196,16,16,16,False,
finegym,val,0LtLS9wROrk_E_004699_004705_A_0000_0006,data/FineGym_data/videos/val/2/0LtLS9wROrk_E_004699_004705_A_0000_0006.mp4,2,16,100,1,2,True,True,0.9994148015975952,0.00986540096346289,0.0009622629052804162,0.8146328100701794,200,16,16,16,False,
finegym,val,GF8D7Dx2mhs_E_005410_005417_A_0000_0007,data/FineGym_data/videos/val/2/GF8D7Dx2mhs_E_005410_005417_A_0000_0007.mp4,2,16,100,1,1,False,True,0.9925405383110046,0.009900246979668736,0.0009622629052804162,0.8043228120077401,166,16,16,16,False,
finegym,val,0LtLS9wROrk_E_004092_004100_A_0000_0007,data/FineGym_data/videos/val/2/0LtLS9wROrk_E_004092_004100_A_0000_0007.mp4,2,16,100,1,2,True,True,0.7179664373397827,0.01196490100119263,0.0009622629052804162,0.7940014939522371,224,16,16,16,False,
finegym,val,eH-ZgOT8ASM_E_001272_001279_A_0000_0007,data/FineGym_data/videos/val/3/eH-ZgOT8ASM_E_001272_001279_A_0000_0007.mp4,3,16,100,1,1,False,True,0.9976962208747864,0.012395140016451478,0.0009622629052804162,0.7815841209376231,175,16,16,16,False,
finegym,val,Gng3ezTNGog_E_000944_000954_A_0000_0010,data/FineGym_data/videos/val/3/Gng3ezTNGog_E_000944_000954_A_0000_0010.mp4,3,16,100,1,1,False,True,0.9705191850662231,0.015552008990198374,0.0009622629052804162,0.768741891020909,250,16,16,16,False,
finegym,val,C5Yfd1IWjmM_E_003643_003650_A_0000_0007,data/FineGym_data/videos/val/3/C5Yfd1IWjmM_E_003643_003650_A_0000_0007.mp4,3,16,100,1,1,False,True,0.6396576762199402,0.010056310100480914,0.0009622629052804162,0.7526322610210627,221,16,16,16,False,
finegym,val,GF8D7Dx2mhs_E_007280_007288_A_0000_0007,data/FineGym_data/videos/val/3/GF8D7Dx2mhs_E_007280_007288_A_0000_0007.mp4,3,16,100,1,1,False,True,0.8790813088417053,0.010941014043055475,0.0009622629052804162,0.742113851942122,192,16,16,16,False,
finegym,val,EKb2MMJSoeI_E_002164_002172_A_0000_0008,data/FineGym_data/videos/val/3/EKb2MMJSoeI_E_002164_002172_A_0000_0008.mp4,3,16,100,1,1,False,True,0.9384909272193909,0.011606346000917256,0.0009622629052804162,0.7307021119631827,236,16,16,16,False,
finegym,val,E3AHJ6-QS8M_E_002888_002896_A_0000_0007,data/FineGym_data/videos/val/3/E3AHJ6-QS8M_E_002888_002896_A_0000_0007.mp4,3,16,100,1,1,False,True,0.966429591178894,0.013743246905505657,0.0009622629052804162,0.7183415170293301,186,16,16,16,False,
finegym,val,E3AHJ6-QS8M_E_002128_002135_A_0000_0006,data/FineGym_data/videos/val/3/E3AHJ6-QS8M_E_002128_002135_A_0000_0006.mp4,3,16,100,1,1,False,True,0.689508318901062,0.009714115993119776,0.0009622629052804162,0.7041590140433982,151,16,16,16,False,
finegym,val,esQQbBhuXbM_E_005107_005113_A_0000_0006,data/FineGym_data/videos/val/3/esQQbBhuXbM_E_005107_005113_A_0000_0006.mp4,3,16,100,1,1,False,False,0.8527432680130005,0.009452885016798973,0.0009622629052804162,0.6939636230235919,152,16,16,16,False,
finegym,val,E3AHJ6-QS8M_E_003806_003813_A_0000_0007,data/FineGym_data/videos/val/3/E3AHJ6-QS8M_E_003806_003813_A_0000_0007.mp4,3,16,100,1,1,False,True,0.9659880995750427,0.011148224002681673,0.0009622629052804162,0.6839859400643036,174,16,16,16,False,
finegym,val,GF8D7Dx2mhs_E_001562_001570_A_0000_0006,data/FineGym_data/videos/val/3/GF8D7Dx2mhs_E_001562_001570_A_0000_0006.mp4,3,16,100,1,1,False,True,0.9932470321655273,0.009981077979318798,0.0009622629052804162,0.6723876799223945,171,16,16,16,False,
finegym,val,cWztehyIFkg_E_002229_002238_A_0000_0009,data/FineGym_data/videos/val/3/cWztehyIFkg_E_002229_002238_A_0000_0009.mp4,3,16,100,1,1,False,True,0.9544220566749573,0.01187821791972965,0.0009622629052804162,0.6619573059724644,227,16,16,16,False,
finegym,val,E3AHJ6-QS8M_E_003091_003098_A_0000_0006,data/FineGym_data/videos/val/3/E3AHJ6-QS8M_E_003091_003098_A_0000_0006.mp4,3,16,100,1,1,False,True,0.971251368522644,0.010139305959455669,0.0009622629052804162,0.6494994079694152,163,16,16,16,False,
finegym,val,EKb2MMJSoeI_E_002249_002257_A_0000_0008,data/FineGym_data/videos/val/3/EKb2MMJSoeI_E_002249_002257_A_0000_0008.mp4,3,16,100,1,1,False,True,0.9535222053527832,0.01074940396938473,0.0009622629052804162,0.6389210449997336,233,16,16,16,False,
finegym,val,cWztehyIFkg_E_002042_002050_A_0000_0008,data/FineGym_data/videos/val/4/cWztehyIFkg_E_002042_002050_A_0000_0008.mp4,4,16,100,1,1,False,False,0.9018952250480652,0.009874638984911144,0.0009622629052804162,0.6277016869280487,197,16,16,16,False,
finegym,val,E3AHJ6-QS8M_E_001496_001506_A_0000_0009,data/FineGym_data/videos/val/4/E3AHJ6-QS8M_E_001496_001506_A_0000_0009.mp4,4,16,100,1,1,False,True,0.9536592364311218,0.016927296994253993,0.0009622629052804162,0.6173575660213828,239,16,16,16,False,
finegym,val,A0xAXXysHUo_E_000289_000297_A_0000_0008,data/FineGym_data/videos/val/4/A0xAXXysHUo_E_000289_000297_A_0000_0008.mp4,4,16,100,1,4,True,True,0.7955683469772339,0.015009067952632904,0.0009622629052804162,0.5999700829852372,246,16,16,16,False,
finegym,val,E3AHJ6-QS8M_E_000698_000704_A_0000_0005,data/FineGym_data/videos/val/4/E3AHJ6-QS8M_E_000698_000704_A_0000_0005.mp4,4,16,100,1,1,False,True,0.9750918745994568,0.011065950035117567,0.0009622629052804162,0.5844440819928423,144,16,16,16,False,
finegym,val,e3EsDlpNo0c_E_003061_003068_A_0000_0007,data/FineGym_data/videos/val/4/e3EsDlpNo0c_E_003061_003068_A_0000_0007.mp4,4,16,100,1,4,True,True,0.695759117603302,0.01295126706827432,0.0009622629052804162,0.5729423029115424,217,16,16,16,False,
finegym,val,aEZbP-Yephw_E_000071_000079_A_0000_0008,data/FineGym_data/videos/val/4/aEZbP-Yephw_E_000071_000079_A_0000_0008.mp4,4,16,100,1,1,False,True,0.9650197625160217,0.01177799899596721,0.0009622629052804162,0.5595470619155094,182,16,16,16,False,
finegym,val,A0xAXXysHUo_E_000477_000486_A_0000_0008,data/FineGym_data/videos/val/4/A0xAXXysHUo_E_000477_000486_A_0000_0008.mp4,4,16,100,1,1,False,True,0.5049300193786621,0.014630255987867713,0.0009622629052804162,0.5468741479562595,266,16,16,16,False,
finegym,val,aEZbP-Yephw_E_000161_000171_A_0001_0010,data/FineGym_data/videos/val/4/aEZbP-Yephw_E_000161_000171_A_0001_0010.mp4,4,16,100,1,1,False,True,0.9764942526817322,0.013336761971004307,0.0009622629052804162,0.5312900090357289,206,16,16,16,False,
finegym,val,A0xAXXysHUo_E_004838_004847_A_0000_0008,data/FineGym_data/videos/val/4/A0xAXXysHUo_E_004838_004847_A_0000_0008.mp4,4,16,100,1,4,True,True,0.572912871837616,0.014089598087593913,0.0009622629052804162,0.5171187270898372,244,16,16,16,False,
finegym,val,A0xAXXysHUo_E_000867_000875_A_0000_0007,data/FineGym_data/videos/val/4/A0xAXXysHUo_E_000867_000875_A_0000_0007.mp4,4,16,100,1,1,False,True,0.8755250573158264,0.012088975054211915,0.0009622629052804162,0.5021699020871893,200,16,16,16,False,
finegym,val,E3AHJ6-QS8M_E_001967_001974_A_0000_0006,data/FineGym_data/videos/val/4/E3AHJ6-QS8M_E_001967_001974_A_0000_0006.mp4,4,16,100,1,1,False,True,0.9208182096481323,0.00970897707156837,0.0009622629052804162,0.4892415290232748,163,16,16,16,False,
finegym,val,e3EsDlpNo0c_E_008260_008267_A_0000_0006,data/FineGym_data/videos/val/4/e3EsDlpNo0c_E_008260_008267_A_0000_0006.mp4,4,16,100,1,1,False,True,0.9936916828155518,0.011431917897425592,0.0009622629052804162,0.47873007296584547,196,16,16,16,False,
finegym,val,A0xAXXysHUo_E_001043_001050_A_0000_0007,data/FineGym_data/videos/val/4/A0xAXXysHUo_E_001043_001050_A_0000_0007.mp4,4,16,100,1,1,False,True,0.599522590637207,0.013196588028222322,0.0009622629052804162,0.4664711480727419,202,16,16,16,False,
finegym,val,A0xAXXysHUo_E_004597_004606_A_0000_0008,data/FineGym_data/videos/val/4/A0xAXXysHUo_E_004597_004606_A_0000_0008.mp4,4,16,100,1,2,False,True,0.5363835692405701,0.01568768499419093,0.0009622629052804162,0.4525773680070415,234,16,16,16,False,
finegym,val,e3EsDlpNo0c_E_003078_003091_A_0000_0012,data/FineGym_data/videos/val/4/e3EsDlpNo0c_E_003078_003091_A_0000_0012.mp4,4,16,100,1,2,False,False,0.6114324331283569,0.01598738902248442,0.0009622629052804162,0.4360826450865716,373,16,16,16,False,
finegym,val,dqUNtY2GwW4_E_004835_004843_A_0001_0007,data/FineGym_data/videos/val/4/dqUNtY2GwW4_E_004835_004843_A_0001_0007.mp4,4,16,100,1,1,False,True,0.9904823303222656,0.009537413017824292,0.0009622629052804162,0.419216793961823,162,16,16,16,False,
finegym,val,esQQbBhuXbM_E_001062_001069_A_0000_0007,data/FineGym_data/videos/val/4/esQQbBhuXbM_E_001062_001069_A_0000_0007.mp4,4,16,100,1,1,False,True,0.6009209156036377,0.010241648997180164,0.0009622629052804162,0.4087718629743904,170,16,16,16,False,
finegym,val,f-1FbFegbuQ_E_000900_000908_A_0000_0007,data/FineGym_data/videos/val/4/f-1FbFegbuQ_E_000900_000908_A_0000_0007.mp4,4,16,100,1,1,False,True,0.9927283525466919,0.015211067977361381,0.0009622629052804162,0.3977042300393805,216,16,16,16,False,
finegym,val,E3AHJ6-QS8M_E_000529_000535_A_0000_0006,data/FineGym_data/videos/val/4/E3AHJ6-QS8M_E_000529_000535_A_0000_0006.mp4,4,16,100,1,1,False,True,0.8698785901069641,0.01178871898446232,0.0009622629052804162,0.3816545349545777,161,16,16,16,False,
finegym,val,E3AHJ6-QS8M_E_001940_001947_A_0000_0007,data/FineGym_data/videos/val/4/E3AHJ6-QS8M_E_001940_001947_A_0000_0007.mp4,4,16,100,1,1,False,True,0.9426469802856445,0.009809797047637403,0.0009622629052804162,0.3690731041133404,158,16,16,16,False,
finegym,val,CkNz9ZIQmZI_E_007814_007922_A_0086_0087,data/FineGym_data/videos/val/6/CkNz9ZIQmZI_E_007814_007922_A_0086_0087.mp4,6,16,100,1,6,True,True,0.6362664103507996,0.003071267972700298,0.0009622629052804162,0.35845101007726043,20,16,16,16,False,
finegym,val,0LtLS9wROrk_E_002558_002653_A_0061_0062,data/FineGym_data/videos/val/6/0LtLS9wROrk_E_002558_002653_A_0061_0062.mp4,6,16,100,1,6,True,True,0.6230067014694214,0.004325717920437455,0.0009622629052804162,0.35466932505369186,27,16,16,16,False,
finegym,val,aN3PC4tJokk_E_003860_003960_A_0062_0063,data/FineGym_data/videos/val/6/aN3PC4tJokk_E_003860_003960_A_0062_0063.mp4,6,16,100,1,6,True,True,0.6721156239509583,0.003381240996532142,0.0009622629052804162,0.3495561450254172,27,16,16,16,False,
finegym,val,A0xAXXysHUo_E_003435_003534_A_0079_0079,data/FineGym_data/videos/val/6/A0xAXXysHUo_E_003435_003534_A_0079_0079.mp4,6,16,100,1,6,True,True,0.8561120629310608,0.00381427607499063,0.0009622629052804162,0.3454264150932431,26,16,16,16,False,
finegym,val,aN9hSsP6xTg_E_002637_002732_A_0032_0033,data/FineGym_data/videos/val/6/aN9hSsP6xTg_E_002637_002732_A_0032_0033.mp4,6,16,100,1,6,True,True,0.5017155408859253,0.0036524409661069512,0.0009622629052804162,0.34087322908453643,20,16,16,16,False,
finegym,val,CUuRl0Bwbbc_E_004235_004331_A_0031_0032,data/FineGym_data/videos/val/6/CUuRl0Bwbbc_E_004235_004331_A_0031_0032.mp4,6,16,100,1,8,False,True,0.47043564915657043,0.004419114091433585,0.0009622629052804162,0.336564522003755,26,16,16,16,False,
finegym,val,BLzs5opw8uM_E_000201_000302_A_0044_0045,data/FineGym_data/videos/val/6/BLzs5opw8uM_E_000201_000302_A_0044_0045.mp4,6,16,100,1,8,False,True,0.8726843595504761,0.005794722004793584,0.0010171772604129121,0.6366807409795001,27,16,16,16,False,
finegym,val,E3AHJ6-QS8M_E_001717_001809_A_0060_0061,data/FineGym_data/videos/val/6/E3AHJ6-QS8M_E_001717_001809_A_0060_0061.mp4,6,16,100,1,6,True,True,0.8916528224945068,0.003860713914036751,0.0010171772604129121,0.630151716992259,22,16,16,16,False,
finegym,val,aEZbP-Yephw_E_000849_000949_A_0057_0058,data/FineGym_data/videos/val/6/aEZbP-Yephw_E_000849_000949_A_0057_0058.mp4,6,16,100,1,10,False,True,0.8258580565452576,0.0033349149161949754,0.0010171772604129121,0.6255693349521607,22,16,16,16,False,
finegym,val,BLzs5opw8uM_E_003725_003827_A_0050_0050,data/FineGym_data/videos/val/6/BLzs5opw8uM_E_003725_003827_A_0050_0050.mp4,6,16,100,1,10,False,True,0.710534930229187,0.0035860269563272595,0.0010171772604129121,0.6215205179760233,24,16,16,16,False,
finegym,val,DyZ2qj6x1UE_E_003507_003612_A_0065_0066,data/FineGym_data/videos/val/6/DyZ2qj6x1UE_E_003507_003612_A_0065_0066.mp4,6,16,100,1,6,True,True,0.5486429333686829,0.003669513971544802,0.0010171772604129121,0.6172142459545285,21,16,16,16,False,
finegym,val,AZ4wWG6Rcak_E_005867_005973_A_0023_0023,data/FineGym_data/videos/val/6/AZ4wWG6Rcak_E_005867_005973_A_0023_0023.mp4,6,16,100,1,8,False,True,0.3968365788459778,0.0031744720181450248,0.0010171772604129121,0.6128465889487416,22,16,16,16,False,
finegym,val,e3EsDlpNo0c_E_006853_006954_A_0081_0081,data/FineGym_data/videos/val/6/e3EsDlpNo0c_E_006853_006954_A_0081_0081.mp4,6,16,100,1,6,True,True,0.5303462147712708,0.0033550020307302475,0.0010171772604129121,0.6089700559386984,23,16,16,16,False,
finegym,val,A0xAXXysHUo_E_003897_003995_A_0060_0061,data/FineGym_data/videos/val/6/A0xAXXysHUo_E_003897_003995_A_0060_0061.mp4,6,16,100,1,6,True,True,0.8886287212371826,0.0038378710160031915,0.0010171772604129121,0.6049178020330146,27,16,16,16,False,
finegym,val,e3EsDlpNo0c_E_003966_004070_A_0082_0083,data/FineGym_data/videos/val/6/e3EsDlpNo0c_E_003966_004070_A_0082_0083.mp4,6,16,100,1,10,False,True,0.29969561100006104,0.0032109409803524613,0.0010171772604129121,0.6004953410010785,24,16,16,16,False,
finegym,val,DyZ2qj6x1UE_E_002690_002787_A_0065_0066,data/FineGym_data/videos/val/6/DyZ2qj6x1UE_E_002690_002787_A_0065_0066.mp4,6,16,100,1,15,False,False,0.3415682315826416,0.0032485220581293106,0.0010171772604129121,0.5966054230229929,21,16,16,16,False,
finegym,val,dqUNtY2GwW4_E_003377_003473_A_0042_0043,data/FineGym_data/videos/val/6/dqUNtY2GwW4_E_003377_003473_A_0042_0043.mp4,6,16,100,1,8,False,True,0.6623653173446655,0.0038644009036943316,0.0010171772604129121,0.5926702390424907,23,16,16,16,False,
finegym,val,E3AHJ6-QS8M_E_003321_003427_A_0083_0084,data/FineGym_data/videos/val/6/E3AHJ6-QS8M_E_003321_003427_A_0083_0084.mp4,6,16,100,1,13,False,True,0.9563558101654053,0.003403823939152062,0.0010171772604129121,0.5881191469961777,21,16,16,16,False,
finegym,val,dqUNtY2GwW4_E_003169_003267_A_0082_0083,data/FineGym_data/videos/val/6/dqUNtY2GwW4_E_003169_003267_A_0082_0083.mp4,6,16,100,1,8,False,True,0.962012529373169,0.0034160970244556665,0.0010171772604129121,0.5840120300417766,19,16,16,16,False,
finegym,val,aEZbP-Yephw_E_004976_005078_A_0085_0086,data/FineGym_data/videos/val/6/aEZbP-Yephw_E_004976_005078_A_0085_0086.mp4,6,16,100,1,6,True,True,0.8050417900085449,0.0035268650390207767,0.0010171772604129121,0.5798932700417936,22,16,16,16,False,
finegym,val,A0xAXXysHUo_E_003089_003189_A_0072_0074,data/FineGym_data/videos/val/7/A0xAXXysHUo_E_003089_003189_A_0072_0074.mp4,7,16,100,1,13,False,True,0.9488341808319092,0.004029681906104088,0.0010171772604129121,0.5756685819942504,34,16,16,16,False,
finegym,val,aEZbP-Yephw_E_004754_004849_A_0023_0024,data/FineGym_data/videos/val/7/aEZbP-Yephw_E_004754_004849_A_0023_0024.mp4,7,16,100,1,13,False,True,0.7119737267494202,0.003780453000217676,0.0010171772604129121,0.5709254579851404,23,16,16,16,False,
finegym,val,DTedv-hhHU4_E_000795_000904_A_0081_0082,data/FineGym_data/videos/val/7/DTedv-hhHU4_E_000795_000904_A_0081_0082.mp4,7,16,100,1,8,False,True,0.6539031267166138,0.0038596109952777624,0.0010171772604129121,0.5664453799836338,27,16,16,16,False,
finegym,val,A0xAXXysHUo_E_004694_004791_A_0073_0074,data/FineGym_data/videos/val/7/A0xAXXysHUo_E_004694_004791_A_0073_0074.mp4,7,16,100,1,6,False,True,0.6922149062156677,0.003807123051956296,0.0010171772604129121,0.5618806619895622,30,16,16,16,False,
finegym,val,aN9hSsP6xTg_E_000547_000651_A_0078_0079,data/FineGym_data/videos/val/7/aN9hSsP6xTg_E_000547_000651_A_0078_0079.mp4,7,16,100,1,7,True,True,0.9514625072479248,0.002977421972900629,0.0010171772604129121,0.5573370639467612,22,16,16,16,False,
finegym,val,C5Yfd1IWjmM_E_001396_001513_A_0077_0078,data/FineGym_data/videos/val/7/C5Yfd1IWjmM_E_001396_001513_A_0077_0078.mp4,7,16,100,1,8,False,True,0.6570405960083008,0.0037469089729711413,0.0010171772604129121,0.553657872020267,26,16,16,16,False,
finegym,val,esQQbBhuXbM_E_006962_007058_A_0043_0044,data/FineGym_data/videos/val/7/esQQbBhuXbM_E_006962_007058_A_0043_0044.mp4,7,16,100,1,6,False,True,0.5667513608932495,0.00271230295766145,0.0010171772604129121,0.5492063160054386,20,16,16,16,False,
finegym,val,E3AHJ6-QS8M_E_003321_003427_A_0050_0050,data/FineGym_data/videos/val/7/E3AHJ6-QS8M_E_003321_003427_A_0050_0050.mp4,7,16,100,1,6,False,True,0.7744964361190796,0.003458507009781897,0.0010171772604129121,0.5455957039957866,20,16,16,16,False,
finegym,val,AZ4wWG6Rcak_E_009215_009318_A_0054_0055,data/FineGym_data/videos/val/7/AZ4wWG6Rcak_E_009215_009318_A_0054_0055.mp4,7,16,100,1,8,False,True,0.7183154225349426,0.0032456960761919618,0.0010171772604129121,0.541426429990679,22,16,16,16,False,
finegym,val,BLzs5opw8uM_E_001914_002013_A_0047_0048,data/FineGym_data/videos/val/7/BLzs5opw8uM_E_001914_002013_A_0047_0048.mp4,7,16,100,1,8,False,True,0.9307171106338501,0.003771645948290825,0.0010171772604129121,0.5374620610382408,27,16,16,16,False,
finegym,val,e3EsDlpNo0c_E_007562_007662_A_0044_0045,data/FineGym_data/videos/val/7/e3EsDlpNo0c_E_007562_007662_A_0044_0045.mp4,7,16,100,1,6,False,True,0.615450918674469,0.004462625947780907,0.0010171772604129121,0.5328105500666425,28,16,16,16,False,
finegym,val,E3AHJ6-QS8M_E_005168_005260_A_0069_0070,data/FineGym_data/videos/val/7/E3AHJ6-QS8M_E_005168_005260_A_0069_0070.mp4,7,16,100,1,8,False,True,0.997870683670044,0.004149717045947909,0.0010171772604129121,0.5277360730106011,24,16,16,16,False,
finegym,val,esQQbBhuXbM_E_002103_002211_A_0084_0085,data/FineGym_data/videos/val/7/esQQbBhuXbM_E_002103_002211_A_0084_0085.mp4,7,16,100,1,8,False,True,0.5498783588409424,0.003098719986155629,0.0010171772604129121,0.5230435740668327,23,16,16,16,False,
finegym,val,e3EsDlpNo0c_E_004350_004455_A_0031_0032,data/FineGym_data/videos/val/7/e3EsDlpNo0c_E_004350_004455_A_0031_0032.mp4,7,16,100,1,7,True,True,0.7817849516868591,0.003387102042324841,0.0010171772604129121,0.5195523560978472,27,16,16,16,False,
finegym,val,AZ4wWG6Rcak_E_008171_008275_A_0093_0094,data/FineGym_data/videos/val/7/AZ4wWG6Rcak_E_008171_008275_A_0093_0094.mp4,7,16,100,1,6,False,True,0.9687061905860901,0.0027879850240424275,0.0010171772604129121,0.5157589080045,22,16,16,16,False,
finegym,val,DTedv-hhHU4_E_001024_001129_A_0076_0077,data/FineGym_data/videos/val/7/DTedv-hhHU4_E_001024_001129_A_0076_0077.mp4,7,16,100,1,15,False,False,0.7335333824157715,0.0033618450397625566,0.0010171772604129121,0.5125860789557919,27,16,16,16,False,
finegym,val,f-1FbFegbuQ_E_004879_004987_A_0081_0082,data/FineGym_data/videos/val/7/f-1FbFegbuQ_E_004879_004987_A_0081_0082.mp4,7,16,100,1,8,False,True,0.453083336353302,0.003965861047618091,0.0010171772604129121,0.5088329979917035,39,16,16,16,False,
finegym,val,CUuRl0Bwbbc_E_003495_003598_A_0061_0062,data/FineGym_data/videos/val/7/CUuRl0Bwbbc_E_003495_003598_A_0061_0062.mp4,7,16,100,1,7,True,True,0.5566348433494568,0.003352066967636347,0.0010171772604129121,0.5044854880543426,29,16,16,16,False,
finegym,val,E3AHJ6-QS8M_E_000552_000647_A_0043_0044,data/FineGym_data/videos/val/7/E3AHJ6-QS8M_E_000552_000647_A_0043_0044.mp4,7,16,100,1,8,False,True,0.744901180267334,0.003681306028738618,0.0010171772604129121,0.5007056170143187,23,16,16,16,False,
finegym,val,aN3PC4tJokk_E_004100_004199_A_0045_0046,data/FineGym_data/videos/val/7/aN3PC4tJokk_E_004100_004199_A_0045_0046.mp4,7,16,100,1,7,True,True,0.6272549629211426,0.004308185889385641,0.0010171772604129121,0.49660571303684264,35,16,16,16,False,
finegym,val,0LtLS9wROrk_E_007629_007726_A_0043_0044,data/FineGym_data/videos/val/8/0LtLS9wROrk_E_007629_007726_A_0043_0044.mp4,8,16,100,1,8,True,True,0.9963440299034119,0.003682727925479412,0.0010171772604129121,0.4918921160278842,27,16,16,16,False,
finegym,val,cSh74jSRht8_E_004401_004506_A_0056_0057,data/FineGym_data/videos/val/8/cSh74jSRht8_E_004401_004506_A_0056_0057.mp4,8,16,100,1,6,False,True,0.5336310267448425,0.002854991005733609,0.0010171772604129121,0.48782080598175526,19,16,16,16,False,
finegym,val,AZ4wWG6Rcak_E_009215_009318_A_0071_0072,data/FineGym_data/videos/val/8/AZ4wWG6Rcak_E_009215_009318_A_0071_0072.mp4,8,16,100,1,8,True,True,0.9942362904548645,0.0028200349770486355,0.0010171772604129121,0.48454204690642655,22,16,16,16,False,
finegym,val,0LtLS9wROrk_E_004572_004670_A_0038_0039,data/FineGym_data/videos/val/8/0LtLS9wROrk_E_004572_004670_A_0038_0039.mp4,8,16,100,1,8,True,True,0.9997133612632751,0.0039867410669103265,0.0010171772604129121,0.4813118299935013,25,16,16,16,False,
finegym,val,CUuRl0Bwbbc_E_004235_004331_A_0044_0045,data/FineGym_data/videos/val/8/CUuRl0Bwbbc_E_004235_004331_A_0044_0045.mp4,8,16,100,1,8,True,True,0.42412126064300537,0.003431485965847969,0.0010171772604129121,0.4769084950676188,28,16,16,16,False,
finegym,val,e3EsDlpNo0c_E_006401_006501_A_0081_0082,data/FineGym_data/videos/val/8/e3EsDlpNo0c_E_006401_006501_A_0081_0082.mp4,8,16,100,1,8,True,True,0.5203166007995605,0.0031786910258233547,0.0010171772604129121,0.47309144400060177,26,16,16,16,False,
finegym,val,AZ4wWG6Rcak_E_002331_002434_A_0077_0078,data/FineGym_data/videos/val/8/AZ4wWG6Rcak_E_002331_002434_A_0077_0078.mp4,8,16,100,1,8,True,True,0.9124552607536316,0.0036530429497361183,0.0010171772604129121,0.46951079799328,21,16,16,16,False,
finegym,val,DG7upbhB1bI_E_001882_001986_A_0040_0041,data/FineGym_data/videos/val/8/DG7upbhB1bI_E_001882_001986_A_0040_0041.mp4,8,16,100,1,8,True,True,0.9958701729774475,0.003099651075899601,0.0010171772604129121,0.4654544460354373,29,16,16,16,False,
finegym,val,AZ4wWG6Rcak_E_002768_002869_A_0053_0054,data/FineGym_data/videos/val/8/AZ4wWG6Rcak_E_002768_002869_A_0053_0054.mp4,8,16,100,1,9,False,True,0.7663062810897827,0.0035821390338242054,0.0010171772604129121,0.46195132506545633,32,16,16,16,False,
finegym,val,aN3PC4tJokk_E_004100_004199_A_0082_0083,data/FineGym_data/videos/val/8/aN3PC4tJokk_E_004100_004199_A_0082_0083.mp4,8,16,100,1,8,True,True,0.9884169697761536,0.003479496925137937,0.0010171772604129121,0.4579750240081921,25,16,16,16,False,
finegym,val,dqUNtY2GwW4_E_003377_003473_A_0072_0073,data/FineGym_data/videos/val/8/dqUNtY2GwW4_E_003377_003473_A_0072_0073.mp4,8,16,100,1,8,True,True,0.9852511882781982,0.004635671037249267,0.0010171772604129121,0.45408957393374294,21,16,16,16,False,
finegym,val,CkNz9ZIQmZI_E_007578_007683_A_0062_0063,data/FineGym_data/videos/val/8/CkNz9ZIQmZI_E_007578_007683_A_0062_0063.mp4,8,16,100,1,8,True,True,0.9805450439453125,0.0039108480559661984,0.0010171772604129121,0.4485564730130136,20,16,16,16,False,
finegym,val,A0xAXXysHUo_E_004400_004497_A_0067_0068,data/FineGym_data/videos/val/8/A0xAXXysHUo_E_004400_004497_A_0067_0068.mp4,8,16,100,1,8,True,True,0.6352369785308838,0.0037799020064994693,0.0010171772604129121,0.4441516869701445,25,16,16,16,False,
finegym,val,E3AHJ6-QS8M_E_003321_003427_A_0048_0049,data/FineGym_data/videos/val/8/E3AHJ6-QS8M_E_003321_003427_A_0048_0049.mp4,8,16,100,1,10,False,True,0.943175196647644,0.003786524059250951,0.0010171772604129121,0.43984552507754415,21,16,16,16,False,
finegym,val,A0xAXXysHUo_E_003089_003189_A_0044_0045,data/FineGym_data/videos/val/8/A0xAXXysHUo_E_003089_003189_A_0044_0045.mp4,8,16,100,1,8,True,True,0.9917680025100708,0.004056361969560385,0.0010171772604129121,0.4355246559716761,25,16,16,16,False,
finegym,val,BLzs5opw8uM_E_003725_003827_A_0071_0072,data/FineGym_data/videos/val/8/BLzs5opw8uM_E_003725_003827_A_0071_0072.mp4,8,16,100,1,8,True,True,0.7450587749481201,0.005023512057960033,0.0010171772604129121,0.43084378994535655,26,16,16,16,False,
finegym,val,aN9hSsP6xTg_E_000932_001038_A_0052_0053,data/FineGym_data/videos/val/8/aN9hSsP6xTg_E_000932_001038_A_0052_0053.mp4,8,16,100,1,8,True,True,0.9971229434013367,0.003888947074301541,0.0010171772604129121,0.4250842439942062,22,16,16,16,False,
finegym,val,aEZbP-Yephw_E_002668_002777_A_0048_0049,data/FineGym_data/videos/val/8/aEZbP-Yephw_E_002668_002777_A_0048_0049.mp4,8,16,100,1,10,False,True,0.9931542873382568,0.0033816519426181912,0.0010171772604129121,0.42063010297715664,24,16,16,16,False,
finegym,val,DG7upbhB1bI_E_001017_001123_A_0069_0070,data/FineGym_data/videos/val/8/DG7upbhB1bI_E_001017_001123_A_0069_0070.mp4,8,16,100,1,8,True,True,0.980902910232544,0.0034352829679846764,0.0010171772604129121,0.41682084696367383,22,16,16,16,False,
finegym,val,DTedv-hhHU4_E_004361_004465_A_0047_0048,data/FineGym_data/videos/val/8/DTedv-hhHU4_E_004361_004465_A_0047_0048.mp4,8,16,100,1,8,True,True,0.9907852411270142,0.004425675957463682,0.0010171772604129121,0.41283457702957094,25,16,16,16,False,
finegym,val,CkNz9ZIQmZI_E_008093_008190_A_0060_0061,data/FineGym_data/videos/val/9/CkNz9ZIQmZI_E_008093_008190_A_0060_0061.mp4,9,16,100,1,13,False,True,0.5511435866355896,0.004514453001320362,0.0010171772604129121,0.4076633279910311,25,16,16,16,False,
finegym,val,aN3PC4tJokk_E_004346_004452_A_0026_0027,data/FineGym_data/videos/val/9/aN3PC4tJokk_E_004346_004452_A_0026_0027.mp4,9,16,100,1,9,True,True,0.8817698359489441,0.00514456897508353,0.0010171772604129121,0.4021720860619098,31,16,16,16,False,
finegym,val,0LtLS9wROrk_E_003137_003230_A_0025_0026,data/FineGym_data/videos/val/9/0LtLS9wROrk_E_003137_003230_A_0025_0026.mp4,9,16,100,1,9,True,True,0.796051025390625,0.00443042500410229,0.0010171772604129121,0.39618658495601267,29,16,16,16,False,
finegym,val,aN9hSsP6xTg_E_000327_000429_A_0051_0052,data/FineGym_data/videos/val/9/aN9hSsP6xTg_E_000327_000429_A_0051_0052.mp4,9,16,100,1,8,False,True,0.8021917343139648,0.004615903948433697,0.0010171772604129121,0.39118598704226315,22,16,16,16,False,
finegym,val,E3AHJ6-QS8M_E_000552_000647_A_0010_0012,data/FineGym_data/videos/val/9/E3AHJ6-QS8M_E_000552_000647_A_0010_0012.mp4,9,16,100,1,9,True,True,0.9742680788040161,0.00600706203840673,0.0010171772604129121,0.3858724100282416,31,16,16,16,False,
finegym,val,DTedv-hhHU4_E_000795_000904_A_0034_0035,data/FineGym_data/videos/val/9/DTedv-hhHU4_E_000795_000904_A_0034_0035.mp4,9,16,100,1,9,True,True,0.9931094646453857,0.004847199888899922,0.0010171772604129121,0.37915063404943794,29,16,16,16,False,
finegym,val,E3AHJ6-QS8M_E_005168_005260_A_0031_0032,data/FineGym_data/videos/val/9/E3AHJ6-QS8M_E_005168_005260_A_0031_0032.mp4,9,16,100,1,8,False,True,0.962052047252655,0.004525062977336347,0.0010171772604129121,0.37368219601921737,24,16,16,16,False,
finegym,val,A0xAXXysHUo_E_004694_004791_A_0044_0045,data/FineGym_data/videos/val/9/A0xAXXysHUo_E_004694_004791_A_0044_0045.mp4,9,16,100,1,8,False,True,0.5344653725624084,0.004532948019914329,0.0010171772604129121,0.368564366013743,33,16,16,16,False,
finegym,val,e3EsDlpNo0c_E_006102_006204_A_0078_0079,data/FineGym_data/videos/val/9/e3EsDlpNo0c_E_006102_006204_A_0078_0079.mp4,9,16,100,1,9,True,True,0.978671133518219,0.0044523070100694895,0.0010171772604129121,0.3631749670021236,32,16,16,16,False,
finegym,val,CUuRl0Bwbbc_E_003664_003763_A_0046_0047,data/FineGym_data/videos/val/9/CUuRl0Bwbbc_E_003664_003763_A_0046_0047.mp4,9,16,100,1,8,False,True,0.7596826553344727,0.00528774899430573,0.0010171772604129121,0.35810915601905435,29,16,16,16,False,
finegym,val,AZ4wWG6Rcak_E_005067_005168_A_0078_0079,data/FineGym_data/videos/val/9/AZ4wWG6Rcak_E_005067_005168_A_0078_0079.mp4,9,16,100,1,8,False,True,0.8698377013206482,0.003537275013513863,0.0010171772604129121,0.3520502570318058,23,16,16,16,False,
finegym,val,E3AHJ6-QS8M_E_001717_001809_A_0012_0012,data/FineGym_data/videos/val/9/E3AHJ6-QS8M_E_001717_001809_A_0012_0012.mp4,9,16,100,1,8,False,True,0.537411630153656,0.004042065003886819,0.0010171772604129121,0.3477261720690876,24,16,16,16,False,
finegym,val,aEZbP-Yephw_E_001131_001234_A_0076_0077,data/FineGym_data/videos/val/9/aEZbP-Yephw_E_001131_001234_A_0076_0077.mp4,9,16,100,1,8,False,True,0.5138960480690002,0.003830736968666315,0.0010171772604129121,0.3431000580312684,24,16,16,16,False,
finegym,val,C5Yfd1IWjmM_E_001396_001513_A_0030_0031,data/FineGym_data/videos/val/9/C5Yfd1IWjmM_E_001396_001513_A_0030_0031.mp4,9,16,100,1,9,True,True,0.9901699423789978,0.00392458401620388,0.0010171772604129121,0.33887967793270946,29,16,16,16,False,
finegym,val,C5Yfd1IWjmM_E_001645_001751_A_0060_0061,data/FineGym_data/videos/val/9/C5Yfd1IWjmM_E_001645_001751_A_0060_0061.mp4,9,16,100,1,8,False,True,0.7783663868904114,0.004144045989960432,0.0010171772604129121,0.3344718450680375,30,16,16,16,False,
finegym,val,e3EsDlpNo0c_E_007562_007662_A_0075_0077,data/FineGym_data/videos/val/9/e3EsDlpNo0c_E_007562_007662_A_0075_0077.mp4,9,16,100,1,9,True,True,0.8667336702346802,0.005278351018205285,0.0010171772604129121,0.3296501040458679,45,16,16,16,False,
finegym,val,aN3PC4tJokk_E_004599_004701_A_0037_0038,data/FineGym_data/videos/val/9/aN3PC4tJokk_E_004599_004701_A_0037_0038.mp4,9,16,100,1,8,False,True,0.9646255970001221,0.003634126973338425,0.0010171772604129121,0.3239198619266972,27,16,16,16,False,
finegym,val,aN9hSsP6xTg_E_002823_002928_A_0043_0044,data/FineGym_data/videos/val/9/aN9hSsP6xTg_E_002823_002928_A_0043_0044.mp4,9,16,100,1,9,True,True,0.993328332901001,0.004424204002134502,0.0010171772604129121,0.3197345189983025,24,16,16,16,False,
finegym,val,e3EsDlpNo0c_E_008527_008631_A_0051_0052,data/FineGym_data/videos/val/9/e3EsDlpNo0c_E_008527_008631_A_0051_0052.mp4,9,16,100,1,9,True,True,0.9132276773452759,0.004790863953530788,0.0010171772604129121,0.3141558220377192,37,16,16,16,False,
finegym,val,CkNz9ZIQmZI_E_006383_006487_A_0023_0024,data/FineGym_data/videos/val/9/CkNz9ZIQmZI_E_006383_006487_A_0023_0024.mp4,9,16,100,1,8,False,True,0.9713944792747498,0.003785192035138607,0.0010171772604129121,0.3087681970791891,23,16,16,16,False,
finegym,val,eH-ZgOT8ASM_E_008334_008443_A_0044_0045,data/FineGym_data/videos/val/10/eH-ZgOT8ASM_E_008334_008443_A_0044_0045.mp4,10,16,100,1,10,True,True,0.962112307548523,0.0036354491021484137,0.0010171772604129121,0.30449861404486,20,16,16,16,False,
finegym,val,EKb2MMJSoeI_E_001694_001791_A_0070_0071,data/FineGym_data/videos/val/10/EKb2MMJSoeI_E_001694_001791_A_0070_0071.mp4,10,16,100,1,10,True,True,0.9984727501869202,0.004383446997962892,0.0010171772604129121,0.29962395201437175,27,16,16,16,False,
finegym,val,EKb2MMJSoeI_E_001913_002012_A_0080_0081,data/FineGym_data/videos/val/10/EKb2MMJSoeI_E_001913_002012_A_0080_0081.mp4,10,16,100,1,10,True,True,0.9754485487937927,0.00488415895961225,0.0010171772604129121,0.29433281801175326,26,16,16,16,False,
finegym,val,esQQbBhuXbM_E_004424_004529_A_0053_0054,data/FineGym_data/videos/val/10/esQQbBhuXbM_E_004424_004529_A_0053_0054.mp4,10,16,100,1,10,True,True,0.9982907176017761,0.0038550429744645953,0.0010171772604129121,0.28874386299867183,21,16,16,16,False,
finegym,val,e3EsDlpNo0c_E_002096_002195_A_0076_0076,data/FineGym_data/videos/val/10/e3EsDlpNo0c_E_002096_002195_A_0076_0076.mp4,10,16,100,1,10,True,True,0.9930649399757385,0.003795781987719238,0.0010171772604129121,0.2841609698953107,26,16,16,16,False,
finegym,val,esQQbBhuXbM_E_002103_002211_A_0047_0048,data/FineGym_data/videos/val/10/esQQbBhuXbM_E_002103_002211_A_0047_0048.mp4,10,16,100,1,10,True,True,0.8210789561271667,0.003410005010664463,0.0010171772604129121,0.2795645019505173,22,16,16,16,False,
finegym,val,AZ4wWG6Rcak_E_005867_005973_A_0057_0058,data/FineGym_data/videos/val/10/AZ4wWG6Rcak_E_005867_005973_A_0057_0058.mp4,10,16,100,1,10,True,True,0.5413500070571899,0.0041245800675824285,0.0010171772604129121,0.2753750600386411,22,16,16,16,False,
finegym,val,CkNz9ZIQmZI_E_006383_006487_A_0084_0085,data/FineGym_data/videos/val/10/CkNz9ZIQmZI_E_006383_006487_A_0084_0085.mp4,10,16,100,1,10,True,True,0.4960861802101135,0.00422130199149251,0.0010171772604129121,0.2706599290249869,21,16,16,16,False,
finegym,val,C5Yfd1IWjmM_E_001645_001751_A_0058_0059,data/FineGym_data/videos/val/10/C5Yfd1IWjmM_E_001645_001751_A_0058_0059.mp4,10,16,100,1,10,True,True,0.9906076192855835,0.004316079895943403,0.0010171772604129121,0.2658489380264655,32,16,16,16,False,
finegym,val,AZ4wWG6Rcak_E_002768_002869_A_0049_0050,data/FineGym_data/videos/val/10/AZ4wWG6Rcak_E_002768_002869_A_0049_0050.mp4,10,16,100,1,15,False,True,0.740501880645752,0.004073765012435615,0.0010171772604129121,0.26078900799620897,21,16,16,16,False,
finegym,val,BLzs5opw8uM_E_000201_000302_A_0042_0043,data/FineGym_data/videos/val/10/BLzs5opw8uM_E_000201_000302_A_0042_0043.mp4,10,16,100,1,10,True,True,0.7120876908302307,0.003905877936631441,0.0010171772604129121,0.25627715000882745,27,16,16,16,False,
finegym,val,EKb2MMJSoeI_E_001528_001626_A_0037_0038,data/FineGym_data/videos/val/10/EKb2MMJSoeI_E_001528_001626_A_0037_0038.mp4,10,16,100,1,10,True,True,0.9955072402954102,0.00446011102758348,0.0010171772604129121,0.25194990797899663,25,16,16,16,False,
finegym,val,cSh74jSRht8_E_003069_003166_A_0041_0042,data/FineGym_data/videos/val/10/cSh74jSRht8_E_003069_003166_A_0041_0042.mp4,10,16,100,1,6,False,True,0.4067634642124176,0.004017158062197268,0.0010171772604129121,0.2468449940206483,23,16,16,16,False,
finegym,val,DyZ2qj6x1UE_E_002690_002787_A_0040_0041,data/FineGym_data/videos/val/10/DyZ2qj6x1UE_E_002690_002787_A_0040_0041.mp4,10,16,100,1,15,False,True,0.21605783700942993,0.003987191012129188,0.0010171772604129121,0.2421406040666625,24,16,16,16,False,
finegym,val,DTedv-hhHU4_E_001024_001129_A_0058_0059,data/FineGym_data/videos/val/10/DTedv-hhHU4_E_001024_001129_A_0058_0059.mp4,10,16,100,1,10,True,True,0.9994217157363892,0.004180645919404924,0.0010171772604129121,0.237558652064763,26,16,16,16,False,
finegym,val,CkNz9ZIQmZI_E_006859_006958_A_0070_0070,data/FineGym_data/videos/val/10/CkNz9ZIQmZI_E_006859_006958_A_0070_0070.mp4,10,16,100,1,12,False,False,0.6189615726470947,0.004380801925435662,0.0010171772604129121,0.23263125296216458,19,16,16,16,False,
finegym,val,esQQbBhuXbM_E_003875_003979_A_0045_0046,data/FineGym_data/videos/val/10/esQQbBhuXbM_E_003875_003979_A_0045_0046.mp4,10,16,100,1,10,True,True,0.9863155484199524,0.003920756978914142,0.0010171772604129121,0.22747470997273922,22,16,16,16,False,
finegym,val,CkNz9ZIQmZI_E_008093_008190_A_0029_0030,data/FineGym_data/videos/val/10/CkNz9ZIQmZI_E_008093_008190_A_0029_0030.mp4,10,16,100,1,13,False,True,0.6721764802932739,0.003989215008914471,0.0010171772604129121,0.22272680804599077,23,16,16,16,False,
finegym,val,C5Yfd1IWjmM_E_002895_002996_A_0044_0046,data/FineGym_data/videos/val/10/C5Yfd1IWjmM_E_002895_002996_A_0044_0046.mp4,10,16,100,1,10,True,True,0.9868046045303345,0.005005507962778211,0.0010171772604129121,0.21795371803455055,32,16,16,16,False,
finegym,val,DTedv-hhHU4_E_000795_000904_A_0078_0079,data/FineGym_data/videos/val/10/DTedv-hhHU4_E_000795_000904_A_0078_0079.mp4,10,16,100,1,10,True,True,0.9967678785324097,0.004124198923818767,0.0010171772604129121,0.21226825192570686,27,16,16,16,False,
finegym,val,AZ4wWG6Rcak_E_005492_005593_A_0015_0016,data/FineGym_data/videos/val/11/AZ4wWG6Rcak_E_005492_005593_A_0015_0016.mp4,11,16,100,1,11,True,True,0.9524570107460022,0.0032334430143237114,0.0010171772604129121,0.2076494210632518,22,16,16,16,False,
finegym,val,AZ4wWG6Rcak_E_005867_005973_A_0067_0068,data/FineGym_data/videos/val/11/AZ4wWG6Rcak_E_005867_005973_A_0067_0068.mp4,11,16,100,1,8,False,True,0.9417455792427063,0.0037386639742180705,0.0010171772604129121,0.2039851079462096,23,16,16,16,False,
finegym,val,CkNz9ZIQmZI_E_006383_006487_A_0065_0066,data/FineGym_data/videos/val/11/CkNz9ZIQmZI_E_006383_006487_A_0065_0066.mp4,11,16,100,1,12,False,True,0.7087196707725525,0.004746048944070935,0.0010061644582795755,0.7760189509717748,18,16,16,16,False,
finegym,val,aN9hSsP6xTg_E_001640_001834_A_0054_0054,data/FineGym_data/videos/val/11/aN9hSsP6xTg_E_001640_001834_A_0054_0054.mp4,11,16,100,1,14,False,True,0.9945555925369263,0.004148164996877313,0.0010061644582795755,0.7703530819853768,20,16,16,16,False,
finegym,val,aN9hSsP6xTg_E_001042_001140_A_0020_0021,data/FineGym_data/videos/val/11/aN9hSsP6xTg_E_001042_001140_A_0020_0021.mp4,11,16,100,1,11,True,True,0.9410561919212341,0.0036995509872213006,0.0010061644582795755,0.765380255994387,18,16,16,16,False,
finegym,val,DyZ2qj6x1UE_E_004939_005041_A_0038_0039,data/FineGym_data/videos/val/11/DyZ2qj6x1UE_E_004939_005041_A_0038_0039.mp4,11,16,100,1,13,False,True,0.33526772260665894,0.003982121939770877,0.0010061644582795755,0.7608430190011859,23,16,16,16,False,
finegym,val,DTedv-hhHU4_E_002197_002298_A_0056_0057,data/FineGym_data/videos/val/11/DTedv-hhHU4_E_002197_002298_A_0056_0057.mp4,11,16,100,1,6,False,False,0.9506621956825256,0.0037792599759995937,0.0010061644582795755,0.7560559419216588,23,16,16,16,False,
finegym,val,DyZ2qj6x1UE_E_002690_002787_A_0081_0082,data/FineGym_data/videos/val/11/DyZ2qj6x1UE_E_002690_002787_A_0081_0082.mp4,11,16,100,1,11,True,True,0.9587953686714172,0.004553876933641732,0.0010061644582795755,0.7514653459656984,21,16,16,16,False,
finegym,val,AZ4wWG6Rcak_E_008171_008275_A_0020_0021,data/FineGym_data/videos/val/11/AZ4wWG6Rcak_E_008171_008275_A_0020_0021.mp4,11,16,100,1,11,True,True,0.6868781447410583,0.004528490011580288,0.0010061644582795755,0.746141399955377,24,16,16,16,False,
finegym,val,aN9hSsP6xTg_E_002637_002732_A_0082_0083,data/FineGym_data/videos/val/11/aN9hSsP6xTg_E_002637_002732_A_0082_0083.mp4,11,16,100,1,11,True,True,0.974766194820404,0.003997961990535259,0.0010061644582795755,0.7410372369922698,18,16,16,16,False,
finegym,val,BQhX6F3gpp8_E_008733_008833_A_0011_0012,data/FineGym_data/videos/val/11/BQhX6F3gpp8_E_008733_008833_A_0011_0012.mp4,11,16,100,1,8,False,True,0.919272780418396,0.005107108037918806,0.0010061644582795755,0.7363549069268629,29,16,16,16,False,
finegym,val,CkNz9ZIQmZI_E_008093_008190_A_0012_0013,data/FineGym_data/videos/val/11/CkNz9ZIQmZI_E_008093_008190_A_0012_0013.mp4,11,16,100,1,14,False,True,0.9614205956459045,0.004436576971784234,0.0010061644582795755,0.7305492250015959,17,16,16,16,False,
finegym,val,DyZ2qj6x1UE_E_003507_003612_A_0072_0073,data/FineGym_data/videos/val/11/DyZ2qj6x1UE_E_003507_003612_A_0072_0073.mp4,11,16,100,1,14,False,True,0.6014750003814697,0.010390128009021282,0.0010061644582795755,0.7255631139269099,23,16,16,16,False,
finegym,val,EFvDqOF1sCk_E_003932_004039_A_0019_0020,data/FineGym_data/videos/val/11/EFvDqOF1sCk_E_003932_004039_A_0019_0020.mp4,11,16,100,1,11,True,True,0.9541340470314026,0.012650912045501173,0.0010061644582795755,0.7133148499997333,26,16,16,16,False,
finegym,val,BLzs5opw8uM_E_003532_003625_A_0022_0023,data/FineGym_data/videos/val/11/BLzs5opw8uM_E_003532_003625_A_0022_0023.mp4,11,16,100,1,8,False,False,0.3113431930541992,0.008475164999254048,0.0010061644582795755,0.6984189939685166,32,16,16,16,False,
finegym,val,CkNz9ZIQmZI_E_007103_007202_A_0013_0014,data/FineGym_data/videos/val/11/CkNz9ZIQmZI_E_007103_007202_A_0013_0014.mp4,11,16,100,1,14,False,True,0.7109423875808716,0.00519388192333281,0.0010061644582795755,0.6893743280088529,25,16,16,16,False,
finegym,val,A0xAXXysHUo_E_003749_003849_A_0094_0094,data/FineGym_data/videos/val/12/A0xAXXysHUo_E_003749_003849_A_0094_0094.mp4,12,16,100,1,12,True,True,0.9806591272354126,0.0036848620511591434,0.0010061644582795755,0.6833780569722876,17,16,16,16,False,
finegym,val,A0xAXXysHUo_E_004400_004497_A_0056_0057,data/FineGym_data/videos/val/12/A0xAXXysHUo_E_004400_004497_A_0056_0057.mp4,12,16,100,1,16,False,True,0.9719844460487366,0.0038461560616269708,0.0010061644582795755,0.6792736849747598,24,16,16,16,False,
finegym,val,CUuRl0Bwbbc_E_003957_004064_A_0024_0025,data/FineGym_data/videos/val/12/CUuRl0Bwbbc_E_003957_004064_A_0024_0025.mp4,12,16,100,1,12,True,True,0.9878740906715393,0.003511686925776303,0.0010061644582795755,0.6749789649620652,20,16,16,16,False,
finegym,val,aN9hSsP6xTg_E_001146_001246_A_0067_0068,data/FineGym_data/videos/val/12/aN9hSsP6xTg_E_001146_001246_A_0067_0068.mp4,12,16,100,1,12,True,True,0.8127713203430176,0.0036725099198520184,0.0010061644582795755,0.671041366062127,23,16,16,16,False,
finegym,val,aN9hSsP6xTg_E_001146_001246_A_0016_0018,data/FineGym_data/videos/val/12/aN9hSsP6xTg_E_001146_001246_A_0016_0018.mp4,12,16,100,1,12,True,True,0.749206006526947,0.003816760960035026,0.0010061644582795755,0.6669183690100908,27,16,16,16,False,
finegym,val,E3AHJ6-QS8M_E_006496_006600_A_0066_0067,data/FineGym_data/videos/val/12/E3AHJ6-QS8M_E_006496_006600_A_0066_0067.mp4,12,16,100,1,12,True,True,0.987529993057251,0.0035325359785929322,0.0010061644582795755,0.6626353410538286,17,16,16,16,False,
finegym,val,DTedv-hhHU4_E_001024_001129_A_0038_0039,data/FineGym_data/videos/val/12/DTedv-hhHU4_E_001024_001129_A_0038_0039.mp4,12,16,100,1,12,True,True,0.9937527775764465,0.003759072977118194,0.0010061644582795755,0.658662186935544,21,16,16,16,False,
finegym,val,DTedv-hhHU4_E_004361_004465_A_0068_0069,data/FineGym_data/videos/val/12/DTedv-hhHU4_E_004361_004465_A_0068_0069.mp4,12,16,100,1,12,True,True,0.942562460899353,0.004068734939210117,0.0010061644582795755,0.6544663819950074,23,16,16,16,False,
finegym,val,BLzs5opw8uM_E_001914_002013_A_0034_0034,data/FineGym_data/videos/val/12/BLzs5opw8uM_E_001914_002013_A_0034_0034.mp4,12,16,100,1,12,True,True,0.9846646189689636,0.004029140924103558,0.0010061644582795755,0.6500040669925511,20,16,16,16,False,
finegym,val,e3EsDlpNo0c_E_002096_002195_A_0019_0019,data/FineGym_data/videos/val/12/e3EsDlpNo0c_E_002096_002195_A_0019_0019.mp4,12,16,100,1,12,True,True,0.9766314625740051,0.0031573999440297484,0.0010061644582795755,0.6455503780161962,20,16,16,16,False,
finegym,val,C5Yfd1IWjmM_E_001645_001751_A_0039_0040,data/FineGym_data/videos/val/12/C5Yfd1IWjmM_E_001645_001751_A_0039_0040.mp4,12,16,100,1,12,True,True,0.8671800494194031,0.0038339830935001373,0.0010061644582795755,0.642007963033393,31,16,16,16,False,
finegym,val,DTedv-hhHU4_E_000795_000904_A_0082_0083,data/FineGym_data/videos/val/12/DTedv-hhHU4_E_000795_000904_A_0082_0083.mp4,12,16,100,1,12,True,True,0.968598484992981,0.003993493039160967,0.0010061644582795755,0.6377528369193897,21,16,16,16,False,
finegym,val,E3AHJ6-QS8M_E_006283_006392_A_0104_0104,data/FineGym_data/videos/val/12/E3AHJ6-QS8M_E_006283_006392_A_0104_0104.mp4,12,16,100,1,12,True,True,0.9492068290710449,0.0031285861041396856,0.0010061644582795755,0.6333609049906954,13,13,16,16,False,
finegym,val,aEZbP-Yephw_E_001131_001234_A_0031_0032,data/FineGym_data/videos/val/12/aEZbP-Yephw_E_001131_001234_A_0031_0032.mp4,12,16,100,1,16,False,True,0.8900293111801147,0.0036651259288191795,0.0010061644582795755,0.6298729220870882,19,16,16,16,False,
finegym,val,BLzs5opw8uM_E_003209_003313_A_0029_0030,data/FineGym_data/videos/val/12/BLzs5opw8uM_E_003209_003313_A_0029_0030.mp4,12,16,100,1,12,True,True,0.8978541493415833,0.004006968927569687,0.0010061644582795755,0.6258362169610336,30,16,16,16,False,
finegym,val,DG7upbhB1bI_E_001017_001123_A_0047_0047,data/FineGym_data/videos/val/12/DG7upbhB1bI_E_001017_001123_A_0047_0047.mp4,12,16,100,1,12,True,True,0.9845635890960693,0.0030632129637524486,0.0010061644582795755,0.6213844220619649,23,16,16,16,False,
finegym,val,C5Yfd1IWjmM_E_002895_002996_A_0081_0082,data/FineGym_data/videos/val/13/C5Yfd1IWjmM_E_002895_002996_A_0081_0082.mp4,13,16,100,1,13,True,True,0.6163564920425415,0.003903815057128668,0.0010061644582795755,0.6178717630682513,29,16,16,16,False,
finegym,val,0LtLS9wROrk_E_007962_008052_A_0052_0053,data/FineGym_data/videos/val/13/0LtLS9wROrk_E_007962_008052_A_0052_0053.mp4,13,16,100,1,13,True,True,0.9742364287376404,0.0033823440317064524,0.0010061644582795755,0.61338638397865,26,16,16,16,False,
finegym,val,aN9hSsP6xTg_E_001146_001246_A_0015_0016,data/FineGym_data/videos/val/13/aN9hSsP6xTg_E_001146_001246_A_0015_0016.mp4,13,16,100,1,6,False,True,0.9493727087974548,0.0030966459307819605,0.0010061644582795755,0.6096069639315829,21,16,16,16,False,
finegym,val,aN9hSsP6xTg_E_001977_002183_A_0055_0056,data/FineGym_data/videos/val/13/aN9hSsP6xTg_E_001977_002183_A_0055_0056.mp4,13,16,100,1,7,False,True,0.9299739599227905,0.00293936999514699,0.0010061644582795755,0.6061099850339815,21,16,16,16,False,
finegym,val,A0xAXXysHUo_E_004694_004791_A_0077_0078,data/FineGym_data/videos/val/13/A0xAXXysHUo_E_004694_004791_A_0077_0078.mp4,13,16,100,1,13,True,True,0.929012656211853,0.0041220750426873565,0.0010061644582795755,0.6027420089812949,28,16,16,16,False,
finegym,val,A0xAXXysHUo_E_004400_004497_A_0045_0046,data/FineGym_data/videos/val/13/A0xAXXysHUo_E_004400_004497_A_0045_0046.mp4,13,16,100,1,13,True,True,0.9909701347351074,0.003882734919898212,0.0010061644582795755,0.5981185900745913,28,16,16,16,False,
finegym,val,aN3PC4tJokk_E_004346_004452_A_0056_0058,data/FineGym_data/videos/val/13/aN3PC4tJokk_E_004346_004452_A_0056_0058.mp4,13,16,100,1,13,True,True,0.546527624130249,0.003923592041246593,0.0010061644582795755,0.5938230078900233,32,16,16,16,False,
finegym,val,AZ4wWG6Rcak_E_005289_005394_A_0060_0061,data/FineGym_data/videos/val/13/AZ4wWG6Rcak_E_005289_005394_A_0060_0061.mp4,13,16,100,1,6,False,True,0.7654888033866882,0.0034195929765701294,0.0010061644582795755,0.5894687359686941,22,16,16,16,False,
finegym,val,aEZbP-Yephw_E_002668_002777_A_0088_0089,data/FineGym_data/videos/val/13/aEZbP-Yephw_E_002668_002777_A_0088_0089.mp4,13,16,100,1,9,False,True,0.905584454536438,0.004021485918201506,0.0010061644582795755,0.5856410040287301,29,16,16,16,False,
finegym,val,AZ4wWG6Rcak_E_002331_002434_A_0070_0071,data/FineGym_data/videos/val/13/AZ4wWG6Rcak_E_002331_002434_A_0070_0071.mp4,13,16,100,1,8,False,False,0.9044923186302185,0.0030855149962008,0.0010061644582795755,0.5812013610266149,22,16,16,16,False,
finegym,val,CkNz9ZIQmZI_E_007103_007202_A_0077_0078,data/FineGym_data/videos/val/13/CkNz9ZIQmZI_E_007103_007202_A_0077_0078.mp4,13,16,100,1,13,True,True,0.8148751258850098,0.0031839909497648478,0.0010061644582795755,0.5777056849328801,20,16,16,16,False,
finegym,val,e3EsDlpNo0c_E_004350_004455_A_0081_0082,data/FineGym_data/videos/val/14/e3EsDlpNo0c_E_004350_004455_A_0081_0082.mp4,14,16,100,1,14,True,True,0.6295758485794067,0.0038494219770655036,0.0010061644582795755,0.5741249379934743,24,16,16,16,False,
finegym,val,e3EsDlpNo0c_E_006659_006760_A_0044_0045,data/FineGym_data/videos/val/14/e3EsDlpNo0c_E_006659_006760_A_0044_0045.mp4,14,16,100,1,14,True,True,0.5389664173126221,0.003398454049602151,0.0010061644582795755,0.5698741300730035,35,16,16,16,False,
finegym,val,0LtLS9wROrk_E_005885_005983_A_0043_0044,data/FineGym_data/videos/val/14/0LtLS9wROrk_E_005885_005983_A_0043_0044.mp4,14,16,100,1,7,False,True,0.5198248624801636,0.003572321031242609,0.0010061644582795755,0.5660572201013565,24,16,16,16,False,
finegym,val,esQQbBhuXbM_E_006962_007058_A_0017_0018,data/FineGym_data/videos/val/14/esQQbBhuXbM_E_006962_007058_A_0017_0018.mp4,14,16,100,1,14,True,True,0.9965595602989197,0.0029362039640545845,0.0010061644582795755,0.562084686011076,23,16,16,16,False,
finegym,val,DyZ2qj6x1UE_E_002913_003008_A_0031_0032,data/FineGym_data/videos/val/14/DyZ2qj6x1UE_E_002913_003008_A_0031_0032.mp4,14,16,100,1,11,False,True,0.8360768556594849,0.0037553049623966217,0.0010061644582795755,0.5587503230199218,21,16,16,16,False,
finegym,val,aN9hSsP6xTg_E_002637_002732_A_0049_0050,data/FineGym_data/videos/val/14/aN9hSsP6xTg_E_002637_002732_A_0049_0050.mp4,14,16,100,1,14,True,True,0.9906682372093201,0.003061148920096457,0.0010061644582795755,0.5545902649173513,19,16,16,16,False,
finegym,val,BLzs5opw8uM_E_000201_000302_A_0035_0035,data/FineGym_data/videos/val/14/BLzs5opw8uM_E_000201_000302_A_0035_0035.mp4,14,16,100,1,12,False,True,0.6149691939353943,0.0036932380171492696,0.0010061644582795755,0.5511392129119486,22,16,16,16,False,
finegym,val,AZ4wWG6Rcak_E_009215_009318_A_0092_0093,data/FineGym_data/videos/val/14/AZ4wWG6Rcak_E_009215_009318_A_0092_0093.mp4,14,16,100,1,14,True,True,0.8374649882316589,0.003418441046960652,0.0010061644582795755,0.5470554589992389,23,16,16,16,False,
finegym,val,esQQbBhuXbM_E_007679_007783_A_0017_0017,data/FineGym_data/videos/val/14/esQQbBhuXbM_E_007679_007783_A_0017_0017.mp4,14,16,100,1,14,True,True,0.9773973822593689,0.002831757999956608,0.0010061644582795755,0.5432423059828579,21,16,16,16,False,
finegym,val,DTedv-hhHU4_E_001024_001129_A_0030_0031,data/FineGym_data/videos/val/14/DTedv-hhHU4_E_001024_001129_A_0030_0031.mp4,14,16,100,1,14,True,True,0.5736576318740845,0.0033901080023497343,0.0010061644582795755,0.5400203439639881,24,16,16,16,False,
finegym,val,FEWTGYiWEaQ_E_004548_004646_A_0068_0069,data/FineGym_data/videos/val/14/FEWTGYiWEaQ_E_004548_004646_A_0068_0069.mp4,14,16,100,1,14,True,True,0.7990584373474121,0.0028142649680376053,0.0010061644582795755,0.5361872620414943,17,16,16,16,False,
finegym,val,e3EsDlpNo0c_E_005706_005810_A_0015_0016,data/FineGym_data/videos/val/14/e3EsDlpNo0c_E_005706_005810_A_0015_0016.mp4,14,16,100,1,14,True,True,0.9345176815986633,0.003782415995374322,0.0010061644582795755,0.5329918200150132,27,16,16,16,False,
finegym,val,esQQbBhuXbM_E_004424_004529_A_0057_0058,data/FineGym_data/videos/val/14/esQQbBhuXbM_E_004424_004529_A_0057_0058.mp4,14,16,100,1,14,True,True,0.662995457649231,0.0026787089882418513,0.0010061644582795755,0.5288191200233996,20,16,16,16,False,
finegym,val,BQhX6F3gpp8_E_007119_007222_A_0054_0055,data/FineGym_data/videos/val/14/BQhX6F3gpp8_E_007119_007222_A_0054_0055.mp4,14,16,100,1,11,False,True,0.923514187335968,0.0034571540309116244,0.0010061644582795755,0.5257432530634105,29,16,16,16,False,
finegym,val,EFvDqOF1sCk_E_002657_002760_A_0058_0059,data/FineGym_data/videos/val/14/EFvDqOF1sCk_E_002657_002760_A_0058_0059.mp4,14,16,100,1,13,False,True,0.7160747051239014,0.0036627419758588076,0.0010061644582795755,0.5218472330598161,20,16,16,16,False,
finegym,val,aN3PC4tJokk_E_003860_003960_A_0059_0060,data/FineGym_data/videos/val/15/aN3PC4tJokk_E_003860_003960_A_0059_0060.mp4,15,16,100,1,15,True,True,0.6152184009552002,0.0045951149659231305,0.0010061644582795755,0.5173191140638664,31,16,16,16,False,
finegym,val,BLzs5opw8uM_E_003209_003313_A_0050_0051,data/FineGym_data/videos/val/15/BLzs5opw8uM_E_003209_003313_A_0050_0051.mp4,15,16,100,1,15,True,True,0.9908952713012695,0.003946756012737751,0.0010061644582795755,0.5119746379787102,27,16,16,16,False,
finegym,val,0LtLS9wROrk_E_007013_007109_A_0034_0035,data/FineGym_data/videos/val/15/0LtLS9wROrk_E_007013_007109_A_0034_0035.mp4,15,16,100,1,15,True,True,0.9810170531272888,0.003991489997133613,0.0010061644582795755,0.5072810780256987,27,16,16,16,False,
finegym,val,A0xAXXysHUo_E_003897_003995_A_0059_0060,data/FineGym_data/videos/val/15/A0xAXXysHUo_E_003897_003995_A_0059_0060.mp4,15,16,100,1,15,True,True,0.9655958414077759,0.004459579940885305,0.0010061644582795755,0.5025536939501762,26,16,16,16,False,
finegym,val,DG7upbhB1bI_E_007125_007233_A_0075_0075,data/FineGym_data/videos/val/15/DG7upbhB1bI_E_007125_007233_A_0075_0075.mp4,15,16,100,1,15,True,True,0.9854571223258972,0.0036938299890607595,0.0010061644582795755,0.49734273098874837,26,16,16,16,False,
finegym,val,EFvDqOF1sCk_E_003932_004039_A_0082_0083,data/FineGym_data/videos/val/15/EFvDqOF1sCk_E_003932_004039_A_0082_0083.mp4,15,16,100,1,15,True,True,0.9975252747535706,0.00336870807223022,0.0010061644582795755,0.4932061369763687,20,16,16,16,False,
finegym,val,e3EsDlpNo0c_E_002907_003007_A_0046_0047,data/FineGym_data/videos/val/15/e3EsDlpNo0c_E_002907_003007_A_0046_0047.mp4,15,16,100,1,15,True,True,0.8594051599502563,0.004745948943309486,0.0010061644582795755,0.48937550105620176,23,16,16,16,False,
finegym,val,0LtLS9wROrk_E_007340_007433_A_0044_0044,data/FineGym_data/videos/val/15/0LtLS9wROrk_E_007340_007433_A_0044_0044.mp4,15,16,100,1,15,True,True,0.5268019437789917,0.00485838099848479,0.0010061644582795755,0.4838922549970448,26,16,16,16,False,
finegym,val,e3EsDlpNo0c_E_004671_004771_A_0048_0049,data/FineGym_data/videos/val/15/e3EsDlpNo0c_E_004671_004771_A_0048_0049.mp4,15,16,100,1,15,True,True,0.9990984201431274,0.0040223069954663515,0.0010061644582795755,0.4782724620308727,26,16,16,16,False,
finegym,val,AZ4wWG6Rcak_E_005492_005593_A_0046_0047,data/FineGym_data/videos/val/15/AZ4wWG6Rcak_E_005492_005593_A_0046_0047.mp4,15,16,100,1,15,True,True,0.9989979863166809,0.0040136410389095545,0.0010061644582795755,0.47373980307020247,26,16,16,16,False,
finegym,val,CkNz9ZIQmZI_E_007578_007683_A_0059_0060,data/FineGym_data/videos/val/15/CkNz9ZIQmZI_E_007578_007683_A_0059_0060.mp4,15,16,100,1,15,True,True,0.9758691191673279,0.004041793989017606,0.0010061644582795755,0.468945553060621,27,16,16,16,False,
finegym,val,e3EsDlpNo0c_E_007845_007946_A_0049_0050,data/FineGym_data/videos/val/15/e3EsDlpNo0c_E_007845_007946_A_0049_0050.mp4,15,16,100,1,10,False,True,0.7350842952728271,0.004104271996766329,0.0010061644582795755,0.46430714696180075,26,16,16,16,False,
finegym,val,aN3PC4tJokk_E_004100_004199_A_0043_0044,data/FineGym_data/videos/val/15/aN3PC4tJokk_E_004100_004199_A_0043_0044.mp4,15,16,100,1,15,True,True,0.9942429661750793,0.005028259940445423,0.0010061644582795755,0.45951141393743455,31,16,16,16,False,
finegym,val,0LtLS9wROrk_E_002558_002653_A_0059_0060,data/FineGym_data/videos/val/15/0LtLS9wROrk_E_002558_002653_A_0059_0060.mp4,15,16,100,1,15,True,True,0.9420082569122314,0.004141482058912516,0.0010061644582795755,0.45380622998345643,25,16,16,16,False,
finegym,val,aN9hSsP6xTg_E_001640_001834_A_0076_0077,data/FineGym_data/videos/val/15/aN9hSsP6xTg_E_001640_001834_A_0076_0077.mp4,15,16,100,1,15,True,True,0.9979220032691956,0.004179424024187028,0.0010061644582795755,0.4489270409103483,22,16,16,16,False,
finegym,val,cSh74jSRht8_E_004401_004506_A_0053_0054,data/FineGym_data/videos/val/15/cSh74jSRht8_E_004401_004506_A_0053_0054.mp4,15,16,100,1,15,True,True,0.9939542412757874,0.00416681997012347,0.0010061644582795755,0.4441171010257676,25,16,16,16,False,
finegym,val,aN9hSsP6xTg_E_000327_000429_A_0049_0050,data/FineGym_data/videos/val/15/aN9hSsP6xTg_E_000327_000429_A_0049_0050.mp4,15,16,100,1,15,True,True,0.9944420456886292,0.003323331940919161,0.0010061644582795755,0.4391565289115533,19,16,16,16,False,
finegym,val,A0xAXXysHUo_E_003435_003534_A_0076_0077,data/FineGym_data/videos/val/15/A0xAXXysHUo_E_003435_003534_A_0076_0077.mp4,15,16,100,1,15,True,True,0.9914900660514832,0.005429935990832746,0.0010061644582795755,0.43510159000288695,31,16,16,16,False,
finegym,val,aEZbP-Yephw_E_000849_000949_A_0054_0055,data/FineGym_data/videos/val/15/aEZbP-Yephw_E_000849_000949_A_0054_0055.mp4,15,16,100,1,15,True,True,0.990380048751831,0.0036384150153025985,0.0010061644582795755,0.4290144379483536,22,16,16,16,False,
finegym,val,DyZ2qj6x1UE_E_003507_003612_A_0093_0094,data/FineGym_data/videos/val/15/DyZ2qj6x1UE_E_003507_003612_A_0093_0094.mp4,15,16,100,1,15,True,True,0.9744874238967896,0.003170133917592466,0.0010061644582795755,0.42464288196060807,21,16,16,16,False,
finegym,val,A0xAXXysHUo_E_003435_003534_A_0029_0031,data/FineGym_data/videos/val/16/A0xAXXysHUo_E_003435_003534_A_0029_0031.mp4,16,16,100,1,16,True,True,0.7973169684410095,0.004111394984647632,0.0010061644582795755,0.42075274302624166,35,16,16,16,False,
finegym,val,E3AHJ6-QS8M_E_003321_003427_A_0101_0102,data/FineGym_data/videos/val/16/E3AHJ6-QS8M_E_003321_003427_A_0101_0102.mp4,16,16,100,1,16,True,True,0.9676553606987,0.0032973330235108733,0.0010061644582795755,0.4158926400123164,19,16,16,16,False,
finegym,val,CUuRl0Bwbbc_E_003247_003355_A_0040_0041,data/FineGym_data/videos/val/16/CUuRl0Bwbbc_E_003247_003355_A_0040_0041.mp4,16,16,100,1,16,True,True,0.9973645806312561,0.002971080015413463,0.0010061644582795755,0.4118835470872,18,16,16,16,False,
finegym,val,A0xAXXysHUo_E_003749_003849_A_0032_0033,data/FineGym_data/videos/val/16/A0xAXXysHUo_E_003749_003849_A_0032_0033.mp4,16,16,100,1,16,True,True,0.5881612300872803,0.003609610954299569,0.0010061644582795755,0.4081831150688231,24,16,16,16,False,
finegym,val,E3AHJ6-QS8M_E_005450_005555_A_0020_0021,data/FineGym_data/videos/val/16/E3AHJ6-QS8M_E_005450_005555_A_0020_0021.mp4,16,16,100,1,16,True,True,0.9938766360282898,0.0035934209590777755,0.0010061644582795755,0.40383560594636947,22,16,16,16,False,
finegym,val,BLzs5opw8uM_E_003725_003827_A_0019_0020,data/FineGym_data/videos/val/16/BLzs5opw8uM_E_003725_003827_A_0019_0020.mp4,16,16,100,1,16,True,True,0.8795275092124939,0.004332341020926833,0.0010061644582795755,0.399495801073499,30,16,16,16,False,
finegym,val,aEZbP-Yephw_E_005181_005281_A_0015_0015,data/FineGym_data/videos/val/16/aEZbP-Yephw_E_005181_005281_A_0015_0015.mp4,16,16,100,1,16,True,True,0.9870752692222595,0.003480919054709375,0.0010061644582795755,0.3945371420122683,19,16,16,16,False,
finegym,val,E3AHJ6-QS8M_E_000552_000647_A_0020_0021,data/FineGym_data/videos/val/16/E3AHJ6-QS8M_E_000552_000647_A_0020_0021.mp4,16,16,100,1,16,True,True,0.7597619891166687,0.003565697930753231,0.0010061644582795755,0.39033276203554124,13,13,16,16,False,
finegym,val,A0xAXXysHUo_E_004400_004497_A_0025_0026,data/FineGym_data/videos/val/16/A0xAXXysHUo_E_004400_004497_A_0025_0026.mp4,16,16,100,1,16,True,True,0.9807782173156738,0.0038118320517241955,0.0010061644582795755,0.3860880449647084,23,16,16,16,False,
finegym,val,AZ4wWG6Rcak_E_009215_009318_A_0048_0048,data/FineGym_data/videos/val/16/AZ4wWG6Rcak_E_009215_009318_A_0048_0048.mp4,16,16,100,1,16,True,True,0.49322324991226196,0.002510793972760439,0.0010061644582795755,0.381542454008013,15,15,16,16,False,
finegym,val,aEZbP-Yephw_E_001131_001234_A_0018_0018,data/FineGym_data/videos/val/16/aEZbP-Yephw_E_001131_001234_A_0018_0018.mp4,16,16,100,1,16,True,True,0.9901350140571594,0.0036143900360912085,0.0010061644582795755,0.3783062950242311,15,15,16,16,False,
finegym,val,E3AHJ6-QS8M_E_002634_002733_A_0064_0065,data/FineGym_data/videos/val/16/E3AHJ6-QS8M_E_002634_002733_A_0064_0065.mp4,16,16,100,1,16,True,True,0.9833375811576843,0.0034927610540762544,0.0010061644582795755,0.37399678700603545,15,15,16,16,False,
finegym,val,aEZbP-Yephw_E_002668_002777_A_0039_0040,data/FineGym_data/videos/val/16/aEZbP-Yephw_E_002668_002777_A_0039_0040.mp4,16,16,100,1,16,True,True,0.9916844367980957,0.0039907279424369335,0.0010061644582795755,0.36982282390818,21,16,16,16,False,
finegym,val,E3AHJ6-QS8M_E_006283_006392_A_0042_0042,data/FineGym_data/videos/val/16/E3AHJ6-QS8M_E_006283_006392_A_0042_0042.mp4,16,16,100,1,12,False,True,0.9006054997444153,0.003402521018870175,0.0010061644582795755,0.36513471393845975,15,15,16,16,False,
finegym,val,A0xAXXysHUo_E_003897_003995_A_0020_0021,data/FineGym_data/videos/val/16/A0xAXXysHUo_E_003897_003995_A_0020_0021.mp4,16,16,100,1,16,True,True,0.6148690581321716,0.004249796038493514,0.0010061644582795755,0.3610417239833623,28,16,16,16,False,
finegym,val,DTedv-hhHU4_E_000795_000904_A_0051_0052,data/FineGym_data/videos/val/16/DTedv-hhHU4_E_000795_000904_A_0051_0052.mp4,16,16,100,1,16,True,True,0.8918936848640442,0.0038725259946659207,0.0010061644582795755,0.35620380099862814,21,16,16,16,False,
finegym,val,dqUNtY2GwW4_E_003377_003473_A_0018_0018,data/FineGym_data/videos/val/16/dqUNtY2GwW4_E_003377_003473_A_0018_0018.mp4,16,16,100,1,16,True,True,0.9888862371444702,0.0032166719902306795,0.0010061644582795755,0.35190306999720633,17,16,16,16,False,
finegym,val,C5Yfd1IWjmM_E_001645_001751_A_0031_0032,data/FineGym_data/videos/val/16/C5Yfd1IWjmM_E_001645_001751_A_0031_0032.mp4,16,16,100,1,16,True,True,0.7274646759033203,0.003734345897100866,0.0010061644582795755,0.3482810559216887,31,16,16,16,False,
finegym,val,DTedv-hhHU4_E_001024_001129_A_0031_0031,data/FineGym_data/videos/val/16/DTedv-hhHU4_E_001024_001129_A_0031_0031.mp4,16,16,100,1,16,True,True,0.9883342981338501,0.0032340550096705556,0.0010061644582795755,0.3441270310431719,21,16,16,16,False,
finegym,val,E3AHJ6-QS8M_E_005168_005260_A_0017_0018,data/FineGym_data/videos/val/16/E3AHJ6-QS8M_E_005168_005260_A_0017_0018.mp4,16,16,100,1,12,False,True,0.9081090092658997,0.0039844970451667905,0.0010061644582795755,0.3404900470050052,18,16,16,16,False,
finegym,val,A0xAXXysHUo_E_003089_003189_A_0039_0041,data/FineGym_data/videos/val/17/A0xAXXysHUo_E_003089_003189_A_0039_0041.mp4,17,16,100,1,17,True,True,0.9964466691017151,0.006246883072890341,0.0009935073018520295,0.8071137139340863,45,16,16,16,False,
finegym,val,aN9hSsP6xTg_E_000327_000429_A_0076_0078,data/FineGym_data/videos/val/17/aN9hSsP6xTg_E_000327_000429_A_0076_0078.mp4,17,16,100,1,17,True,True,0.9154235124588013,0.004800782073289156,0.0009935073018520295,0.7999846310121939,51,16,16,16,False,
finegym,val,aEZbP-Yephw_E_005181_005281_A_0047_0048,data/FineGym_data/videos/val/17/aEZbP-Yephw_E_005181_005281_A_0047_0048.mp4,17,16,100,1,17,True,True,0.984062135219574,0.004377496079541743,0.0009935073018520295,0.794415723066777,32,16,16,16,False,
finegym,val,AZ4wWG6Rcak_E_002331_002434_A_0018_0019,data/FineGym_data/videos/val/17/AZ4wWG6Rcak_E_002331_002434_A_0018_0019.mp4,17,16,100,1,17,True,True,0.9899715185165405,0.004366855951957405,0.0009935073018520295,0.7893125920090824,31,16,16,16,False,
finegym,val,CkNz9ZIQmZI_E_007578_007683_A_0046_0047,data/FineGym_data/videos/val/17/CkNz9ZIQmZI_E_007578_007683_A_0046_0047.mp4,17,16,100,1,17,True,True,0.9926590323448181,0.0035275169648230076,0.0009935073018520295,0.7832913140300661,36,16,16,16,False,
finegym,val,CUuRl0Bwbbc_E_004235_004331_A_0038_0039,data/FineGym_data/videos/val/17/CUuRl0Bwbbc_E_004235_004331_A_0038_0039.mp4,17,16,100,1,17,True,True,0.9849264621734619,0.004890842013992369,0.0009935073018520295,0.7791280710371211,42,16,16,16,False,
finegym,val,E3AHJ6-QS8M_E_004206_004316_A_0085_0087,data/FineGym_data/videos/val/17/E3AHJ6-QS8M_E_004206_004316_A_0085_0087.mp4,17,16,100,1,17,True,True,0.9859943389892578,0.006496882997453213,0.0009935073018520295,0.7733956059673801,32,16,16,16,False,
finegym,val,AZ4wWG6Rcak_E_005492_005593_A_0080_0081,data/FineGym_data/videos/val/17/AZ4wWG6Rcak_E_005492_005593_A_0080_0081.mp4,17,16,100,1,17,True,True,0.9320438504219055,0.0044128220761194825,0.0009935073018520295,0.7662973209517077,33,16,16,16,False,
finegym,val,e3EsDlpNo0c_E_003966_004070_A_0017_0018,data/FineGym_data/videos/val/17/e3EsDlpNo0c_E_003966_004070_A_0017_0018.mp4,17,16,100,1,17,True,True,0.9749510884284973,0.0046756460797041655,0.0009935073018520295,0.7613062609452754,50,16,16,16,False,
finegym,val,aN3PC4tJokk_E_004100_004199_A_0065_0067,data/FineGym_data/videos/val/17/aN3PC4tJokk_E_004100_004199_A_0065_0067.mp4,17,16,100,1,17,True,True,0.8543105721473694,0.0042578199645504355,0.0009935073018520295,0.7559214300708845,43,16,16,16,False,
finegym,val,EFvDqOF1sCk_E_001457_001559_A_0041_0042,data/FineGym_data/videos/val/17/EFvDqOF1sCk_E_001457_001559_A_0041_0042.mp4,17,16,100,1,17,True,True,0.9824313521385193,0.00395303696859628,0.0009935073018520295,0.7509091600077227,33,16,16,16,False,
finegym,val,AZ4wWG6Rcak_E_005289_005394_A_0021_0023,data/FineGym_data/videos/val/17/AZ4wWG6Rcak_E_005289_005394_A_0021_0023.mp4,17,16,100,1,17,True,True,0.9706965088844299,0.00390893395524472,0.0009935073018520295,0.7462082260753959,58,16,16,16,False,
finegym,val,DyZ2qj6x1UE_E_004939_005041_A_0021_0022,data/FineGym_data/videos/val/17/DyZ2qj6x1UE_E_004939_005041_A_0021_0022.mp4,17,16,100,1,17,True,True,0.6100289225578308,0.0041003740625455976,0.0009935073018520295,0.7415337119018659,32,16,16,16,False,
finegym,val,e3EsDlpNo0c_E_008527_008631_A_0059_0059,data/FineGym_data/videos/val/17/e3EsDlpNo0c_E_008527_008631_A_0059_0059.mp4,17,16,100,1,16,False,False,0.16217030584812164,0.0020662270253524184,0.0009935073018520295,0.7367174889659509,2,2,16,16,False,
finegym,val,BLzs5opw8uM_E_003725_003827_A_0079_0080,data/FineGym_data/videos/val/17/BLzs5opw8uM_E_003725_003827_A_0079_0080.mp4,17,16,100,1,17,True,True,0.8232163190841675,0.004326749942265451,0.0009935073018520295,0.7342042420059443,40,16,16,16,False,
finegym,val,E3AHJ6-QS8M_E_005450_005555_A_0052_0053,data/FineGym_data/videos/val/17/E3AHJ6-QS8M_E_005450_005555_A_0052_0053.mp4,17,16,100,1,17,True,True,0.9953410625457764,0.004458278068341315,0.0009935073018520295,0.7291473869699985,34,16,16,16,False,
finegym,val,CkNz9ZIQmZI_E_007316_007416_A_0023_0025,data/FineGym_data/videos/val/17/CkNz9ZIQmZI_E_007316_007416_A_0023_0025.mp4,17,16,100,1,17,True,True,0.923292875289917,0.004074114956893027,0.0009935073018520295,0.7239794750930741,40,16,16,16,False,
finegym,val,E3AHJ6-QS8M_E_000552_000647_A_0072_0074,data/FineGym_data/videos/val/17/E3AHJ6-QS8M_E_000552_000647_A_0072_0074.mp4,17,16,100,1,17,True,True,0.9700835943222046,0.005582642974331975,0.0009935073018520295,0.7191593160387129,48,16,16,16,False,
finegym,val,aEZbP-Yephw_E_004976_005078_A_0049_0050,data/FineGym_data/videos/val/17/aEZbP-Yephw_E_004976_005078_A_0049_0050.mp4,17,16,100,1,17,True,True,0.9915494918823242,0.004866396076977253,0.0009935073018520295,0.7130630860337988,38,16,16,16,False,
finegym,val,e3EsDlpNo0c_E_006853_006954_A_0040_0041,data/FineGym_data/videos/val/17/e3EsDlpNo0c_E_006853_006954_A_0040_0041.mp4,17,16,100,1,17,True,True,0.9420819878578186,0.0046498579904437065,0.0009935073018520295,0.7074332339689136,41,16,16,16,False,
finegym,val,eH-ZgOT8ASM_E_007496_007602_A_0061_0062,data/FineGym_data/videos/val/18/eH-ZgOT8ASM_E_007496_007602_A_0061_0062.mp4,18,16,100,1,18,True,True,0.9964020252227783,0.003857146017253399,0.0009935073018520295,0.7020648339530453,44,16,16,16,False,
finegym,val,e3EsDlpNo0c_E_002490_002586_A_0079_0081,data/FineGym_data/videos/val/18/e3EsDlpNo0c_E_002490_002586_A_0079_0081.mp4,18,16,100,1,18,True,True,0.9954624772071838,0.003882935969159007,0.0009935073018520295,0.6974814909044653,50,16,16,16,False,
finegym,val,AZ4wWG6Rcak_E_002529_002628_A_0056_0058,data/FineGym_data/videos/val/18/AZ4wWG6Rcak_E_002529_002628_A_0056_0058.mp4,18,16,100,1,18,True,True,0.9559507369995117,0.003528328030370176,0.0009935073018520295,0.6928489150013775,45,16,16,16,False,
finegym,val,aN9hSsP6xTg_E_001977_002183_A_0017_0018,data/FineGym_data/videos/val/18/aN9hSsP6xTg_E_001977_002183_A_0017_0018.mp4,18,16,100,1,18,True,True,0.9964562058448792,0.003801953047513962,0.0009935073018520295,0.6885889109689742,31,16,16,16,False,
finegym,val,esQQbBhuXbM_E_001856_001954_A_0048_0049,data/FineGym_data/videos/val/18/esQQbBhuXbM_E_001856_001954_A_0048_0049.mp4,18,16,100,1,18,True,True,0.9765838384628296,0.0034469349775463343,0.0009935073018520295,0.6840578360715881,40,16,16,16,False,
finegym,val,e3EsDlpNo0c_E_007562_007662_A_0055_0057,data/FineGym_data/videos/val/18/e3EsDlpNo0c_E_007562_007662_A_0055_0057.mp4,18,16,100,1,18,True,True,0.9950934648513794,0.004252790939062834,0.0009935073018520295,0.6798821999691427,57,16,16,16,False,
finegym,val,AZ4wWG6Rcak_E_009215_009318_A_0021_0022,data/FineGym_data/videos/val/18/AZ4wWG6Rcak_E_009215_009318_A_0021_0022.mp4,18,16,100,1,18,True,True,0.9485381841659546,0.003744595102034509,0.0009935073018520295,0.6748817219631746,39,16,16,16,False,
finegym,val,e3EsDlpNo0c_E_008138_008242_A_0049_0051,data/FineGym_data/videos/val/18/e3EsDlpNo0c_E_008138_008242_A_0049_0051.mp4,18,16,100,1,18,True,True,0.9904463291168213,0.0036894609220325947,0.0009935073018520295,0.6702724810456857,44,16,16,16,False,
finegym,val,DG7upbhB1bI_E_003248_003346_A_0071_0072,data/FineGym_data/videos/val/18/DG7upbhB1bI_E_003248_003346_A_0071_0072.mp4,18,16,100,1,18,True,True,0.9926064014434814,0.003754975041374564,0.0009935073018520295,0.6658253440400586,50,16,16,16,False,
finegym,val,C5Yfd1IWjmM_E_001645_001751_A_0052_0053,data/FineGym_data/videos/val/18/C5Yfd1IWjmM_E_001645_001751_A_0052_0053.mp4,18,16,100,1,18,True,True,0.9923315048217773,0.0040880810702219605,0.0009935073018520295,0.661306782043539,42,16,16,16,False,
finegym,val,e3EsDlpNo0c_E_006853_006954_A_0058_0059,data/FineGym_data/videos/val/18/e3EsDlpNo0c_E_006853_006954_A_0058_0059.mp4,18,16,100,1,18,True,True,0.98868328332901,0.004156018956564367,0.0009935073018520295,0.6563528419937938,44,16,16,16,False,
finegym,val,f6k7PBGgeb4_E_000779_000876_A_0092_0094,data/FineGym_data/videos/val/18/f6k7PBGgeb4_E_000779_000876_A_0092_0094.mp4,18,16,100,1,18,True,True,0.9786352515220642,0.004052825039252639,0.0009935073018520295,0.6515757539309561,51,16,16,16,False,
finegym,val,CUuRl0Bwbbc_E_003495_003598_A_0049_0052,data/FineGym_data/videos/val/18/CUuRl0Bwbbc_E_003495_003598_A_0049_0052.mp4,18,16,100,1,18,True,True,0.9960485100746155,0.0063836799236014485,0.0009935073018520295,0.6467733379686251,81,16,16,16,False,
finegym,val,DG7upbhB1bI_E_001882_001986_A_0048_0049,data/FineGym_data/videos/val/18/DG7upbhB1bI_E_001882_001986_A_0048_0049.mp4,18,16,100,1,18,True,True,0.9906206130981445,0.0038107690634205937,0.0009935073018520295,0.6396342980442569,47,16,16,16,False,
finegym,val,esQQbBhuXbM_E_004880_004980_A_0095_0097,data/FineGym_data/videos/val/18/esQQbBhuXbM_E_004880_004980_A_0095_0097.mp4,18,16,100,1,18,True,True,0.9752791523933411,0.003602548036724329,0.0009935073018520295,0.6350789170246571,46,16,16,16,False,
finegym,val,eH-ZgOT8ASM_E_008137_008245_A_0079_0081,data/FineGym_data/videos/val/18/eH-ZgOT8ASM_E_008137_008245_A_0079_0081.mp4,18,16,100,1,18,True,True,0.9933857321739197,0.003733024001121521,0.0009935073018520295,0.6307225209893659,48,16,16,16,False,
finegym,val,fDa0HpoXES4_E_000304_000408_A_0059_0061,data/FineGym_data/videos/val/18/fDa0HpoXES4_E_000304_000408_A_0059_0061.mp4,18,16,100,1,18,True,True,0.9976352453231812,0.004880051012150943,0.0009935073018520295,0.6262500369921327,58,16,16,16,False,
finegym,val,fDa0HpoXES4_E_002679_002785_A_0079_0081,data/FineGym_data/videos/val/18/fDa0HpoXES4_E_002679_002785_A_0079_0081.mp4,18,16,100,1,18,True,True,0.9989269375801086,0.00485871103592217,0.0009935073018520295,0.620601469068788,58,16,16,16,False,
finegym,val,EKb2MMJSoeI_E_001299_001403_A_0046_0049,data/FineGym_data/videos/val/18/EKb2MMJSoeI_E_001299_001403_A_0046_0049.mp4,18,16,100,1,18,True,True,0.9970268607139587,0.005303818034008145,0.0009935073018520295,0.615070213098079,80,16,16,16,False,
finegym,val,e3EsDlpNo0c_E_005706_005810_A_0056_0058,data/FineGym_data/videos/val/18/e3EsDlpNo0c_E_005706_005810_A_0056_0058.mp4,18,16,100,1,18,True,True,0.9925485253334045,0.00530806602910161,0.0009935073018520295,0.609329222002998,48,16,16,16,False,
finegym,val,cSh74jSRht8_E_003069_003166_A_0020_0021,data/FineGym_data/videos/val/19/cSh74jSRht8_E_003069_003166_A_0020_0021.mp4,19,16,100,1,19,True,True,0.989936113357544,0.004260555957444012,0.0009935073018520295,0.6032447540201247,32,16,16,16,False,
finegym,val,EFvDqOF1sCk_E_003731_003896_A_0042_0044,data/FineGym_data/videos/val/19/EFvDqOF1sCk_E_003731_003896_A_0042_0044.mp4,19,16,100,1,19,True,True,0.9954368472099304,0.004175706068053842,0.0009935073018520295,0.598549610003829,31,16,16,16,False,
finegym,val,A0xAXXysHUo_E_004400_004497_A_0032_0033,data/FineGym_data/videos/val/19/A0xAXXysHUo_E_004400_004497_A_0032_0033.mp4,19,16,100,1,19,True,True,0.9903948903083801,0.004948540939949453,0.0009935073018520295,0.593878542073071,39,16,16,16,False,
finegym,val,E3AHJ6-QS8M_E_006496_006600_A_0042_0043,data/FineGym_data/videos/val/19/E3AHJ6-QS8M_E_006496_006600_A_0042_0043.mp4,19,16,100,1,19,True,True,0.9969227910041809,0.0057573020458221436,0.0009935073018520295,0.588157408987172,34,16,16,16,False,
finegym,val,CUuRl0Bwbbc_E_004433_004533_A_0032_0034,data/FineGym_data/videos/val/19/CUuRl0Bwbbc_E_004433_004533_A_0032_0034.mp4,19,16,100,1,19,True,True,0.9927302002906799,0.004961534054018557,0.0009935073018520295,0.581523347995244,43,16,16,16,False,
finegym,val,BLzs5opw8uM_E_001914_002013_A_0065_0067,data/FineGym_data/videos/val/19/BLzs5opw8uM_E_001914_002013_A_0065_0067.mp4,19,16,100,1,20,False,True,0.8042947053909302,0.005562304984778166,0.0009935073018520295,0.5758918530773371,49,16,16,16,False,
finegym,val,BLzs5opw8uM_E_000201_000302_A_0077_0079,data/FineGym_data/videos/val/19/BLzs5opw8uM_E_000201_000302_A_0077_0079.mp4,19,16,100,1,19,True,True,0.9962084293365479,0.004823123919777572,0.0009935073018520295,0.5695181509945542,49,16,16,16,False,
finegym,val,e3EsDlpNo0c_E_003966_004070_A_0060_0061,data/FineGym_data/videos/val/19/e3EsDlpNo0c_E_003966_004070_A_0060_0061.mp4,19,16,100,1,19,True,True,0.9912680387496948,0.00391471607144922,0.0009935073018520295,0.5638646240113303,41,16,16,16,False,
finegym,val,CUuRl0Bwbbc_E_004235_004331_A_0025_0026,data/FineGym_data/videos/val/19/CUuRl0Bwbbc_E_004235_004331_A_0025_0026.mp4,19,16,100,1,20,False,True,0.9332959651947021,0.005158224026672542,0.0009935073018520295,0.5591701020020992,38,16,16,16,False,
finegym,val,E3AHJ6-QS8M_E_004206_004316_A_0044_0045,data/FineGym_data/videos/val/19/E3AHJ6-QS8M_E_004206_004316_A_0044_0045.mp4,19,16,100,1,19,True,True,0.9932918548583984,0.004592299927026033,0.0009935073018520295,0.5532803919631988,35,16,16,16,False,
finegym,val,EKb2MMJSoeI_E_001528_001626_A_0072_0074,data/FineGym_data/videos/val/19/EKb2MMJSoeI_E_001528_001626_A_0072_0074.mp4,19,16,100,1,19,True,True,0.9947696328163147,0.004120783065445721,0.0009935073018520295,0.5479223110014573,48,16,16,16,False,
finegym,val,CUuRl0Bwbbc_E_003664_003763_A_0012_0013,data/FineGym_data/videos/val/19/CUuRl0Bwbbc_E_003664_003763_A_0012_0013.mp4,19,16,100,1,20,False,True,0.8294788002967834,0.003955552005209029,0.0009935073018520295,0.5430142559343949,38,16,16,16,False,
finegym,val,CkNz9ZIQmZI_E_007316_007416_A_0071_0072,data/FineGym_data/videos/val/19/CkNz9ZIQmZI_E_007316_007416_A_0071_0072.mp4,19,16,100,1,19,True,True,0.9806593060493469,0.004037466016598046,0.0009935073018520295,0.5383014510152861,35,16,16,16,False,
finegym,val,e3EsDlpNo0c_E_006401_006501_A_0042_0043,data/FineGym_data/videos/val/20/e3EsDlpNo0c_E_006401_006501_A_0042_0043.mp4,20,16,100,1,17,False,True,0.5033225417137146,0.0037674380000680685,0.0009935073018520295,0.5335729139624164,30,16,16,16,False,
finegym,val,e3EsDlpNo0c_E_002096_002195_A_0039_0040,data/FineGym_data/videos/val/20/e3EsDlpNo0c_E_002096_002195_A_0039_0040.mp4,20,16,100,1,20,True,True,0.9028894901275635,0.0033735170727595687,0.0009935073018520295,0.5290829360019416,28,16,16,16,False,
finegym,val,CkNz9ZIQmZI_E_008093_008190_A_0056_0057,data/FineGym_data/videos/val/20/CkNz9ZIQmZI_E_008093_008190_A_0056_0057.mp4,20,16,100,1,19,False,True,0.7367206811904907,0.004277247004210949,0.0009935073018520295,0.5249574839835986,31,16,16,16,False,
finegym,val,aN9hSsP6xTg_E_001042_001140_A_0036_0037,data/FineGym_data/videos/val/20/aN9hSsP6xTg_E_001042_001140_A_0036_0037.mp4,20,16,100,1,20,True,True,0.8889002203941345,0.0035565909929573536,0.0009935073018520295,0.5199487509671599,24,16,16,16,False,
finegym,val,EFvDqOF1sCk_E_002657_002760_A_0084_0085,data/FineGym_data/videos/val/20/EFvDqOF1sCk_E_002657_002760_A_0084_0085.mp4,20,16,100,1,19,False,True,0.9640651941299438,0.0034135730238631368,0.0009935073018520295,0.5156679869396612,25,16,16,16,False,
finegym,val,DyZ2qj6x1UE_E_004939_005041_A_0076_0077,data/FineGym_data/videos/val/20/DyZ2qj6x1UE_E_004939_005041_A_0076_0077.mp4,20,16,100,1,19,False,True,0.8844171166419983,0.004046443034894764,0.0009935073018520295,0.5115228990325704,24,16,16,16,False,
finegym,val,DyZ2qj6x1UE_E_003507_003612_A_0046_0047,data/FineGym_data/videos/val/20/DyZ2qj6x1UE_E_003507_003612_A_0046_0047.mp4,20,16,100,1,15,False,False,0.3014092743396759,0.004092540009878576,0.0009935073018520295,0.5067502500023693,27,16,16,16,False,
finegym,val,esQQbBhuXbM_E_003205_003304_A_0043_0044,data/FineGym_data/videos/val/20/esQQbBhuXbM_E_003205_003304_A_0043_0044.mp4,20,16,100,1,20,True,True,0.8870996832847595,0.0034671330358833075,0.0009935073018520295,0.5019568509887904,23,16,16,16,False,
finegym,val,EFvDqOF1sCk_E_001457_001559_A_0029_0030,data/FineGym_data/videos/val/20/EFvDqOF1sCk_E_001457_001559_A_0029_0030.mp4,20,16,100,1,19,False,True,0.9095680713653564,0.003741438966244459,0.0009935073018520295,0.4977469900622964,28,16,16,16,False,
finegym,val,aN3PC4tJokk_E_003860_003960_A_0040_0041,data/FineGym_data/videos/val/20/aN3PC4tJokk_E_003860_003960_A_0040_0041.mp4,20,16,100,1,20,True,True,0.7066977024078369,0.00438052206300199,0.0009935073018520295,0.49328389402944595,33,16,16,16,False,
finegym,val,E3AHJ6-QS8M_E_002634_002733_A_0052_0053,data/FineGym_data/videos/val/20/E3AHJ6-QS8M_E_002634_002733_A_0052_0053.mp4,20,16,100,1,20,True,True,0.9935914874076843,0.004361175000667572,0.0009935073018520295,0.4881590319564566,30,16,16,16,False,
finegym,val,EKb2MMJSoeI_E_001694_001791_A_0053_0054,data/FineGym_data/videos/val/20/EKb2MMJSoeI_E_001694_001791_A_0053_0054.mp4,20,16,100,1,20,True,True,0.5947700142860413,0.003703257068991661,0.0009935073018520295,0.4830532659543678,38,16,16,16,False,
finegym,val,dqUNtY2GwW4_E_003377_003473_A_0056_0057,data/FineGym_data/videos/val/21/dqUNtY2GwW4_E_003377_003473_A_0056_0057.mp4,21,16,100,1,21,True,True,0.9829727411270142,0.004686077008955181,0.0009935073018520295,0.4785959399305284,24,16,16,16,False,
finegym,val,E3AHJ6-QS8M_E_003321_003427_A_0066_0067,data/FineGym_data/videos/val/21/E3AHJ6-QS8M_E_003321_003427_A_0066_0067.mp4,21,16,100,1,21,True,True,0.9931460618972778,0.003786533954553306,0.0009935073018520295,0.47317516105249524,19,16,16,16,False,
finegym,val,aN9hSsP6xTg_E_001640_001834_A_0056_0057,data/FineGym_data/videos/val/21/aN9hSsP6xTg_E_001640_001834_A_0056_0057.mp4,21,16,100,1,21,True,True,0.48324424028396606,0.0033076020190492272,0.0009935073018520295,0.46858025703113526,22,16,16,16,False,
finegym,val,aEZbP-Yephw_E_000849_000949_A_0071_0072,data/FineGym_data/videos/val/21/aEZbP-Yephw_E_000849_000949_A_0071_0072.mp4,21,16,100,1,20,False,True,0.6569414734840393,0.004362147068604827,0.0009935073018520295,0.4645670260069892,25,16,16,16,False,
finegym,val,DG7upbhB1bI_E_003248_003346_A_0058_0059,data/FineGym_data/videos/val/21/DG7upbhB1bI_E_003248_003346_A_0058_0059.mp4,21,16,100,1,21,True,True,0.44248223304748535,0.003451503929682076,0.0009935073018520295,0.45950149605050683,33,16,16,16,False,
finegym,val,DG7upbhB1bI_E_007125_007233_A_0052_0053,data/FineGym_data/videos/val/21/DG7upbhB1bI_E_007125_007233_A_0052_0053.mp4,21,16,100,1,21,True,True,0.9921588897705078,0.002987450920045376,0.0009935073018520295,0.45532085094600916,23,16,16,16,False,
finegym,val,e3EsDlpNo0c_E_003301_003400_A_0012_0013,data/FineGym_data/videos/val/21/e3EsDlpNo0c_E_003301_003400_A_0012_0013.mp4,21,16,100,1,21,True,True,0.9930381178855896,0.0033045780146494508,0.0009935073018520295,0.45161801401991397,29,16,16,16,False,
finegym,val,aN9hSsP6xTg_E_002637_002732_A_0076_0077,data/FineGym_data/videos/val/21/aN9hSsP6xTg_E_002637_002732_A_0076_0077.mp4,21,16,100,1,21,True,True,0.9059179425239563,0.0032631789799779654,0.0009935073018520295,0.4476613000733778,25,16,16,16,False,
finegym,val,DyZ2qj6x1UE_E_002913_003008_A_0051_0052,data/FineGym_data/videos/val/21/DyZ2qj6x1UE_E_002913_003008_A_0051_0052.mp4,21,16,100,1,21,True,True,0.899502158164978,0.004231992061249912,0.0009935073018520295,0.44367131299804896,25,16,16,16,False,
finegym,val,AZ4wWG6Rcak_E_002331_002434_A_0019_0020,data/FineGym_data/videos/val/21/AZ4wWG6Rcak_E_002331_002434_A_0019_0020.mp4,21,16,100,1,21,True,True,0.6777569651603699,0.004216693923808634,0.0009935073018520295,0.438727761968039,28,16,16,16,False,
finegym,val,CUuRl0Bwbbc_E_003495_003598_A_0056_0057,data/FineGym_data/videos/val/21/CUuRl0Bwbbc_E_003495_003598_A_0056_0057.mp4,21,16,100,1,21,True,True,0.9715296626091003,0.004286695038899779,0.0009935073018520295,0.43378293910063803,30,16,16,16,False,
finegym,val,E3AHJ6-QS8M_E_005168_005260_A_0036_0037,data/FineGym_data/videos/val/21/E3AHJ6-QS8M_E_005168_005260_A_0036_0037.mp4,21,16,100,1,21,True,True,0.9882069230079651,0.0040302620036527514,0.0009935073018520295,0.4287305740872398,26,16,16,16,False,
finegym,val,CkNz9ZIQmZI_E_006383_006487_A_0059_0060,data/FineGym_data/videos/val/21/CkNz9ZIQmZI_E_006383_006487_A_0059_0060.mp4,21,16,100,1,21,True,True,0.9674310088157654,0.0029626140603795648,0.0009935073018520295,0.4239523339783773,19,16,16,16,False,
finegym,val,DyZ2qj6x1UE_E_003507_003612_A_0096_0097,data/FineGym_data/videos/val/21/DyZ2qj6x1UE_E_003507_003612_A_0096_0097.mp4,21,16,100,1,21,True,True,0.9911361932754517,0.002993060974404216,0.0009935073018520295,0.42029126605484635,20,16,16,16,False,
finegym,val,DTedv-hhHU4_E_002197_002298_A_0026_0026,data/FineGym_data/videos/val/21/DTedv-hhHU4_E_002197_002298_A_0026_0026.mp4,21,16,100,1,21,True,True,0.9921683669090271,0.0035004960373044014,0.0009935073018520295,0.41660789609886706,26,16,16,16,False,
finegym,val,aN9hSsP6xTg_E_001146_001246_A_0075_0076,data/FineGym_data/videos/val/21/aN9hSsP6xTg_E_001146_001246_A_0075_0076.mp4,21,16,100,1,21,True,True,0.5489051342010498,0.0038586800219491124,0.0009935073018520295,0.4123882269486785,39,16,16,16,False,
finegym,val,AZ4wWG6Rcak_E_002768_002869_A_0062_0063,data/FineGym_data/videos/val/21/AZ4wWG6Rcak_E_002768_002869_A_0062_0063.mp4,21,16,100,1,21,True,True,0.9930931329727173,0.004022978944703937,0.0009935073018520295,0.40776296495459974,23,16,16,16,False,
finegym,val,C5Yfd1IWjmM_E_002895_002996_A_0056_0057,data/FineGym_data/videos/val/21/C5Yfd1IWjmM_E_002895_002996_A_0056_0057.mp4,21,16,100,1,20,False,True,0.9793718457221985,0.00374700000975281,0.0009935073018520295,0.4031446960289031,28,16,16,16,False,
finegym,val,aN9hSsP6xTg_E_002823_002928_A_0074_0075,data/FineGym_data/videos/val/21/aN9hSsP6xTg_E_002823_002928_A_0074_0075.mp4,21,16,100,1,21,True,True,0.9934148788452148,0.00318021303974092,0.0009935073018520295,0.39866306399926543,22,16,16,16,False,
finegym,val,CUuRl0Bwbbc_E_003247_003355_A_0080_0081,data/FineGym_data/videos/val/21/CUuRl0Bwbbc_E_003247_003355_A_0080_0081.mp4,21,16,100,1,21,True,True,0.8825316429138184,0.003925645956769586,0.0009935073018520295,0.3947686479659751,34,16,16,16,False,
finegym,val,CkNz9ZIQmZI_E_006859_006958_A_0043_0045,data/FineGym_data/videos/val/22/CkNz9ZIQmZI_E_006859_006958_A_0043_0045.mp4,22,16,100,1,22,True,True,0.9976646900177002,0.004189572995528579,0.0009935073018520295,0.3902000719681382,47,16,16,16,False,
finegym,val,eH-ZgOT8ASM_E_007496_007602_A_0044_0047,data/FineGym_data/videos/val/22/eH-ZgOT8ASM_E_007496_007602_A_0044_0047.mp4,22,16,100,1,22,True,True,0.9968205690383911,0.003965499927289784,0.0009935073018520295,0.38526589900720865,60,16,16,16,False,
finegym,val,C5Yfd1IWjmM_E_003761_003863_A_0086_0088,data/FineGym_data/videos/val/22/C5Yfd1IWjmM_E_003761_003863_A_0086_0088.mp4,22,16,100,1,22,True,True,0.9752436280250549,0.003739394946023822,0.0009935073018520295,0.3805253899190575,41,16,16,16,False,
finegym,val,e3EsDlpNo0c_E_003966_004070_A_0045_0047,data/FineGym_data/videos/val/22/e3EsDlpNo0c_E_003966_004070_A_0045_0047.mp4,22,16,100,1,22,True,True,0.9823375940322876,0.00380651094019413,0.0009935073018520295,0.3760370049858466,45,16,16,16,False,
finegym,val,A0xAXXysHUo_E_003435_003534_A_0053_0055,data/FineGym_data/videos/val/22/A0xAXXysHUo_E_003435_003534_A_0053_0055.mp4,22,16,100,1,22,True,True,0.9986434578895569,0.005053748027421534,0.0009935073018520295,0.37145271000918,51,16,16,16,False,
finegym,val,E3AHJ6-QS8M_E_003321_003427_A_0065_0066,data/FineGym_data/videos/val/22/E3AHJ6-QS8M_E_003321_003427_A_0065_0066.mp4,22,16,100,1,22,True,True,0.9991932511329651,0.004592951969243586,0.0009935073018520295,0.3657142349984497,30,16,16,16,False,
finegym,val,aN3PC4tJokk_E_004599_004701_A_0080_0082,data/FineGym_data/videos/val/22/aN3PC4tJokk_E_004599_004701_A_0080_0082.mp4,22,16,100,1,17,False,True,0.4860058128833771,0.0043774660443887115,0.0009935073018520295,0.36036019097082317,43,16,16,16,False,
finegym,val,e3EsDlpNo0c_E_004350_004455_A_0035_0037,data/FineGym_data/videos/val/22/e3EsDlpNo0c_E_004350_004455_A_0035_0037.mp4,22,16,100,1,22,True,True,0.9909297823905945,0.004249615012668073,0.0009935073018520295,0.35545053402893245,44,16,16,16,False,
finegym,val,DTedv-hhHU4_E_002197_002298_A_0024_0026,data/FineGym_data/videos/val/22/DTedv-hhHU4_E_002197_002298_A_0024_0026.mp4,22,16,100,1,22,True,True,0.9973973035812378,0.0040802269941195846,0.0009935073018520295,0.35050746495835483,38,16,16,16,False,
finegym,val,E3AHJ6-QS8M_E_005894_006001_A_0069_0070,data/FineGym_data/videos/val/22/E3AHJ6-QS8M_E_005894_006001_A_0069_0070.mp4,22,16,100,1,22,True,True,0.9987848401069641,0.005430796998552978,0.0009935073018520295,0.3456157719483599,37,16,16,16,False,
finegym,val,EFvDqOF1sCk_E_003932_004039_A_0050_0051,data/FineGym_data/videos/val/22/EFvDqOF1sCk_E_003932_004039_A_0050_0051.mp4,22,16,100,1,22,True,True,0.9910166263580322,0.004193199914880097,0.0009935073018520295,0.3395628338912502,32,16,16,16,False,
finegym,val,A0xAXXysHUo_E_003749_003849_A_0059_0060,data/FineGym_data/videos/val/22/A0xAXXysHUo_E_003749_003849_A_0059_0060.mp4,22,16,100,1,22,True,True,0.9945244789123535,0.00626488693524152,0.0010375303330268555,0.6823171210708097,48,16,16,16,False,
finegym,val,AZ4wWG6Rcak_E_002331_002434_A_0081_0084,data/FineGym_data/videos/val/22/AZ4wWG6Rcak_E_002331_002434_A_0081_0084.mp4,22,16,100,1,22,True,True,0.9890367388725281,0.005184483947232366,0.0010375303330268555,0.6752049399074167,52,16,16,16,False,
finegym,val,BLzs5opw8uM_E_003532_003625_A_0068_0070,data/FineGym_data/videos/val/22/BLzs5opw8uM_E_003532_003625_A_0068_0070.mp4,22,16,100,1,22,True,True,0.9987261891365051,0.005283159087412059,0.0010375303330268555,0.669257650966756,53,16,16,16,False,
finegym,val,A0xAXXysHUo_E_003897_003995_A_0053_0055,data/FineGym_data/videos/val/22/A0xAXXysHUo_E_003897_003995_A_0053_0055.mp4,22,16,100,1,22,True,True,0.991166889667511,0.004449922009371221,0.0010375303330268555,0.6632206130307168,44,16,16,16,False,
finegym,val,EKb2MMJSoeI_E_001528_001626_A_0048_0050,data/FineGym_data/videos/val/22/EKb2MMJSoeI_E_001528_001626_A_0048_0050.mp4,22,16,100,1,22,True,True,0.9989282488822937,0.004479657975025475,0.0010375303330268555,0.6580170029774308,46,16,16,16,False,
finegym,val,e3EsDlpNo0c_E_006401_006501_A_0041_0042,data/FineGym_data/videos/val/22/e3EsDlpNo0c_E_006401_006501_A_0041_0042.mp4,22,16,100,1,22,True,True,0.9827383160591125,0.004139206954278052,0.0010375303330268555,0.6527888369746506,50,16,16,16,False,
finegym,val,A0xAXXysHUo_E_004694_004791_A_0056_0058,data/FineGym_data/videos/val/22/A0xAXXysHUo_E_004694_004791_A_0056_0058.mp4,22,16,100,1,20,False,True,0.7879908680915833,0.004060720093548298,0.0010375303330268555,0.6479058989789337,35,16,16,16,False,
finegym,val,eH-ZgOT8ASM_E_007874_007986_A_0050_0052,data/FineGym_data/videos/val/22/eH-ZgOT8ASM_E_007874_007986_A_0050_0052.mp4,22,16,100,1,22,True,True,0.9967190623283386,0.0038319190498441458,0.0010375303330268555,0.6431076120352373,37,16,16,16,False,
finegym,val,e3EsDlpNo0c_E_008527_008631_A_0016_0017,data/FineGym_data/videos/val/22/e3EsDlpNo0c_E_008527_008631_A_0016_0017.mp4,22,16,100,1,22,True,True,0.9850082397460938,0.004319777013733983,0.0010375303330268555,0.638556528952904,46,16,16,16,False,
finegym,val,BLzs5opw8uM_E_002952_003051_A_0074_0075,data/FineGym_data/videos/val/23/BLzs5opw8uM_E_002952_003051_A_0074_0075.mp4,23,16,100,1,23,True,True,0.9915779829025269,0.00467049703001976,0.0010375303330268555,0.633489266037941,33,16,16,16,False,
finegym,val,CkNz9ZIQmZI_E_007103_007202_A_0034_0036,data/FineGym_data/videos/val/23/CkNz9ZIQmZI_E_007103_007202_A_0034_0036.mp4,23,16,100,1,12,False,True,0.31216174364089966,0.004117968026548624,0.0010375303330268555,0.628137267078273,35,16,16,16,False,
finegym,val,AZ4wWG6Rcak_E_002331_002434_A_0020_0021,data/FineGym_data/videos/val/23/AZ4wWG6Rcak_E_002331_002434_A_0020_0021.mp4,23,16,100,1,23,True,True,0.46744441986083984,0.004106014966964722,0.0010375303330268555,0.6232906279619783,30,16,16,16,False,
finegym,val,cSh74jSRht8_E_004401_004506_A_0067_0068,data/FineGym_data/videos/val/23/cSh74jSRht8_E_004401_004506_A_0067_0068.mp4,23,16,100,1,23,True,True,0.9905673861503601,0.003317672060802579,0.0010375303330268555,0.6185703080845997,25,16,16,16,False,
finegym,val,BLzs5opw8uM_E_003209_003313_A_0069_0070,data/FineGym_data/videos/val/23/BLzs5opw8uM_E_003209_003313_A_0069_0070.mp4,23,16,100,1,23,True,True,0.950710117816925,0.0044317180290818214,0.0010375303330268555,0.6145529389614239,32,16,16,16,False,
finegym,val,CUuRl0Bwbbc_E_003957_004064_A_0063_0064,data/FineGym_data/videos/val/23/CUuRl0Bwbbc_E_003957_004064_A_0063_0064.mp4,23,16,100,1,23,True,True,0.9675050973892212,0.004453308996744454,0.0010375303330268555,0.6092835150193423,34,16,16,16,False,
finegym,val,BQhX6F3gpp8_E_007119_007222_A_0079_0080,data/FineGym_data/videos/val/23/BQhX6F3gpp8_E_007119_007222_A_0079_0080.mp4,23,16,100,1,23,True,True,0.9964838027954102,0.0034659799421206117,0.0010375303330268555,0.6041633529821411,31,16,16,16,False,
finegym,val,CkNz9ZIQmZI_E_007814_007922_A_0070_0071,data/FineGym_data/videos/val/23/CkNz9ZIQmZI_E_007814_007922_A_0070_0071.mp4,23,16,100,1,23,True,True,0.9970629811286926,0.00342569500207901,0.0010375303330268555,0.5999848910141736,26,16,16,16,False,
finegym,val,E3AHJ6-QS8M_E_005450_005555_A_0019_0020,data/FineGym_data/videos/val/24/E3AHJ6-QS8M_E_005450_005555_A_0019_0020.mp4,24,16,100,1,24,True,True,0.5340412259101868,0.0037707550218328834,0.0010375303330268555,0.5958594089606777,33,16,16,16,False,
finegym,val,aEZbP-Yephw_E_001131_001234_A_0030_0031,data/FineGym_data/videos/val/24/aEZbP-Yephw_E_001131_001234_A_0030_0031.mp4,24,16,100,1,24,True,True,0.9845800399780273,0.003987442934885621,0.0010375303330268555,0.5913641219958663,29,16,16,16,False,
finegym,val,e3EsDlpNo0c_E_006401_006501_A_0032_0034,data/FineGym_data/videos/val/24/e3EsDlpNo0c_E_006401_006501_A_0032_0034.mp4,24,16,100,1,38,False,True,0.9812901616096497,0.0038827250245958567,0.0010375303330268555,0.5866479389369488,48,16,16,16,False,
finegym,val,e3EsDlpNo0c_E_006102_006204_A_0020_0021,data/FineGym_data/videos/val/24/e3EsDlpNo0c_E_006102_006204_A_0020_0021.mp4,24,16,100,1,38,False,True,0.9841237664222717,0.006499729002825916,0.0010375303330268555,0.5819613620406017,47,16,16,16,False,
finegym,val,BLzs5opw8uM_E_003209_003313_A_0028_0029,data/FineGym_data/videos/val/24/BLzs5opw8uM_E_003209_003313_A_0028_0029.mp4,24,16,100,1,38,False,True,0.7652818560600281,0.004974949988536537,0.0010375303330268555,0.5745223059784621,35,16,16,16,False,
finegym,val,e3EsDlpNo0c_E_004350_004455_A_0022_0023,data/FineGym_data/videos/val/24/e3EsDlpNo0c_E_004350_004455_A_0022_0023.mp4,24,16,100,1,24,True,True,0.5502259135246277,0.004304027068428695,0.0010375303330268555,0.5690092239528894,32,16,16,16,False,
finegym,val,dqUNtY2GwW4_E_003377_003473_A_0016_0018,data/FineGym_data/videos/val/24/dqUNtY2GwW4_E_003377_003473_A_0016_0018.mp4,24,16,100,1,24,True,True,0.8707281351089478,0.0038408960681408644,0.0010375303330268555,0.5639445149572566,30,16,16,16,False,
finegym,val,CUuRl0Bwbbc_E_004235_004331_A_0020_0022,data/FineGym_data/videos/val/24/CUuRl0Bwbbc_E_004235_004331_A_0020_0022.mp4,24,16,100,1,38,False,True,0.7633970975875854,0.005522280000150204,0.0010375303330268555,0.5595074269222096,60,16,16,16,False,
finegym,val,esQQbBhuXbM_E_005908_006008_A_0011_0014,data/FineGym_data/videos/val/24/esQQbBhuXbM_E_005908_006008_A_0011_0014.mp4,24,16,100,1,38,False,True,0.9953004121780396,0.004411229980178177,0.0010375303330268555,0.5531884980155155,61,16,16,16,False,
finegym,val,C5Yfd1IWjmM_E_001396_001513_A_0020_0021,data/FineGym_data/videos/val/24/C5Yfd1IWjmM_E_001396_001513_A_0020_0021.mp4,24,16,100,1,24,True,True,0.9851948618888855,0.004219148075208068,0.0010375303330268555,0.5479883749503642,32,16,16,16,False,
finegym,val,0LtLS9wROrk_E_002843_002945_A_0024_0026,data/FineGym_data/videos/val/24/0LtLS9wROrk_E_002843_002945_A_0024_0026.mp4,24,16,100,1,38,False,True,0.9946098327636719,0.005167332012206316,0.0010375303330268555,0.542987407068722,50,16,16,16,False,
finegym,val,AZ4wWG6Rcak_E_005067_005168_A_0039_0040,data/FineGym_data/videos/val/24/AZ4wWG6Rcak_E_005067_005168_A_0039_0040.mp4,24,16,100,1,38,False,True,0.937921941280365,0.004962285980582237,0.0010375303330268555,0.537179630016908,47,16,16,16,False,
finegym,val,E3AHJ6-QS8M_E_006283_006392_A_0040_0041,data/FineGym_data/videos/val/24/E3AHJ6-QS8M_E_006283_006392_A_0040_0041.mp4,24,16,100,1,37,False,True,0.7231159210205078,0.005089355050586164,0.0010375303330268555,0.5315802639815956,29,16,16,16,False,
finegym,val,EKb2MMJSoeI_E_001299_001403_A_0034_0036,data/FineGym_data/videos/val/24/EKb2MMJSoeI_E_001299_001403_A_0034_0036.mp4,24,16,100,1,24,True,True,0.5314297080039978,0.004797535948455334,0.0010375303330268555,0.5255831109825522,34,16,16,16,False,
finegym,val,AZ4wWG6Rcak_E_005867_005973_A_0042_0045,data/FineGym_data/videos/val/24/AZ4wWG6Rcak_E_005867_005973_A_0042_0045.mp4,24,16,100,1,38,False,True,0.501592218875885,0.006122888997197151,0.0010375303330268555,0.5200246840249747,59,16,16,16,False,
finegym,val,DTedv-hhHU4_E_000795_000904_A_0024_0025,data/FineGym_data/videos/val/24/DTedv-hhHU4_E_000795_000904_A_0024_0025.mp4,24,16,100,1,24,True,True,0.9911122918128967,0.004049608949571848,0.0010375303330268555,0.5131200839532539,29,16,16,16,False,
finegym,val,CUuRl0Bwbbc_E_003957_004064_A_0023_0024,data/FineGym_data/videos/val/24/CUuRl0Bwbbc_E_003957_004064_A_0023_0024.mp4,24,16,100,1,24,True,True,0.990104615688324,0.003646541037596762,0.0010375303330268555,0.508540848037228,36,16,16,16,False,
finegym,val,A0xAXXysHUo_E_003089_003189_A_0066_0067,data/FineGym_data/videos/val/24/A0xAXXysHUo_E_003089_003189_A_0066_0067.mp4,24,16,100,1,38,False,True,0.9708296656608582,0.0051675119902938604,0.0010375303330268555,0.5044999959645793,51,16,16,16,False,
finegym,val,A0xAXXysHUo_E_003749_003849_A_0030_0032,data/FineGym_data/videos/val/24/A0xAXXysHUo_E_003749_003849_A_0030_0032.mp4,24,16,100,1,24,True,True,0.995945394039154,0.004118469078093767,0.0010375303330268555,0.49856239394284785,34,16,16,16,False,
finegym,val,eH-ZgOT8ASM_E_007874_007986_A_0041_0043,data/FineGym_data/videos/val/24/eH-ZgOT8ASM_E_007874_007986_A_0041_0043.mp4,24,16,100,1,38,False,True,0.9034362435340881,0.004623278975486755,0.0010375303330268555,0.4939908339874819,70,16,16,16,False,
finegym,val,CkNz9ZIQmZI_E_007578_007683_A_0028_0029,data/FineGym_data/videos/val/25/CkNz9ZIQmZI_E_007578_007683_A_0028_0029.mp4,25,16,100,1,13,False,False,0.15247587859630585,0.004669554997235537,0.0010375303330268555,0.4888157070381567,38,16,16,16,False,
finegym,val,EFvDqOF1sCk_E_003731_003896_A_0029_0030,data/FineGym_data/videos/val/25/EFvDqOF1sCk_E_003731_003896_A_0029_0030.mp4,25,16,100,1,25,True,True,0.9865167140960693,0.004014342906884849,0.0010375303330268555,0.48366175103001297,29,16,16,16,False,
finegym,val,0LtLS9wROrk_E_003137_003230_A_0050_0051,data/FineGym_data/videos/val/25/0LtLS9wROrk_E_003137_003230_A_0050_0051.mp4,25,16,100,1,25,True,True,0.9932671785354614,0.0036549459910020232,0.0010375303330268555,0.47920795099344105,21,16,16,16,False,
finegym,val,aN3PC4tJokk_E_004100_004199_A_0092_0093,data/FineGym_data/videos/val/25/aN3PC4tJokk_E_004100_004199_A_0092_0093.mp4,25,16,100,1,25,True,True,0.9738788604736328,0.004317563027143478,0.0010375303330268555,0.4750898740021512,31,16,16,16,False,
finegym,val,DyZ2qj6x1UE_E_002690_002787_A_0057_0058,data/FineGym_data/videos/val/25/DyZ2qj6x1UE_E_002690_002787_A_0057_0058.mp4,25,16,100,1,25,True,True,0.9711573719978333,0.0036906140157952905,0.0010375303330268555,0.4701599079417065,17,16,16,16,False,
finegym,val,CkNz9ZIQmZI_E_008093_008190_A_0043_0043,data/FineGym_data/videos/val/25/CkNz9ZIQmZI_E_008093_008190_A_0043_0043.mp4,25,16,100,1,24,False,True,0.725909948348999,0.003423971007578075,0.0010375303330268555,0.4657645790139213,18,16,16,16,False,
finegym,val,DyZ2qj6x1UE_E_003507_003612_A_0082_0083,data/FineGym_data/videos/val/25/DyZ2qj6x1UE_E_003507_003612_A_0082_0083.mp4,25,16,100,1,38,False,True,0.6372100710868835,0.003558013937436044,0.0010375303330268555,0.4618014629231766,21,16,16,16,False,
finegym,val,0LtLS9wROrk_E_003773_003867_A_0031_0032,data/FineGym_data/videos/val/25/0LtLS9wROrk_E_003773_003867_A_0031_0032.mp4,25,16,100,1,25,True,True,0.9007357358932495,0.0030683729564771056,0.0010375303330268555,0.45786547800526023,21,16,16,16,False,
finegym,val,eH-ZgOT8ASM_E_007496_007602_A_0074_0075,data/FineGym_data/videos/val/25/eH-ZgOT8ASM_E_007496_007602_A_0074_0075.mp4,25,16,100,1,25,True,True,0.8993424773216248,0.002756836940534413,0.0010375303330268555,0.45439152198377997,20,16,16,16,False,
finegym,val,BQhX6F3gpp8_E_008733_008833_A_0023_0025,data/FineGym_data/videos/val/25/BQhX6F3gpp8_E_008733_008833_A_0023_0025.mp4,25,16,100,1,25,True,True,0.7872905135154724,0.003920505987480283,0.0010375303330268555,0.45125497109256685,53,16,16,16,False,
finegym,val,0LtLS9wROrk_E_004902_005000_A_0019_0020,data/FineGym_data/videos/val/25/0LtLS9wROrk_E_004902_005000_A_0019_0020.mp4,25,16,100,1,25,True,True,0.8762766718864441,0.004790413076989353,0.0010375303330268555,0.44687152397818863,23,16,16,16,False,
finegym,val,DyZ2qj6x1UE_E_002913_003008_A_0042_0043,data/FineGym_data/videos/val/25/DyZ2qj6x1UE_E_002913_003008_A_0042_0043.mp4,25,16,100,1,25,True,True,0.568385124206543,0.004450183012522757,0.0010375303330268555,0.4411979189608246,29,16,16,16,False,
finegym,val,EFvDqOF1sCk_E_002657_002760_A_0024_0025,data/FineGym_data/videos/val/25/EFvDqOF1sCk_E_002657_002760_A_0024_0025.mp4,25,16,100,1,25,True,True,0.813292920589447,0.004122445941902697,0.0010375303330268555,0.4359932279912755,27,16,16,16,False,
finegym,val,0LtLS9wROrk_E_007340_007433_A_0018_0019,data/FineGym_data/videos/val/25/0LtLS9wROrk_E_007340_007433_A_0018_0019.mp4,25,16,100,1,25,True,True,0.9503028392791748,0.003435123013332486,0.0010375303330268555,0.43131204997189343,22,16,16,16,False,
finegym,val,AZ4wWG6Rcak_E_005289_005394_A_0077_0078,data/FineGym_data/videos/val/25/AZ4wWG6Rcak_E_005289_005394_A_0077_0078.mp4,25,16,100,1,25,True,True,0.8910170197486877,0.003458025981672108,0.0010375303330268555,0.4274353369837627,17,16,16,16,False,
finegym,val,eH-ZgOT8ASM_E_008137_008245_A_0066_0066,data/FineGym_data/videos/val/25/eH-ZgOT8ASM_E_008137_008245_A_0066_0066.mp4,25,16,100,1,25,True,True,0.9175724387168884,0.003415315062738955,0.0010375303330268555,0.4229975069174543,16,16,16,16,False,
finegym,val,EFvDqOF1sCk_E_003932_004039_A_0030_0032,data/FineGym_data/videos/val/25/EFvDqOF1sCk_E_003932_004039_A_0030_0032.mp4,25,16,100,1,25,True,True,0.7852115631103516,0.004792726947925985,0.0010375303330268555,0.4187727990793064,32,16,16,16,False,
finegym,val,cSh74jSRht8_E_003847_003941_A_0052_0054,data/FineGym_data/videos/val/25/cSh74jSRht8_E_003847_003941_A_0052_0054.mp4,25,16,100,1,25,True,True,0.3272935748100281,0.005030674976296723,0.0010375303330268555,0.41315101203508675,43,16,16,16,False,
finegym,val,eH-ZgOT8ASM_E_008334_008443_A_0084_0085,data/FineGym_data/videos/val/25/eH-ZgOT8ASM_E_008334_008443_A_0084_0085.mp4,25,16,100,1,25,True,True,0.931391179561615,0.004178941948339343,0.0010375303330268555,0.40727568801958114,25,16,16,16,False,
finegym,val,CkNz9ZIQmZI_E_006383_006487_A_0048_0050,data/FineGym_data/videos/val/25/CkNz9ZIQmZI_E_006383_006487_A_0048_0050.mp4,25,16,100,1,25,True,True,0.7755746245384216,0.004310789983719587,0.0010375303330268555,0.40225564409047365,41,16,16,16,False,
finegym,val,A0xAXXysHUo_E_004400_004497_A_0071_0072,data/FineGym_data/videos/val/26/A0xAXXysHUo_E_004400_004497_A_0071_0072.mp4,26,16,100,1,26,True,True,0.9980831146240234,0.005338944029062986,0.0010375303330268555,0.3971903040073812,37,16,16,16,False,
finegym,val,dqUNtY2GwW4_E_003169_003267_A_0064_0065,data/FineGym_data/videos/val/26/dqUNtY2GwW4_E_003169_003267_A_0064_0065.mp4,26,16,100,1,26,True,True,0.9989751577377319,0.003754073055461049,0.0010375303330268555,0.3912391070043668,21,16,16,16,False,
finegym,val,aN9hSsP6xTg_E_001977_002183_A_0034_0035,data/FineGym_data/videos/val/26/aN9hSsP6xTg_E_001977_002183_A_0034_0035.mp4,26,16,100,1,26,True,True,0.9886435866355896,0.0033151969546452165,0.0010375303330268555,0.3870820249430835,25,16,16,16,False,
finegym,val,C5Yfd1IWjmM_E_001645_001751_A_0046_0047,data/FineGym_data/videos/val/26/C5Yfd1IWjmM_E_001645_001751_A_0046_0047.mp4,26,16,100,1,26,True,True,0.9265193343162537,0.004114230978302658,0.0010375303330268555,0.3833680379902944,27,16,16,16,False,
finegym,val,E3AHJ6-QS8M_E_006496_006600_A_0081_0082,data/FineGym_data/videos/val/26/E3AHJ6-QS8M_E_006496_006600_A_0081_0082.mp4,26,16,100,1,26,True,True,0.9979715943336487,0.0051829509902745485,0.0010375303330268555,0.37848232593387365,25,16,16,16,False,
finegym,val,DTedv-hhHU4_E_001024_001129_A_0046_0047,data/FineGym_data/videos/val/26/DTedv-hhHU4_E_001024_001129_A_0046_0047.mp4,26,16,100,1,26,True,True,0.9879794120788574,0.0037270119646564126,0.0010375303330268555,0.3726788369240239,23,16,16,16,False,
finegym,val,aN3PC4tJokk_E_004346_004452_A_0081_0083,data/FineGym_data/videos/val/26/aN3PC4tJokk_E_004346_004452_A_0081_0083.mp4,26,16,100,1,26,True,True,0.9191035032272339,0.005074167042039335,0.0010375303330268555,0.3680920780170709,38,16,16,16,False,
finegym,val,DG7upbhB1bI_E_001882_001986_A_0076_0076,data/FineGym_data/videos/val/26/DG7upbhB1bI_E_001882_001986_A_0076_0076.mp4,26,16,100,1,26,True,True,0.9941501617431641,0.004489536979235709,0.0010375303330268555,0.3622082279762253,26,16,16,16,False,
finegym,val,e3EsDlpNo0c_E_003966_004070_A_0050_0051,data/FineGym_data/videos/val/26/e3EsDlpNo0c_E_003966_004070_A_0050_0051.mp4,26,16,100,1,26,True,True,0.9832467436790466,0.004275634069927037,0.0010375303330268555,0.35692309495061636,27,16,16,16,False,
finegym,val,aN9hSsP6xTg_E_002637_002732_A_0078_0079,data/FineGym_data/videos/val/26/aN9hSsP6xTg_E_002637_002732_A_0078_0079.mp4,26,16,100,1,26,True,True,0.9959749579429626,0.004695342970080674,0.0010375303330268555,0.35196420492138714,29,16,16,16,False,
finegym,val,aN9hSsP6xTg_E_000547_000651_A_0056_0057,data/FineGym_data/videos/val/26/aN9hSsP6xTg_E_000547_000651_A_0056_0057.mp4,26,16,100,1,26,True,True,0.9876163601875305,0.0039317870978266,0.0010375303330268555,0.3464928719913587,22,16,16,16,False,
finegym,val,DG7upbhB1bI_E_001017_001123_A_0052_0053,data/FineGym_data/videos/val/26/DG7upbhB1bI_E_001017_001123_A_0052_0053.mp4,26,16,100,1,26,True,True,0.9957430958747864,0.003855953924357891,0.0010375303330268555,0.3421159170102328,32,16,16,16,False,
finegym,val,aEZbP-Yephw_E_004976_005078_A_0074_0075,data/FineGym_data/videos/val/26/aEZbP-Yephw_E_004976_005078_A_0074_0075.mp4,26,16,100,1,26,True,True,0.9986054301261902,0.004176698043011129,0.0010375303330268555,0.33769641106482595,25,16,16,16,False,
finegym,val,e3EsDlpNo0c_E_007562_007662_A_0071_0072,data/FineGym_data/videos/val/26/e3EsDlpNo0c_E_007562_007662_A_0071_0072.mp4,26,16,100,1,26,True,True,0.9914742708206177,0.004454389913007617,0.0010375303330268555,0.3331137300701812,27,16,16,16,False,
finegym,val,DG7upbhB1bI_E_003248_003346_A_0077_0078,data/FineGym_data/videos/val/26/DG7upbhB1bI_E_003248_003346_A_0077_0078.mp4,26,16,100,1,26,True,True,0.9988100528717041,0.003540891921147704,0.0010375303330268555,0.32788981194607913,28,16,16,16,False,
finegym,val,aN3PC4tJokk_E_004599_004701_A_0046_0047,data/FineGym_data/videos/val/26/aN3PC4tJokk_E_004599_004701_A_0046_0047.mp4,26,16,100,1,26,True,True,0.9982390403747559,0.003941325005143881,0.0010375303330268555,0.323954408057034,39,16,16,16,False,
finegym,val,E3AHJ6-QS8M_E_001717_001809_A_0046_0047,data/FineGym_data/videos/val/26/E3AHJ6-QS8M_E_001717_001809_A_0046_0047.mp4,26,16,100,1,26,True,True,0.9993543028831482,0.0044415759621188045,0.0010375303330268555,0.31951585703063756,24,16,16,16,False,
finegym,val,aN3PC4tJokk_E_003860_003960_A_0077_0079,data/FineGym_data/videos/val/26/aN3PC4tJokk_E_003860_003960_A_0077_0079.mp4,26,16,100,1,26,True,True,0.9605644941329956,0.004233243991620839,0.0010375303330268555,0.31464858003892004,46,16,16,16,False,
finegym,val,aN9hSsP6xTg_E_001640_001834_A_0041_0042,data/FineGym_data/videos/val/26/aN9hSsP6xTg_E_001640_001834_A_0041_0042.mp4,26,16,100,1,26,True,True,0.9767857789993286,0.0036637630546465516,0.0010375303330268555,0.30995713302399963,31,16,16,16,False,
finegym,val,e3EsDlpNo0c_E_005706_005810_A_0082_0083,data/FineGym_data/videos/val/26/e3EsDlpNo0c_E_005706_005810_A_0082_0083.mp4,26,16,100,1,26,True,True,0.9906265735626221,0.0038970729801803827,0.0010375303330268555,0.3057865969603881,32,16,16,16,False,
finegym,val,aN3PC4tJokk_E_004100_004199_A_0030_0032,data/FineGym_data/videos/val/27/aN3PC4tJokk_E_004100_004199_A_0030_0032.mp4,27,16,100,1,29,False,True,0.41485121846199036,0.0040193109307438135,0.0010375303330268555,0.3015046309446916,46,16,16,16,False,
finegym,val,aN9hSsP6xTg_E_000932_001038_A_0036_0038,data/FineGym_data/videos/val/27/aN9hSsP6xTg_E_000932_001038_A_0036_0038.mp4,27,16,100,1,27,True,True,0.5267810821533203,0.004028239054605365,0.0010375303330268555,0.2970663009909913,47,16,16,16,False,
finegym,val,AZ4wWG6Rcak_E_002529_002628_A_0067_0069,data/FineGym_data/videos/val/27/AZ4wWG6Rcak_E_002529_002628_A_0067_0069.mp4,27,16,100,1,40,False,False,0.6623770594596863,0.003959538997150958,0.0010375303330268555,0.29258137196302414,53,16,16,16,False,
finegym,val,e3EsDlpNo0c_E_004671_004771_A_0038_0039,data/FineGym_data/videos/val/27/e3EsDlpNo0c_E_004671_004771_A_0038_0039.mp4,27,16,100,1,28,False,True,0.43499666452407837,0.004826160031370819,0.0010375303330268555,0.28808070498052984,38,16,16,16,False,
finegym,val,EKb2MMJSoeI_E_001694_001791_A_0065_0066,data/FineGym_data/videos/val/27/EKb2MMJSoeI_E_001694_001791_A_0065_0066.mp4,27,16,100,1,28,False,True,0.5820358991622925,0.004507940961048007,0.0010375303330268555,0.2824694970622659,37,16,16,16,False,
finegym,val,aEZbP-Yephw_E_001131_001234_A_0092_0093,data/FineGym_data/videos/val/27/aEZbP-Yephw_E_001131_001234_A_0092_0093.mp4,27,16,100,1,27,True,True,0.5359816551208496,0.004676677985116839,0.0010375303330268555,0.27750971692148596,28,16,16,16,False,
finegym,val,BLzs5opw8uM_E_003725_003827_A_0030_0032,data/FineGym_data/videos/val/27/BLzs5opw8uM_E_003725_003827_A_0030_0032.mp4,27,16,100,1,34,False,True,0.8118491172790527,0.005587822990491986,0.0010375303330268555,0.2720055009704083,60,16,16,16,False,
finegym,val,AZ4wWG6Rcak_E_009215_009318_A_0084_0086,data/FineGym_data/videos/val/27/AZ4wWG6Rcak_E_009215_009318_A_0084_0086.mp4,27,16,100,1,27,True,True,0.9243111610412598,0.005365324090234935,0.0010375303330268555,0.2658426460111514,56,16,16,16,False,
finegym,val,esQQbBhuXbM_E_005908_006008_A_0025_0027,data/FineGym_data/videos/val/27/esQQbBhuXbM_E_005908_006008_A_0025_0027.mp4,27,16,100,1,34,False,True,0.8337820768356323,0.004241860006004572,0.0010375303330268555,0.25963556789793074,41,16,16,16,False,
finegym,val,E3AHJ6-QS8M_E_002634_002733_A_0063_0064,data/FineGym_data/videos/val/27/E3AHJ6-QS8M_E_002634_002733_A_0063_0064.mp4,27,16,100,1,27,True,True,0.36978381872177124,0.003931607003323734,0.0010375303330268555,0.2548457169905305,24,16,16,16,False,
finegym,val,aEZbP-Yephw_E_000849_000949_A_0018_0019,data/FineGym_data/videos/val/27/aEZbP-Yephw_E_000849_000949_A_0018_0019.mp4,27,16,100,1,34,False,True,0.9674344062805176,0.003968336037360132,0.0010375303330268555,0.2503885910846293,22,16,16,16,False,
finegym,val,aN9hSsP6xTg_E_000327_000429_A_0016_0018,data/FineGym_data/videos/val/27/aN9hSsP6xTg_E_000327_000429_A_0016_0018.mp4,27,16,100,1,27,True,True,0.31843918561935425,0.005174214020371437,0.0010375303330268555,0.24561810598243028,49,16,16,16,False,
finegym,val,cSh74jSRht8_E_004401_004506_A_0044_0045,data/FineGym_data/videos/val/27/cSh74jSRht8_E_004401_004506_A_0044_0045.mp4,27,16,100,1,32,False,True,0.5000357031822205,0.00431600003503263,0.0010375303330268555,0.23970516200643033,36,16,16,16,False,
finegym,val,CkNz9ZIQmZI_E_007814_007922_A_0046_0047,data/FineGym_data/videos/val/27/CkNz9ZIQmZI_E_007814_007922_A_0046_0047.mp4,27,16,100,1,32,False,False,0.5316616892814636,0.004646793007850647,0.0010375303330268555,0.2348596650408581,38,16,16,16,False,
finegym,val,EKb2MMJSoeI_E_001913_002012_A_0071_0072,data/FineGym_data/videos/val/27/EKb2MMJSoeI_E_001913_002012_A_0071_0072.mp4,27,16,100,1,33,False,True,0.9642119407653809,0.004676128039136529,0.0010375303330268555,0.22920905402861536,43,16,16,16,False,
finegym,val,aEZbP-Yephw_E_005181_005281_A_0026_0028,data/FineGym_data/videos/val/28/aEZbP-Yephw_E_005181_005281_A_0026_0028.mp4,28,16,100,1,30,False,True,0.9479612708091736,0.005309780011884868,0.0010375303330268555,0.22367232700344175,49,16,16,16,False,
finegym,val,CkNz9ZIQmZI_E_007103_007202_A_0057_0059,data/FineGym_data/videos/val/28/CkNz9ZIQmZI_E_007103_007202_A_0057_0059.mp4,28,16,100,1,37,False,False,0.5201057195663452,0.0054356970358639956,0.0010375303330268555,0.21783859096467495,41,16,16,16,False,
finegym,val,aEZbP-Yephw_E_001131_001234_A_0015_0016,data/FineGym_data/videos/val/28/aEZbP-Yephw_E_001131_001234_A_0015_0016.mp4,28,16,100,1,35,False,True,0.9939956068992615,0.0034451120300218463,0.0010375303330268555,0.2117873269598931,20,16,16,16,False,
finegym,val,EKb2MMJSoeI_E_001694_001791_A_0028_0029,data/FineGym_data/videos/val/28/EKb2MMJSoeI_E_001694_001791_A_0028_0029.mp4,28,16,100,1,28,True,True,0.9694409966468811,0.005152974976226687,0.0010375303330268555,0.20790430100169033,34,16,16,16,False,
finegym,val,DTedv-hhHU4_E_002197_002298_A_0046_0047,data/FineGym_data/videos/val/28/DTedv-hhHU4_E_002197_002298_A_0046_0047.mp4,28,16,100,1,28,True,True,0.9981801509857178,0.010669292998500168,0.0009837849574978463,0.8367907269857824,34,16,16,16,False,
finegym,val,dqUNtY2GwW4_E_003377_003473_A_0068_0069,data/FineGym_data/videos/val/28/dqUNtY2GwW4_E_003377_003473_A_0068_0069.mp4,28,16,100,1,28,True,True,0.9988514184951782,0.013846259913407266,0.0009837849574978463,0.8241019140696153,28,16,16,16,False,
finegym,val,E3AHJ6-QS8M_E_005894_006001_A_0061_0062,data/FineGym_data/videos/val/28/E3AHJ6-QS8M_E_005894_006001_A_0061_0062.mp4,28,16,100,1,28,True,True,0.9993695616722107,0.008194847963750362,0.0009837849574978463,0.8083963459357619,23,16,16,16,False,
finegym,val,CkNz9ZIQmZI_E_006859_006958_A_0038_0040,data/FineGym_data/videos/val/28/CkNz9ZIQmZI_E_006859_006958_A_0038_0040.mp4,28,16,100,1,24,False,False,0.4403412342071533,0.005815552081912756,0.0009837849574978463,0.7995892269536853,63,16,16,16,False,
finegym,val,AZ4wWG6Rcak_E_005492_005593_A_0093_0094,data/FineGym_data/videos/val/28/AZ4wWG6Rcak_E_005492_005593_A_0093_0094.mp4,28,16,100,1,27,False,True,0.6147644519805908,0.0035674719838425517,0.0009837849574978463,0.7933129679877311,36,16,16,16,False,
finegym,val,E3AHJ6-QS8M_E_004206_004316_A_0063_0065,data/FineGym_data/videos/val/28/E3AHJ6-QS8M_E_004206_004316_A_0063_0065.mp4,28,16,100,1,28,True,True,0.9976721405982971,0.004384780069813132,0.0009837849574978463,0.7893169100861996,34,16,16,16,False,
finegym,val,BLzs5opw8uM_E_000201_000302_A_0062_0063,data/FineGym_data/videos/val/28/BLzs5opw8uM_E_000201_000302_A_0062_0063.mp4,28,16,100,1,28,True,True,0.9942970871925354,0.008013807004317641,0.0009837849574978463,0.7837704049888998,40,16,16,16,False,
finegym,val,esQQbBhuXbM_E_001856_001954_A_0034_0035,data/FineGym_data/videos/val/28/esQQbBhuXbM_E_001856_001954_A_0034_0035.mp4,28,16,100,1,28,True,True,0.5534814596176147,0.006430288078263402,0.0009837849574978463,0.774050027015619,29,16,16,16,False,
finegym,val,0LtLS9wROrk_E_002843_002945_A_0038_0038,data/FineGym_data/videos/val/28/0LtLS9wROrk_E_002843_002945_A_0038_0038.mp4,28,16,100,1,28,True,True,0.9943894743919373,0.005378348985686898,0.0009837849574978463,0.7659539750311524,19,16,16,16,False,
finegym,val,0LtLS9wROrk_E_007962_008052_A_0041_0042,data/FineGym_data/videos/val/28/0LtLS9wROrk_E_007962_008052_A_0041_0042.mp4,28,16,100,1,28,True,True,0.983371376991272,0.003526355023495853,0.0009837849574978463,0.7597183129983023,20,16,16,16,False,
finegym,val,E3AHJ6-QS8M_E_005168_005260_A_0084_0085,data/FineGym_data/videos/val/28/E3AHJ6-QS8M_E_005168_005260_A_0084_0085.mp4,28,16,100,1,28,True,True,0.8857831358909607,0.004270965000614524,0.0009837849574978463,0.7554712229175493,29,16,16,16,False,
finegym,val,aN9hSsP6xTg_E_001042_001140_A_0049_0051,data/FineGym_data/videos/val/28/aN9hSsP6xTg_E_001042_001140_A_0049_0051.mp4,28,16,100,1,26,False,False,0.6943908929824829,0.004052614909596741,0.0009837849574978463,0.7504586920840666,48,16,16,16,False,
finegym,val,A0xAXXysHUo_E_004694_004791_A_0025_0027,data/FineGym_data/videos/val/28/A0xAXXysHUo_E_004694_004791_A_0025_0027.mp4,28,16,100,1,28,True,True,0.8325361609458923,0.0044188740430399776,0.0009837849574978463,0.7456229439703748,52,16,16,16,False,
finegym,val,BQhX6F3gpp8_E_007119_007222_A_0032_0033,data/FineGym_data/videos/val/28/BQhX6F3gpp8_E_007119_007222_A_0032_0033.mp4,28,16,100,1,35,False,True,0.7246959209442139,0.0035767890512943268,0.0009837849574978463,0.7404203659389168,32,16,16,16,False,
finegym,val,0LtLS9wROrk_E_005885_005983_A_0058_0060,data/FineGym_data/videos/val/28/0LtLS9wROrk_E_005885_005983_A_0058_0060.mp4,28,16,100,1,28,True,True,0.9642458558082581,0.003976781968958676,0.0009837849574978463,0.7360913919983432,42,16,16,16,False,
finegym,val,0LtLS9wROrk_E_007013_007109_A_0083_0085,data/FineGym_data/videos/val/28/0LtLS9wROrk_E_007013_007109_A_0083_0085.mp4,28,16,100,1,28,True,True,0.6195558309555054,0.003969949088059366,0.0009837849574978463,0.7312566259643063,41,16,16,16,False,
finegym,val,0LtLS9wROrk_E_007340_007433_A_0079_0080,data/FineGym_data/videos/val/29/0LtLS9wROrk_E_007340_007433_A_0079_0080.mp4,29,16,100,1,33,False,True,0.990506112575531,0.00422591099049896,0.0009837849574978463,0.7265379270538688,40,16,16,16,False,
finegym,val,aN9hSsP6xTg_E_000547_000651_A_0016_0018,data/FineGym_data/videos/val/29/aN9hSsP6xTg_E_000547_000651_A_0016_0018.mp4,29,16,100,1,29,True,True,0.7814316153526306,0.0035141221014782786,0.0009837849574978463,0.7215578280156478,30,16,16,16,False,
finegym,val,0LtLS9wROrk_E_004572_004670_A_0053_0055,data/FineGym_data/videos/val/29/0LtLS9wROrk_E_004572_004670_A_0053_0055.mp4,29,16,100,1,28,False,True,0.5883545875549316,0.0038445229874923825,0.0009837849574978463,0.7173050870187581,37,16,16,16,False,
finegym,val,e3EsDlpNo0c_E_006102_006204_A_0036_0038,data/FineGym_data/videos/val/29/e3EsDlpNo0c_E_006102_006204_A_0036_0038.mp4,29,16,100,1,33,False,True,0.6615383625030518,0.0035541870165616274,0.0009837849574978463,0.7127916649915278,35,16,16,16,False,
finegym,val,0LtLS9wROrk_E_007629_007726_A_0054_0056,data/FineGym_data/videos/val/29/0LtLS9wROrk_E_007629_007726_A_0054_0056.mp4,29,16,100,1,33,False,True,0.8705753087997437,0.004434302099980414,0.0009837849574978463,0.7084995009936392,56,16,16,16,False,
finegym,val,DyZ2qj6x1UE_E_004939_005041_A_0054_0055,data/FineGym_data/videos/val/29/DyZ2qj6x1UE_E_004939_005041_A_0054_0055.mp4,29,16,100,1,33,False,True,0.4095305800437927,0.004276696010492742,0.0009837849574978463,0.7031158310128376,32,16,16,16,False,
finegym,val,BLzs5opw8uM_E_003532_003625_A_0061_0062,data/FineGym_data/videos/val/29/BLzs5opw8uM_E_003532_003625_A_0061_0062.mp4,29,16,100,1,28,False,True,0.3833993673324585,0.004811371909454465,0.0009837849574978463,0.6981079699471593,48,16,16,16,False,
finegym,val,e3EsDlpNo0c_E_002490_002586_A_0057_0058,data/FineGym_data/videos/val/29/e3EsDlpNo0c_E_002490_002586_A_0057_0058.mp4,29,16,100,1,35,False,False,0.6304659247398376,0.0029064780101180077,0.0009837849574978463,0.692550883977674,23,16,16,16,False,
finegym,val,A0xAXXysHUo_E_003435_003534_A_0069_0070,data/FineGym_data/videos/val/30/A0xAXXysHUo_E_003435_003534_A_0069_0070.mp4,30,16,100,1,30,True,True,0.5602154731750488,0.004117266042158008,0.0009837849574978463,0.6889381979126483,33,16,16,16,False,
finegym,val,C5Yfd1IWjmM_E_001396_001513_A_0021_0023,data/FineGym_data/videos/val/30/C5Yfd1IWjmM_E_001396_001513_A_0021_0023.mp4,30,16,100,1,30,True,True,0.997620165348053,0.004054076969623566,0.0009837849574978463,0.6841740049421787,45,16,16,16,False,
finegym,val,AZ4wWG6Rcak_E_005492_005593_A_0092_0093,data/FineGym_data/videos/val/30/AZ4wWG6Rcak_E_005492_005593_A_0092_0093.mp4,30,16,100,1,30,True,True,0.9822583198547363,0.0023707610089331865,0.0009837849574978463,0.6793700560228899,14,14,16,16,False,
finegym,val,EKb2MMJSoeI_E_001528_001626_A_0033_0034,data/FineGym_data/videos/val/30/EKb2MMJSoeI_E_001528_001626_A_0033_0034.mp4,30,16,100,1,30,True,True,0.9900931715965271,0.00438971898984164,0.0009837849574978463,0.6763245669426396,33,16,16,16,False,
finegym,val,0LtLS9wROrk_E_002558_002653_A_0052_0054,data/FineGym_data/videos/val/30/0LtLS9wROrk_E_002558_002653_A_0052_0054.mp4,30,16,100,1,30,True,True,0.9638365507125854,0.004259003093466163,0.0009837849574978463,0.6714570589829236,40,16,16,16,False,
finegym,val,BLzs5opw8uM_E_002952_003051_A_0067_0068,data/FineGym_data/videos/val/30/BLzs5opw8uM_E_002952_003051_A_0067_0068.mp4,30,16,100,1,30,True,True,0.9844610095024109,0.004951316048391163,0.0009837849574978463,0.6664444280322641,38,16,16,16,False,
finegym,val,CkNz9ZIQmZI_E_007814_007922_A_0080_0082,data/FineGym_data/videos/val/30/CkNz9ZIQmZI_E_007814_007922_A_0080_0082.mp4,30,16,100,1,28,False,True,0.8986528515815735,0.005201174993999302,0.0009837849574978463,0.6608254460152239,30,16,16,16,False,
finegym,val,DTedv-hhHU4_E_000795_000904_A_0026_0027,data/FineGym_data/videos/val/30/DTedv-hhHU4_E_000795_000904_A_0026_0027.mp4,30,16,100,1,30,True,True,0.9968754053115845,0.0046213140012696385,0.0009837849574978463,0.6547698529902846,33,16,16,16,False,
finegym,val,BLzs5opw8uM_E_003725_003827_A_0017_0018,data/FineGym_data/videos/val/30/BLzs5opw8uM_E_003725_003827_A_0017_0018.mp4,30,16,100,1,30,True,True,0.6811046004295349,0.004079394042491913,0.0009837849574978463,0.6495808709878474,16,16,16,16,False,
finegym,val,cSh74jSRht8_E_004401_004506_A_0077_0079,data/FineGym_data/videos/val/30/cSh74jSRht8_E_004401_004506_A_0077_0079.mp4,30,16,100,1,33,False,False,0.4534112215042114,0.004739978001452982,0.0009837849574978463,0.644923048093915,29,16,16,16,False,
finegym,val,0LtLS9wROrk_E_004267_004364_A_0085_0087,data/FineGym_data/videos/val/30/0LtLS9wROrk_E_004267_004364_A_0085_0087.mp4,30,16,100,1,28,False,True,0.7529313564300537,0.004300820990465581,0.0009837849574978463,0.6394844549940899,34,16,16,16,False,
finegym,val,0LtLS9wROrk_E_006690_006788_A_0048_0049,data/FineGym_data/videos/val/30/0LtLS9wROrk_E_006690_006788_A_0048_0049.mp4,30,16,100,1,28,False,True,0.91673743724823,0.004456785041838884,0.0009837849574978463,0.6343935070326552,37,16,16,16,False,
finegym,val,0LtLS9wROrk_E_007013_007109_A_0082_0083,data/FineGym_data/videos/val/30/0LtLS9wROrk_E_007013_007109_A_0082_0083.mp4,30,16,100,1,30,True,True,0.9934267997741699,0.003939641988836229,0.0009837849574978463,0.6292059170082211,22,16,16,16,False,
finegym,val,0LtLS9wROrk_E_004902_005000_A_0052_0053,data/FineGym_data/videos/val/30/0LtLS9wROrk_E_004902_005000_A_0052_0053.mp4,30,16,100,1,30,True,True,0.8610608577728271,0.0033496819669380784,0.0009837849574978463,0.6245832300046459,21,16,16,16,False,
finegym,val,CUuRl0Bwbbc_E_004433_004533_A_0059_0060,data/FineGym_data/videos/val/30/CUuRl0Bwbbc_E_004433_004533_A_0059_0060.mp4,30,16,100,1,30,True,True,0.9930692911148071,0.0039116689004004,0.0009837849574978463,0.6205033850856125,35,16,16,16,False,
finegym,val,aN9hSsP6xTg_E_000327_000429_A_0028_0029,data/FineGym_data/videos/val/30/aN9hSsP6xTg_E_000327_000429_A_0028_0029.mp4,30,16,100,1,28,False,True,0.9474393129348755,0.0036009050672873855,0.0009837849574978463,0.6158238899661228,27,16,16,16,False,
finegym,val,0LtLS9wROrk_E_005208_005307_A_0088_0089,data/FineGym_data/videos/val/30/0LtLS9wROrk_E_005208_005307_A_0088_0089.mp4,30,16,100,1,30,True,True,0.9945535659790039,0.0038046679692342877,0.0009837849574978463,0.6115036730188876,32,16,16,16,False,
finegym,val,e3EsDlpNo0c_E_004350_004455_A_0023_0024,data/FineGym_data/videos/val/30/e3EsDlpNo0c_E_004350_004455_A_0023_0024.mp4,30,16,100,1,30,True,True,0.9969918727874756,0.0041669890051707625,0.0009837849574978463,0.6069203289225698,37,16,16,16,False,
finegym,val,aN9hSsP6xTg_E_001146_001246_A_0066_0067,data/FineGym_data/videos/val/30/aN9hSsP6xTg_E_001146_001246_A_0066_0067.mp4,30,16,100,1,30,True,True,0.9843689203262329,0.0030489159980788827,0.0009837849574978463,0.6020199690246955,19,16,16,16,False,
finegym,val,E3AHJ6-QS8M_E_002634_002733_A_0022_0023,data/FineGym_data/videos/val/30/E3AHJ6-QS8M_E_002634_002733_A_0022_0023.mp4,30,16,100,1,30,True,True,0.6792176961898804,0.0036485439632087946,0.0009837849574978463,0.5982548859901726,21,16,16,16,False,
finegym,val,fDa0HpoXES4_E_000304_000408_A_0020_0022,data/FineGym_data/videos/val/31/fDa0HpoXES4_E_000304_000408_A_0020_0022.mp4,31,16,100,1,31,True,True,0.9874665141105652,0.005825781030580401,0.0009837849574978463,0.593892268021591,46,16,16,16,False,
finegym,val,aN9hSsP6xTg_E_002823_002928_A_0020_0021,data/FineGym_data/videos/val/31/aN9hSsP6xTg_E_002823_002928_A_0020_0021.mp4,31,16,100,1,31,True,True,0.3816639184951782,0.003907160949893296,0.0009837849574978463,0.5872933430364355,40,16,16,16,False,
finegym,val,aN3PC4tJokk_E_004346_004452_A_0037_0039,data/FineGym_data/videos/val/31/aN3PC4tJokk_E_004346_004452_A_0037_0039.mp4,31,16,100,1,39,False,True,0.8499686121940613,0.005114543018862605,0.0009837849574978463,0.582658714032732,54,16,16,16,False,
finegym,val,e3EsDlpNo0c_E_006853_006954_A_0016_0018,data/FineGym_data/videos/val/31/e3EsDlpNo0c_E_006853_006954_A_0016_0018.mp4,31,16,100,1,31,True,True,0.5868561863899231,0.004693831084296107,0.0009837849574978463,0.5768166519701481,51,16,16,16,False,
finegym,val,DG7upbhB1bI_E_003248_003346_A_0016_0018,data/FineGym_data/videos/val/31/DG7upbhB1bI_E_003248_003346_A_0016_0018.mp4,31,16,100,1,31,True,True,0.6692831516265869,0.003873608075082302,0.0009837849574978463,0.5714934170246124,47,16,16,16,False,
finegym,val,DTedv-hhHU4_E_000795_000904_A_0072_0074,data/FineGym_data/videos/val/31/DTedv-hhHU4_E_000795_000904_A_0072_0074.mp4,31,16,100,1,39,False,True,0.44264429807662964,0.003912150044925511,0.0009837849574978463,0.5668745579896495,46,16,16,16,False,
finegym,val,e3EsDlpNo0c_E_006401_006501_A_0017_0018,data/FineGym_data/videos/val/31/e3EsDlpNo0c_E_006401_006501_A_0017_0018.mp4,31,16,100,1,31,True,True,0.9446319937705994,0.003808213979937136,0.0009837849574978463,0.5622071459656581,58,16,16,16,False,
finegym,val,0LtLS9wROrk_E_003773_003867_A_0016_0018,data/FineGym_data/videos/val/31/0LtLS9wROrk_E_003773_003867_A_0016_0018.mp4,31,16,100,1,31,True,True,0.9991471767425537,0.0046896429266780615,0.0009837849574978463,0.557630145107396,56,16,16,16,False,
finegym,val,f-1FbFegbuQ_E_002655_002759_A_0033_0034,data/FineGym_data/videos/val/31/f-1FbFegbuQ_E_002655_002759_A_0033_0034.mp4,31,16,100,1,31,True,True,0.9361034035682678,0.0045620829332619905,0.0009837849574978463,0.5521870340453461,49,16,16,16,False,
finegym,val,aN9hSsP6xTg_E_000932_001038_A_0022_0024,data/FineGym_data/videos/val/31/aN9hSsP6xTg_E_000932_001038_A_0022_0024.mp4,31,16,100,1,40,False,True,0.9155381321907043,0.004062102059833705,0.0009837849574978463,0.5468774139881134,47,16,16,16,False,
finegym,val,aN9hSsP6xTg_E_002637_002732_A_0042_0043,data/FineGym_data/videos/val/31/aN9hSsP6xTg_E_002637_002732_A_0042_0043.mp4,31,16,100,1,36,False,True,0.4341849684715271,0.004879220039583743,0.0009837849574978463,0.5421194940572605,40,16,16,16,False,
finegym,val,E3AHJ6-QS8M_E_005894_006001_A_0017_0019,data/FineGym_data/videos/val/31/E3AHJ6-QS8M_E_005894_006001_A_0017_0019.mp4,31,16,100,1,31,True,True,0.9028691649436951,0.004191746935248375,0.0009837849574978463,0.5367124810582027,36,16,16,16,False,
finegym,val,dqUNtY2GwW4_E_003169_003267_A_0019_0021,data/FineGym_data/videos/val/31/dqUNtY2GwW4_E_003169_003267_A_0019_0021.mp4,31,16,100,1,31,True,True,0.9995710253715515,0.004341348074376583,0.0009837849574978463,0.5320957539370283,41,16,16,16,False,
finegym,val,0LtLS9wROrk_E_007962_008052_A_0024_0026,data/FineGym_data/videos/val/31/0LtLS9wROrk_E_007962_008052_A_0024_0026.mp4,31,16,100,1,31,True,True,0.9282799959182739,0.004089834983460605,0.0009837849574978463,0.527214301051572,47,16,16,16,False,
finegym,val,BLzs5opw8uM_E_002952_003051_A_0024_0026,data/FineGym_data/videos/val/31/BLzs5opw8uM_E_002952_003051_A_0024_0026.mp4,31,16,100,1,31,True,True,0.5624198317527771,0.00536669697612524,0.0009837849574978463,0.5227020720485598,60,16,16,16,False,
finegym,val,BLzs5opw8uM_E_003532_003625_A_0015_0017,data/FineGym_data/videos/val/31/BLzs5opw8uM_E_003532_003625_A_0015_0017.mp4,31,16,100,1,39,False,True,0.5623400211334229,0.004731742083095014,0.0009837849574978463,0.5168999150628224,51,16,16,16,False,
finegym,val,AZ4wWG6Rcak_E_005067_005168_A_0019_0020,data/FineGym_data/videos/val/31/AZ4wWG6Rcak_E_005067_005168_A_0019_0020.mp4,31,16,100,1,40,False,False,0.8167819380760193,0.003407632000744343,0.0009837849574978463,0.5117439540335909,38,16,16,16,False,
finegym,val,eH-ZgOT8ASM_E_008833_008936_A_0019_0021,data/FineGym_data/videos/val/31/eH-ZgOT8ASM_E_008833_008936_A_0019_0021.mp4,31,16,100,1,31,True,True,0.9880339503288269,0.0036876280792057514,0.0009837849574978463,0.5079088290221989,57,16,16,16,False,
finegym,val,BLzs5opw8uM_E_001914_002013_A_0019_0020,data/FineGym_data/videos/val/31/BLzs5opw8uM_E_001914_002013_A_0019_0020.mp4,31,16,100,1,39,False,True,0.48657485842704773,0.005158405052497983,0.0009837849574978463,0.5037859629373997,54,16,16,16,False,
finegym,val,eH-ZgOT8ASM_E_007874_007986_A_0029_0031,data/FineGym_data/videos/val/31/eH-ZgOT8ASM_E_007874_007986_A_0029_0031.mp4,31,16,100,1,31,True,True,0.9982452392578125,0.0038150670006871223,0.0009837849574978463,0.4982061550254002,51,16,16,16,False,
finegym,val,BQhX6F3gpp8_E_008733_008833_A_0022_0023,data/FineGym_data/videos/val/32/BQhX6F3gpp8_E_008733_008833_A_0022_0023.mp4,32,16,100,1,32,True,True,0.7239603400230408,0.0034140030620619655,0.0009837849574978463,0.49381703592371196,30,16,16,16,False,
finegym,val,aEZbP-Yephw_E_005181_005281_A_0091_0093,data/FineGym_data/videos/val/32/aEZbP-Yephw_E_005181_005281_A_0091_0093.mp4,32,16,100,1,32,True,True,0.5814070105552673,0.005468458053655922,0.0009837849574978463,0.4899726649746299,50,16,16,16,False,
finegym,val,BLzs5opw8uM_E_003209_003313_A_0039_0041,data/FineGym_data/videos/val/32/BLzs5opw8uM_E_003209_003313_A_0039_0041.mp4,32,16,100,1,32,True,True,0.9388865828514099,0.005074608023278415,0.0009837849574978463,0.4840814509661868,53,16,16,16,False,
finegym,val,E3AHJ6-QS8M_E_005894_006001_A_0026_0028,data/FineGym_data/videos/val/32/E3AHJ6-QS8M_E_005894_006001_A_0026_0028.mp4,32,16,100,1,32,True,True,0.9294456839561462,0.004823424969799817,0.0009837849574978463,0.4785594210261479,42,16,16,16,False,
finegym,val,A0xAXXysHUo_E_003749_003849_A_0018_0019,data/FineGym_data/videos/val/32/A0xAXXysHUo_E_003749_003849_A_0018_0019.mp4,32,16,100,1,34,False,True,0.6350843906402588,0.00439455802552402,0.0009837849574978463,0.47331414301879704,46,16,16,16,False,
finegym,val,CUuRl0Bwbbc_E_003957_004064_A_0075_0077,data/FineGym_data/videos/val/32/CUuRl0Bwbbc_E_003957_004064_A_0075_0077.mp4,32,16,100,1,32,True,True,0.9895988702774048,0.004136402974836528,0.0009837849574978463,0.46849588793702424,46,16,16,16,False,
finegym,val,E3AHJ6-QS8M_E_002634_002733_A_0093_0094,data/FineGym_data/videos/val/32/E3AHJ6-QS8M_E_002634_002733_A_0093_0094.mp4,32,16,100,1,40,False,True,0.7253028154373169,0.005323656019754708,0.0009837849574978463,0.46395026496611536,36,16,16,16,False,
finegym,val,E3AHJ6-QS8M_E_006283_006392_A_0027_0029,data/FineGym_data/videos/val/32/E3AHJ6-QS8M_E_006283_006392_A_0027_0029.mp4,32,16,100,1,32,True,True,0.8588786125183105,0.0048607150092720985,0.0009837849574978463,0.45802144100889564,45,16,16,16,False,
finegym,val,CUuRl0Bwbbc_E_003664_003763_A_0023_0025,data/FineGym_data/videos/val/32/CUuRl0Bwbbc_E_003664_003763_A_0023_0025.mp4,32,16,100,1,33,False,True,0.7763939499855042,0.0039585569174960256,0.0009837849574978463,0.45239351294003427,48,16,16,16,False,
finegym,val,CUuRl0Bwbbc_E_004235_004331_A_0091_0093,data/FineGym_data/videos/val/32/CUuRl0Bwbbc_E_004235_004331_A_0091_0093.mp4,32,16,100,1,33,False,True,0.832916259765625,0.004501158953644335,0.0009837849574978463,0.44765786302741617,58,16,16,16,False,
finegym,val,E3AHJ6-QS8M_E_000552_000647_A_0019_0020,data/FineGym_data/videos/val/32/E3AHJ6-QS8M_E_000552_000647_A_0019_0020.mp4,32,16,100,1,34,False,True,0.48588865995407104,0.00407325301785022,0.0009837849574978463,0.44239101407583803,30,16,16,16,False,
finegym,val,A0xAXXysHUo_E_004400_004497_A_0024_0025,data/FineGym_data/videos/val/32/A0xAXXysHUo_E_004400_004497_A_0024_0025.mp4,32,16,100,1,32,True,True,0.5806816816329956,0.004000697052106261,0.0009837849574978463,0.43756361096166074,35,16,16,16,False,
finegym,val,AZ4wWG6Rcak_E_005067_005168_A_0073_0075,data/FineGym_data/videos/val/32/AZ4wWG6Rcak_E_005067_005168_A_0073_0075.mp4,32,16,100,1,32,True,True,0.9906546473503113,0.0037899899762123823,0.0009837849574978463,0.43280994903761894,52,16,16,16,False,
finegym,val,AZ4wWG6Rcak_E_005289_005394_A_0046_0047,data/FineGym_data/videos/val/32/AZ4wWG6Rcak_E_005289_005394_A_0046_0047.mp4,32,16,100,1,32,True,True,0.9986677169799805,0.003833402064628899,0.0009837849574978463,0.4282393789617345,47,16,16,16,False,
finegym,val,AZ4wWG6Rcak_E_002529_002628_A_0036_0038,data/FineGym_data/videos/val/32/AZ4wWG6Rcak_E_002529_002628_A_0036_0038.mp4,32,16,100,1,32,True,True,0.46477577090263367,0.004734436981379986,0.0009837849574978463,0.42354742099996656,58,16,16,16,False,
finegym,val,E3AHJ6-QS8M_E_001717_001809_A_0028_0029,data/FineGym_data/videos/val/32/E3AHJ6-QS8M_E_001717_001809_A_0028_0029.mp4,32,16,100,1,32,True,True,0.9988768696784973,0.004471653024666011,0.0009837849574978463,0.4180332269752398,36,16,16,16,False,
finegym,val,E3AHJ6-QS8M_E_006496_006600_A_0033_0035,data/FineGym_data/videos/val/32/E3AHJ6-QS8M_E_006496_006600_A_0033_0035.mp4,32,16,100,1,32,True,True,0.8168202042579651,0.004388586967252195,0.0009837849574978463,0.4128150000469759,37,16,16,16,False,
finegym,val,AZ4wWG6Rcak_E_002768_002869_A_0025_0027,data/FineGym_data/videos/val/32/AZ4wWG6Rcak_E_002768_002869_A_0025_0027.mp4,32,16,100,1,32,True,True,0.6119768023490906,0.0038629870396107435,0.0009837849574978463,0.40767467906698585,45,16,16,16,False,
finegym,val,aN3PC4tJokk_E_004599_004701_A_0028_0030,data/FineGym_data/videos/val/32/aN3PC4tJokk_E_004599_004701_A_0028_0030.mp4,32,16,100,1,32,True,True,0.7809503078460693,0.004262660047970712,0.0009837849574978463,0.40303071099333465,45,16,16,16,False,
finegym,val,aEZbP-Yephw_E_002668_002777_A_0022_0023,data/FineGym_data/videos/val/32/aEZbP-Yephw_E_002668_002777_A_0022_0023.mp4,32,16,100,1,33,False,True,0.43536853790283203,0.003679492976516485,0.0009837849574978463,0.3980157170444727,36,16,16,16,False,
finegym,val,CkNz9ZIQmZI_E_008093_008190_A_0045_0047,data/FineGym_data/videos/val/33/CkNz9ZIQmZI_E_008093_008190_A_0045_0047.mp4,33,16,100,1,29,False,True,0.48418915271759033,0.005064127966761589,0.0009837849574978463,0.39360082999337465,45,16,16,16,False,
finegym,val,aN3PC4tJokk_E_003860_003960_A_0029_0030,data/FineGym_data/videos/val/33/aN3PC4tJokk_E_003860_003960_A_0029_0030.mp4,33,16,100,1,33,True,True,0.5991649031639099,0.004196275025606155,0.0009837849574978463,0.38804293400608003,40,16,16,16,False,
finegym,val,A0xAXXysHUo_E_003897_003995_A_0071_0073,data/FineGym_data/videos/val/33/A0xAXXysHUo_E_003897_003995_A_0071_0073.mp4,33,16,100,1,32,False,True,0.7060494422912598,0.004841548972763121,0.0009837849574978463,0.38311672501731664,63,16,16,16,False,
finegym,val,cSh74jSRht8_E_003069_003166_A_0090_0092,data/FineGym_data/videos/val/33/cSh74jSRht8_E_003069_003166_A_0090_0092.mp4,33,16,100,1,32,False,True,0.9453939199447632,0.0038783669006079435,0.0009837849574978463,0.37751036789268255,38,16,16,16,False,
finegym,val,CkNz9ZIQmZI_E_006859_006958_A_0063_0065,data/FineGym_data/videos/val/33/CkNz9ZIQmZI_E_006859_006958_A_0063_0065.mp4,33,16,100,1,37,False,False,0.6806479692459106,0.004242812981829047,0.0009837849574978463,0.3728723319945857,45,16,16,16,False,
finegym,val,CkNz9ZIQmZI_E_007814_007922_A_0101_0102,data/FineGym_data/videos/val/33/CkNz9ZIQmZI_E_007814_007922_A_0101_0102.mp4,33,16,100,1,33,True,True,0.5164753198623657,0.004083652980625629,0.0009837849574978463,0.36784724798053503,38,16,16,16,False,
finegym,val,AZ4wWG6Rcak_E_005289_005394_A_0080_0081,data/FineGym_data/videos/val/33/AZ4wWG6Rcak_E_005289_005394_A_0080_0081.mp4,33,16,100,1,32,False,True,0.8277031779289246,0.0035752960247918963,0.0009837849574978463,0.3630189540563151,43,16,16,16,False,
finegym,val,AZ4wWG6Rcak_E_002768_002869_A_0077_0079,data/FineGym_data/videos/val/33/AZ4wWG6Rcak_E_002768_002869_A_0077_0079.mp4,33,16,100,1,33,True,True,0.5530365705490112,0.003646750934422016,0.0009837849574978463,0.3586900600930676,39,16,16,16,False,
finegym,val,cSh74jSRht8_E_004401_004506_A_0098_0100,data/FineGym_data/videos/val/33/cSh74jSRht8_E_004401_004506_A_0098_0100.mp4,33,16,100,1,33,True,True,0.5614776015281677,0.004184582969173789,0.0009837849574978463,0.3542966740205884,39,16,16,16,False,
finegym,val,CUuRl0Bwbbc_E_003664_003763_A_0069_0071,data/FineGym_data/videos/val/33/CUuRl0Bwbbc_E_003664_003763_A_0069_0071.mp4,33,16,100,1,33,True,True,0.9272236227989197,0.0046755269868299365,0.0009837849574978463,0.34936277102679014,43,16,16,16,False,
finegym,val,CkNz9ZIQmZI_E_007316_007416_A_0041_0042,data/FineGym_data/videos/val/33/CkNz9ZIQmZI_E_007316_007416_A_0041_0042.mp4,33,16,100,1,33,True,True,0.6033624410629272,0.004260615911334753,0.0009837849574978463,0.34405362291727215,37,16,16,16,False,
finegym,val,DyZ2qj6x1UE_E_003507_003612_A_0085_0086,data/FineGym_data/videos/val/33/DyZ2qj6x1UE_E_003507_003612_A_0085_0086.mp4,33,16,100,1,33,True,True,0.9556206464767456,0.0047029879642650485,0.0009837849574978463,0.3393522970145568,37,16,16,16,False,
finegym,val,BLzs5opw8uM_E_003532_003625_A_0035_0036,data/FineGym_data/videos/val/33/BLzs5opw8uM_E_003532_003625_A_0035_0036.mp4,33,16,100,1,34,False,False,0.9749628901481628,0.005621596937999129,0.0009688147086611328,0.7929739410756156,30,16,16,16,False,
finegym,val,CkNz9ZIQmZI_E_007103_007202_A_0087_0090,data/FineGym_data/videos/val/33/CkNz9ZIQmZI_E_007103_007202_A_0087_0090.mp4,33,16,100,1,29,False,True,0.41198837757110596,0.005079676979221404,0.0009688147086611328,0.7863801850471646,61,16,16,16,False,
finegym,val,CUuRl0Bwbbc_E_003495_003598_A_0072_0073,data/FineGym_data/videos/val/34/CUuRl0Bwbbc_E_003495_003598_A_0072_0073.mp4,34,16,100,1,27,False,True,0.5489646792411804,0.003959348890930414,0.0009688147086611328,0.7804905049270019,28,16,16,16,False,
finegym,val,e3EsDlpNo0c_E_008138_008242_A_0075_0077,data/FineGym_data/videos/val/34/e3EsDlpNo0c_E_008138_008242_A_0075_0077.mp4,34,16,100,1,34,True,True,0.9917146563529968,0.0037372310180217028,0.0009688147086611328,0.7758259479887784,52,16,16,16,False,
finegym,val,eH-ZgOT8ASM_E_008334_008443_A_0083_0084,data/FineGym_data/videos/val/34/eH-ZgOT8ASM_E_008334_008443_A_0083_0084.mp4,34,16,100,1,34,True,True,0.8853678703308105,0.003086987999267876,0.0009688147086611328,0.7713589449413121,23,16,16,16,False,
finegym,val,e3EsDlpNo0c_E_007845_007946_A_0093_0095,data/FineGym_data/videos/val/34/e3EsDlpNo0c_E_007845_007946_A_0093_0095.mp4,34,16,100,1,32,False,True,0.991766631603241,0.0035361229674890637,0.0009688147086611328,0.7675608990248293,46,16,16,16,False,
finegym,val,CkNz9ZIQmZI_E_006383_006487_A_0047_0048,data/FineGym_data/videos/val/34/CkNz9ZIQmZI_E_006383_006487_A_0047_0048.mp4,34,16,100,1,34,True,True,0.804115355014801,0.0031606859993189573,0.0009688147086611328,0.7632895830320194,24,16,16,16,False,
finegym,val,E3AHJ6-QS8M_E_004206_004316_A_0035_0036,data/FineGym_data/videos/val/34/E3AHJ6-QS8M_E_004206_004316_A_0035_0036.mp4,34,16,100,1,34,True,True,0.9385647177696228,0.0033077229745686054,0.0009688147086611328,0.759440110065043,22,16,16,16,False,
finegym,val,E3AHJ6-QS8M_E_003321_003427_A_0100_0101,data/FineGym_data/videos/val/34/E3AHJ6-QS8M_E_003321_003427_A_0100_0101.mp4,34,16,100,1,28,False,False,0.660298228263855,0.003610012005083263,0.0009688147086611328,0.7554346239194274,27,16,16,16,False,
finegym,val,E3AHJ6-QS8M_E_002634_002733_A_0021_0022,data/FineGym_data/videos/val/34/E3AHJ6-QS8M_E_002634_002733_A_0021_0022.mp4,34,16,100,1,34,True,True,0.9210587739944458,0.003887152997776866,0.0009688147086611328,0.7511326899984851,19,16,16,16,False,
finegym,val,EFvDqOF1sCk_E_002657_002760_A_0039_0040,data/FineGym_data/videos/val/34/EFvDqOF1sCk_E_002657_002760_A_0039_0040.mp4,34,16,100,1,34,True,True,0.990510880947113,0.0031569189159199595,0.0009688147086611328,0.7465390979778022,22,16,16,16,False,
finegym,val,CkNz9ZIQmZI_E_007578_007683_A_0027_0028,data/FineGym_data/videos/val/34/CkNz9ZIQmZI_E_007578_007683_A_0027_0028.mp4,34,16,100,1,34,True,True,0.6158629059791565,0.0036880190018564463,0.0009688147086611328,0.7426876819226891,23,16,16,16,False,
finegym,val,CUuRl0Bwbbc_E_003247_003355_A_0039_0040,data/FineGym_data/videos/val/34/CUuRl0Bwbbc_E_003247_003355_A_0039_0040.mp4,34,16,100,1,34,True,True,0.7621963024139404,0.0037748520262539387,0.0009688147086611328,0.7383029019692913,34,16,16,16,False,
finegym,val,A0xAXXysHUo_E_004694_004791_A_0024_0025,data/FineGym_data/videos/val/34/A0xAXXysHUo_E_004694_004791_A_0024_0025.mp4,34,16,100,1,34,True,True,0.9962638020515442,0.003599892952479422,0.0009688147086611328,0.733803987968713,26,16,16,16,False,
finegym,val,aEZbP-Yephw_E_001131_001234_A_0017_0018,data/FineGym_data/videos/val/34/aEZbP-Yephw_E_001131_001234_A_0017_0018.mp4,34,16,100,1,34,True,True,0.9914801120758057,0.005089354934170842,0.0009688147086611328,0.7293729620287195,26,16,16,16,False,
finegym,val,BLzs5opw8uM_E_003532_003625_A_0084_0086,data/FineGym_data/videos/val/34/BLzs5opw8uM_E_003532_003625_A_0084_0086.mp4,34,16,100,1,27,False,True,0.7657885551452637,0.0058175650192424655,0.0009688147086611328,0.7236214810982347,70,16,16,16,False,
finegym,val,A0xAXXysHUo_E_004400_004497_A_0055_0056,data/FineGym_data/videos/val/34/A0xAXXysHUo_E_004400_004497_A_0055_0056.mp4,34,16,100,1,34,True,True,0.9739184379577637,0.004751639906316996,0.0009688147086611328,0.7169036229606718,33,16,16,16,False,
finegym,val,AZ4wWG6Rcak_E_005289_005394_A_0031_0033,data/FineGym_data/videos/val/34/AZ4wWG6Rcak_E_005289_005394_A_0031_0033.mp4,34,16,100,1,32,False,True,0.3175889849662781,0.004536063992418349,0.0009688147086611328,0.7115152340847999,40,16,16,16,False,
finegym,val,aN9hSsP6xTg_E_000327_000429_A_0027_0028,data/FineGym_data/videos/val/34/aN9hSsP6xTg_E_000327_000429_A_0027_0028.mp4,34,16,100,1,34,True,True,0.9976582527160645,0.003959149005822837,0.0009688147086611328,0.7064094379311427,25,16,16,16,False,
finegym,val,aN9hSsP6xTg_E_001042_001140_A_0092_0093,data/FineGym_data/videos/val/34/aN9hSsP6xTg_E_001042_001140_A_0092_0093.mp4,34,16,100,1,27,False,True,0.6052508354187012,0.003816050011664629,0.0009688147086611328,0.7017202159622684,36,16,16,16,False,
finegym,val,eH-ZgOT8ASM_E_007289_007400_A_0026_0027,data/FineGym_data/videos/val/34/eH-ZgOT8ASM_E_007289_007400_A_0026_0027.mp4,34,16,100,1,34,True,True,0.9969109892845154,0.0035727110225707293,0.0009688147086611328,0.6971045220270753,24,16,16,16,False,
finegym,val,CUuRl0Bwbbc_E_004235_004331_A_0057_0058,data/FineGym_data/videos/val/34/CUuRl0Bwbbc_E_004235_004331_A_0057_0058.mp4,34,16,100,1,34,True,True,0.9867666363716125,0.0037634200416505337,0.0009688147086611328,0.6928816169966012,30,16,16,16,False,
finegym,val,0LtLS9wROrk_E_002558_002653_A_0052_0052,data/FineGym_data/videos/val/35/0LtLS9wROrk_E_002558_002653_A_0052_0052.mp4,35,16,100,1,34,False,True,0.4828529357910156,0.0035696059931069613,0.0009688147086611328,0.6884089319501072,24,16,16,16,False,
finegym,val,0LtLS9wROrk_E_005885_005983_A_0058_0058,data/FineGym_data/videos/val/35/0LtLS9wROrk_E_005885_005983_A_0058_0058.mp4,35,16,100,1,35,True,True,0.9757949709892273,0.0032798510510474443,0.0009688147086611328,0.6839875939767808,23,16,16,16,False,
finegym,val,aN3PC4tJokk_E_003860_003960_A_0027_0028,data/FineGym_data/videos/val/35/aN3PC4tJokk_E_003860_003960_A_0027_0028.mp4,35,16,100,1,35,True,True,0.9826603531837463,0.00374290207400918,0.0009688147086611328,0.6799951730063185,24,16,16,16,False,
finegym,val,DG7upbhB1bI_E_007125_007233_A_0068_0069,data/FineGym_data/videos/val/35/DG7upbhB1bI_E_007125_007233_A_0068_0069.mp4,35,16,100,1,35,True,True,0.9909667372703552,0.003394756931811571,0.0009688147086611328,0.6754344219807535,24,16,16,16,False,
finegym,val,AZ4wWG6Rcak_E_002331_002434_A_0058_0058,data/FineGym_data/videos/val/35/AZ4wWG6Rcak_E_002331_002434_A_0058_0058.mp4,35,16,100,1,35,True,True,0.9745981693267822,0.0029200940625742078,0.0009688147086611328,0.6712691650027409,20,16,16,16,False,
finegym,val,cSh74jSRht8_E_003847_003941_A_0051_0052,data/FineGym_data/videos/val/35/cSh74jSRht8_E_003847_003941_A_0051_0052.mp4,35,16,100,1,35,True,True,0.9810758829116821,0.004620994091965258,0.0009688147086611328,0.6675423139240593,21,16,16,16,False,
finegym,val,DyZ2qj6x1UE_E_002913_003008_A_0041_0042,data/FineGym_data/videos/val/35/DyZ2qj6x1UE_E_002913_003008_A_0041_0042.mp4,35,16,100,1,35,True,True,0.9712077975273132,0.004304248024709523,0.0009688147086611328,0.6621256429934874,19,16,16,16,False,
finegym,val,aN3PC4tJokk_E_004599_004701_A_0026_0027,data/FineGym_data/videos/val/35/aN3PC4tJokk_E_004599_004701_A_0026_0027.mp4,35,16,100,1,35,True,True,0.9977666139602661,0.003737571998499334,0.0009688147086611328,0.6570725160418078,26,16,16,16,False,
finegym,val,A0xAXXysHUo_E_004694_004791_A_0067_0068,data/FineGym_data/videos/val/35/A0xAXXysHUo_E_004694_004791_A_0067_0068.mp4,35,16,100,1,15,False,True,0.4081406593322754,0.003676758031360805,0.0009688147086611328,0.6526147889671847,28,16,16,16,False,
finegym,val,E3AHJ6-QS8M_E_005894_006001_A_0060_0061,data/FineGym_data/videos/val/35/E3AHJ6-QS8M_E_005894_006001_A_0060_0061.mp4,35,16,100,1,35,True,True,0.9326565861701965,0.003187858033925295,0.0009688147086611328,0.648225630982779,19,16,16,16,False,
finegym,val,DTedv-hhHU4_E_002197_002298_A_0045_0045,data/FineGym_data/videos/val/35/DTedv-hhHU4_E_002197_002298_A_0045_0045.mp4,35,16,100,1,28,False,True,0.9095112681388855,0.0032201280118897557,0.0009688147086611328,0.6443196820328012,22,16,16,16,False,
finegym,val,e3EsDlpNo0c_E_002907_003007_A_0072_0073,data/FineGym_data/videos/val/35/e3EsDlpNo0c_E_002907_003007_A_0072_0073.mp4,35,16,100,1,27,False,True,0.3814256191253662,0.0032433419255539775,0.0009688147086611328,0.6403731770114973,26,16,16,16,False,
finegym,val,AZ4wWG6Rcak_E_005289_005394_A_0029_0030,data/FineGym_data/videos/val/35/AZ4wWG6Rcak_E_005289_005394_A_0029_0030.mp4,35,16,100,1,35,True,True,0.960196852684021,0.002685653045773506,0.0009688147086611328,0.6362848760327324,18,16,16,16,False,
finegym,val,0LtLS9wROrk_E_004572_004670_A_0093_0094,data/FineGym_data/videos/val/35/0LtLS9wROrk_E_004572_004670_A_0093_0094.mp4,35,16,100,1,35,True,True,0.8728171586990356,0.0031727589666843414,0.0009688147086611328,0.6328780759358779,23,16,16,16,False,
finegym,val,aN9hSsP6xTg_E_001146_001246_A_0065_0066,data/FineGym_data/videos/val/35/aN9hSsP6xTg_E_001146_001246_A_0065_0066.mp4,35,16,100,1,35,True,True,0.9764320850372314,0.002938948920927942,0.0009688147086611328,0.6289998500142246,21,16,16,16,False,
finegym,val,AZ4wWG6Rcak_E_005867_005973_A_0017_0018,data/FineGym_data/videos/val/35/AZ4wWG6Rcak_E_005867_005973_A_0017_0018.mp4,35,16,100,1,35,True,True,0.9777113795280457,0.002733633038587868,0.0009688147086611328,0.6253427190240473,20,16,16,16,False,
finegym,val,A0xAXXysHUo_E_003435_003534_A_0026_0027,data/FineGym_data/videos/val/35/A0xAXXysHUo_E_003435_003534_A_0026_0027.mp4,35,16,100,1,35,True,True,0.9937544465065002,0.003712484030984342,0.0009688147086611328,0.6219052619999275,26,16,16,16,False,
finegym,val,0LtLS9wROrk_E_006690_006788_A_0047_0048,data/FineGym_data/videos/val/35/0LtLS9wROrk_E_006690_006788_A_0047_0048.mp4,35,16,100,1,28,False,True,0.9631989002227783,0.0030238190665841103,0.0009688147086611328,0.6174671320477501,21,16,16,16,False,
finegym,val,E3AHJ6-QS8M_E_006283_006392_A_0025_0025,data/FineGym_data/videos/val/35/E3AHJ6-QS8M_E_006283_006392_A_0025_0025.mp4,35,16,100,1,35,True,True,0.9374530911445618,0.0033155479468405247,0.0009688147086611328,0.6137492870911956,21,16,16,16,False,
finegym,val,0LtLS9wROrk_E_005208_005307_A_0087_0088,data/FineGym_data/videos/val/35/0LtLS9wROrk_E_005208_005307_A_0087_0088.mp4,35,16,100,1,27,False,True,0.7737759947776794,0.003983303904533386,0.0009688147086611328,0.6097249559825286,26,16,16,16,False,
finegym,val,A0xAXXysHUo_E_004400_004497_A_0011_0013,data/FineGym_data/videos/val/36/A0xAXXysHUo_E_004400_004497_A_0011_0013.mp4,36,16,100,1,37,False,True,0.9347742199897766,0.005117657943628728,0.0009688147086611328,0.6050865199649706,55,16,16,16,False,
finegym,val,AZ4wWG6Rcak_E_008171_008275_A_0029_0031,data/FineGym_data/videos/val/36/AZ4wWG6Rcak_E_008171_008275_A_0029_0031.mp4,36,16,100,1,37,False,True,0.453208863735199,0.004578775027766824,0.0009688147086611328,0.5995397641090676,51,16,16,16,False,
finegym,val,DG7upbhB1bI_E_001882_001986_A_0033_0035,data/FineGym_data/videos/val/36/DG7upbhB1bI_E_001882_001986_A_0033_0035.mp4,36,16,100,1,38,False,True,0.7676859498023987,0.003981460933573544,0.0009688147086611328,0.5945389560656622,66,16,16,16,False,
finegym,val,e3EsDlpNo0c_E_007562_007662_A_0019_0021,data/FineGym_data/videos/val/36/e3EsDlpNo0c_E_007562_007662_A_0019_0021.mp4,36,16,100,1,37,False,True,0.5461538434028625,0.004999746102839708,0.0009688147086611328,0.5901296900119632,59,16,16,16,False,
finegym,val,e3EsDlpNo0c_E_005706_005810_A_0069_0071,data/FineGym_data/videos/val/36/e3EsDlpNo0c_E_005706_005810_A_0069_0071.mp4,36,16,100,1,37,False,True,0.9597659707069397,0.003629819955676794,0.0009688147086611328,0.584690626943484,48,16,16,16,False,
finegym,val,aN3PC4tJokk_E_004599_004701_A_0015_0016,data/FineGym_data/videos/val/36/aN3PC4tJokk_E_004599_004701_A_0015_0016.mp4,36,16,100,1,37,False,True,0.7609667181968689,0.004704180057160556,0.0009688147086611328,0.5805387960281223,51,16,16,16,False,
finegym,val,E3AHJ6-QS8M_E_006496_006600_A_0021_0023,data/FineGym_data/videos/val/36/E3AHJ6-QS8M_E_006496_006600_A_0021_0023.mp4,36,16,100,1,37,False,True,0.9311578273773193,0.004687458975240588,0.0009688147086611328,0.5754229699959978,41,16,16,16,False,
finegym,val,aEZbP-Yephw_E_004754_004849_A_0006_0007,data/FineGym_data/videos/val/36/aEZbP-Yephw_E_004754_004849_A_0006_0007.mp4,36,16,100,1,37,False,True,0.5131536722183228,0.005132916965521872,0.0009688147086611328,0.5703214020468295,44,16,16,16,False,
finegym,val,C5Yfd1IWjmM_E_001645_001751_A_0068_0070,data/FineGym_data/videos/val/36/C5Yfd1IWjmM_E_001645_001751_A_0068_0070.mp4,36,16,100,1,38,False,True,0.6916645765304565,0.004188219900242984,0.0009688147086611328,0.5647732840152457,56,16,16,16,False,
finegym,val,e3EsDlpNo0c_E_008138_008242_A_0037_0038,data/FineGym_data/videos/val/36/e3EsDlpNo0c_E_008138_008242_A_0037_0038.mp4,36,16,100,1,37,False,True,0.6982297301292419,0.003612817032262683,0.0009688147086611328,0.5601736200042069,46,16,16,16,False,
finegym,val,DG7upbhB1bI_E_001017_001123_A_0020_0023,data/FineGym_data/videos/val/36/DG7upbhB1bI_E_001017_001123_A_0020_0023.mp4,36,16,100,1,32,False,True,0.8057718873023987,0.004170926986262202,0.0009688147086611328,0.5559658530401066,69,16,16,16,False,
finegym,val,E3AHJ6-QS8M_E_001717_001809_A_0004_0005,data/FineGym_data/videos/val/36/E3AHJ6-QS8M_E_001717_001809_A_0004_0005.mp4,36,16,100,1,36,True,True,0.5137821435928345,0.005292727961204946,0.0009688147086611328,0.5507374970475212,41,16,16,16,False,
finegym,val,aN3PC4tJokk_E_004346_004452_A_0017_0019,data/FineGym_data/videos/val/36/aN3PC4tJokk_E_004346_004452_A_0017_0019.mp4,36,16,100,1,36,True,True,0.9754241704940796,0.00504363898653537,0.0009688147086611328,0.5446921230759472,62,16,16,16,False,
finegym,val,aN9hSsP6xTg_E_002637_002732_A_0018_0020,data/FineGym_data/videos/val/36/aN9hSsP6xTg_E_002637_002732_A_0018_0020.mp4,36,16,100,1,36,True,True,0.9921729564666748,0.003914996050298214,0.0009688147086611328,0.5388778640190139,44,16,16,16,False,
finegym,val,CUuRl0Bwbbc_E_004433_004533_A_0012_0014,data/FineGym_data/videos/val/36/CUuRl0Bwbbc_E_004433_004533_A_0012_0014.mp4,36,16,100,1,37,False,True,0.751797616481781,0.0053599439561367035,0.0009688147086611328,0.5342125169700012,65,16,16,16,False,
finegym,val,DTedv-hhHU4_E_001024_001129_A_0068_0070,data/FineGym_data/videos/val/36/DTedv-hhHU4_E_001024_001129_A_0068_0070.mp4,36,16,100,1,37,False,True,0.8657959699630737,0.00422317604534328,0.0009688147086611328,0.5282984599471092,49,16,16,16,False,
finegym,val,fH-VYYl9elA_E_000264_000365_A_0089_0091,data/FineGym_data/videos/val/37/fH-VYYl9elA_E_000264_000365_A_0089_0091.mp4,37,16,100,1,37,True,True,0.5291675329208374,0.004356055986136198,0.0009688147086611328,0.5233060279861093,51,16,16,16,False,
finegym,val,EKb2MMJSoeI_E_001913_002012_A_0019_0020,data/FineGym_data/videos/val/37/EKb2MMJSoeI_E_001913_002012_A_0019_0020.mp4,37,16,100,1,37,True,True,0.5300545692443848,0.005029142019338906,0.0009688147086611328,0.5181992499856278,47,16,16,16,False,
finegym,val,eH-ZgOT8ASM_E_007289_007400_A_0043_0045,data/FineGym_data/videos/val/37/eH-ZgOT8ASM_E_007289_007400_A_0043_0045.mp4,37,16,100,1,37,True,True,0.9109182357788086,0.00427786901127547,0.0009688147086611328,0.5123931859852746,48,16,16,16,False,
finegym,val,esQQbBhuXbM_E_002103_002211_A_0026_0028,data/FineGym_data/videos/val/37/esQQbBhuXbM_E_002103_002211_A_0026_0028.mp4,37,16,100,1,95,False,False,0.14234665036201477,0.004294508951716125,0.0009688147086611328,0.5073588049272075,38,16,16,16,False,
finegym,val,aEZbP-Yephw_E_004754_004849_A_0016_0017,data/FineGym_data/videos/val/37/aEZbP-Yephw_E_004754_004849_A_0016_0017.mp4,37,16,100,1,36,False,True,0.5003364086151123,0.0037225839914754033,0.0009688147086611328,0.5023145739687607,27,16,16,16,False,
finegym,val,esQQbBhuXbM_E_007679_007783_A_0091_0093,data/FineGym_data/videos/val/37/esQQbBhuXbM_E_007679_007783_A_0091_0093.mp4,37,16,100,1,38,False,True,0.8201888203620911,0.003663092036731541,0.0009688147086611328,0.4978396550286561,40,16,16,16,False,
finegym,val,aN9hSsP6xTg_E_002637_002732_A_0060_0062,data/FineGym_data/videos/val/37/aN9hSsP6xTg_E_002637_002732_A_0060_0062.mp4,37,16,100,1,37,True,True,0.9635613560676575,0.003928430960513651,0.0009688147086611328,0.4934356900630519,40,16,16,16,False,
finegym,val,E3AHJ6-QS8M_E_006283_006392_A_0090_0091,data/FineGym_data/videos/val/37/E3AHJ6-QS8M_E_006283_006392_A_0090_0091.mp4,37,16,100,1,37,True,True,0.9099262356758118,0.004849513992667198,0.0009688147086611328,0.4887622370151803,39,16,16,16,False,
finegym,val,DG7upbhB1bI_E_007125_007233_A_0046_0048,data/FineGym_data/videos/val/37/DG7upbhB1bI_E_007125_007233_A_0046_0048.mp4,37,16,100,1,37,True,True,0.6769501566886902,0.003660356975160539,0.0009688147086611328,0.4831296589691192,43,16,16,16,False,
finegym,val,aEZbP-Yephw_E_004976_005078_A_0034_0036,data/FineGym_data/videos/val/37/aEZbP-Yephw_E_004976_005078_A_0034_0036.mp4,37,16,100,1,37,True,True,0.9777656197547913,0.004665598040446639,0.0009688147086611328,0.4786202050745487,42,16,16,16,False,
finegym,val,DTedv-hhHU4_E_001024_001129_A_0088_0090,data/FineGym_data/videos/val/37/DTedv-hhHU4_E_001024_001129_A_0088_0090.mp4,37,16,100,1,37,True,True,0.8519871234893799,0.004000726970843971,0.0009688147086611328,0.4731831159442663,51,16,16,16,False,
finegym,val,fDa0HpoXES4_E_004339_004438_A_0034_0036,data/FineGym_data/videos/val/37/fDa0HpoXES4_E_004339_004438_A_0034_0036.mp4,37,16,100,1,37,True,True,0.5572724342346191,0.00397473806515336,0.0009688147086611328,0.46842635702341795,53,16,16,16,False,
finegym,val,A0xAXXysHUo_E_003749_003849_A_0080_0082,data/FineGym_data/videos/val/37/A0xAXXysHUo_E_003749_003849_A_0080_0082.mp4,37,16,100,1,37,True,True,0.9675365686416626,0.004503412987105548,0.0009688147086611328,0.4636845359345898,53,16,16,16,False,
finegym,val,C5Yfd1IWjmM_E_003761_003863_A_0021_0023,data/FineGym_data/videos/val/37/C5Yfd1IWjmM_E_003761_003863_A_0021_0023.mp4,37,16,100,1,40,False,True,0.9246201515197754,0.004513241001404822,0.0009688147086611328,0.4584413319826126,54,16,16,16,False,
finegym,val,esQQbBhuXbM_E_001856_001954_A_0018_0020,data/FineGym_data/videos/val/37/esQQbBhuXbM_E_001856_001954_A_0018_0020.mp4,37,16,100,1,37,True,True,0.6743676066398621,0.003946534940041602,0.0009688147086611328,0.45329349709209055,49,16,16,16,False,
finegym,val,FEWTGYiWEaQ_E_004548_004646_A_0063_0065,data/FineGym_data/videos/val/37/FEWTGYiWEaQ_E_004548_004646_A_0063_0065.mp4,37,16,100,1,37,True,True,0.8553738594055176,0.00485408294480294,0.0009688147086611328,0.44887280894909054,48,16,16,16,False,
finegym,val,aN9hSsP6xTg_E_001640_001834_A_0026_0028,data/FineGym_data/videos/val/37/aN9hSsP6xTg_E_001640_001834_A_0026_0028.mp4,37,16,100,1,37,True,True,0.7686253786087036,0.003671957994811237,0.0009688147086611328,0.44359105196781456,37,16,16,16,False,
finegym,val,CkNz9ZIQmZI_E_006383_006487_A_0033_0035,data/FineGym_data/videos/val/37/CkNz9ZIQmZI_E_006383_006487_A_0033_0035.mp4,37,16,100,1,36,False,True,0.7084555625915527,0.004565168987028301,0.0009688147086611328,0.4394945149542764,54,16,16,16,False,
finegym,val,E3AHJ6-QS8M_E_005168_005260_A_0049_0051,data/FineGym_data/videos/val/37/E3AHJ6-QS8M_E_005168_005260_A_0049_0051.mp4,37,16,100,1,37,True,True,0.8134275078773499,0.004642364918254316,0.0009688147086611328,0.43451429496053606,47,16,16,16,False,
finegym,val,A0xAXXysHUo_E_003897_003995_A_0029_0031,data/FineGym_data/videos/val/37/A0xAXXysHUo_E_003897_003995_A_0029_0031.mp4,37,16,100,1,37,True,True,0.9111607670783997,0.004271337063983083,0.0009688147086611328,0.429451099014841,52,16,16,16,False,
finegym,val,0LtLS9wROrk_E_005208_005307_A_0038_0039,data/FineGym_data/videos/val/38/0LtLS9wROrk_E_005208_005307_A_0038_0039.mp4,38,16,100,1,38,True,True,0.8383175134658813,0.004306021030060947,0.0009688147086611328,0.42475115694105625,48,16,16,16,False,
finegym,val,E3AHJ6-QS8M_E_000552_000647_A_0065_0067,data/FineGym_data/videos/val/38/E3AHJ6-QS8M_E_000552_000647_A_0065_0067.mp4,38,16,100,1,40,False,True,0.9799864888191223,0.00518797105178237,0.0009688147086611328,0.42001099803019315,47,16,16,16,False,
finegym,val,A0xAXXysHUo_E_003435_003534_A_0028_0029,data/FineGym_data/videos/val/38/A0xAXXysHUo_E_003435_003534_A_0028_0029.mp4,38,16,100,1,37,False,True,0.8098027110099792,0.003999294014647603,0.0009688147086611328,0.4141006589634344,33,16,16,16,False,
finegym,val,0LtLS9wROrk_E_002558_002653_A_0085_0087,data/FineGym_data/videos/val/38/0LtLS9wROrk_E_002558_002653_A_0085_0087.mp4,38,16,100,1,38,True,True,0.8437104225158691,0.004859111970290542,0.0009688147086611328,0.40965293103363365,61,16,16,16,False,
finegym,val,aEZbP-Yephw_E_004976_005078_A_0068_0069,data/FineGym_data/videos/val/38/aEZbP-Yephw_E_004976_005078_A_0068_0069.mp4,38,16,100,1,37,False,True,0.8233437538146973,0.00413736398331821,0.0009688147086611328,0.4043784970417619,26,16,16,16,False,
finegym,val,aN3PC4tJokk_E_003860_003960_A_0090_0092,data/FineGym_data/videos/val/38/aN3PC4tJokk_E_003860_003960_A_0090_0092.mp4,38,16,100,1,38,True,True,0.9940078258514404,0.005147724994458258,0.0009688147086611328,0.3998379750410095,60,16,16,16,False,
finegym,val,e3EsDlpNo0c_E_006102_006204_A_0093_0095,data/FineGym_data/videos/val/38/e3EsDlpNo0c_E_006102_006204_A_0093_0095.mp4,38,16,100,1,38,True,True,0.9051070213317871,0.004284240072593093,0.0009688147086611328,0.3942871509352699,63,16,16,16,False,
finegym,val,aN9hSsP6xTg_E_001146_001246_A_0038_0040,data/FineGym_data/videos/val/38/aN9hSsP6xTg_E_001146_001246_A_0038_0040.mp4,38,16,100,1,38,True,True,0.9988983869552612,0.0037900209426879883,0.0009688147086611328,0.3895922680385411,43,16,16,16,False,
finegym,val,aN9hSsP6xTg_E_000547_000651_A_0091_0093,data/FineGym_data/videos/val/38/aN9hSsP6xTg_E_000547_000651_A_0091_0093.mp4,38,16,100,1,38,True,True,0.8306882977485657,0.004568165051750839,0.0009688147086611328,0.38539723597932607,48,16,16,16,False,
finegym,val,DG7upbhB1bI_E_003248_003346_A_0090_0092,data/FineGym_data/videos/val/38/DG7upbhB1bI_E_003248_003346_A_0090_0092.mp4,38,16,100,1,38,True,True,0.9770655632019043,0.003967173979617655,0.0009688147086611328,0.38009392900858074,50,16,16,16,False,
finegym,val,e3EsDlpNo0c_E_007562_007662_A_0090_0092,data/FineGym_data/videos/val/38/e3EsDlpNo0c_E_007562_007662_A_0090_0092.mp4,38,16,100,1,38,True,True,0.9136351943016052,0.004444292047992349,0.0009688147086611328,0.3756125969812274,48,16,16,16,False,
finegym,val,eH-ZgOT8ASM_E_008137_008245_A_0099_0101,data/FineGym_data/videos/val/38/eH-ZgOT8ASM_E_008137_008245_A_0099_0101.mp4,38,16,100,1,24,False,True,0.4960523247718811,0.003862897981889546,0.0009688147086611328,0.37073990900535136,47,16,16,16,False,
finegym,val,BQhX6F3gpp8_E_007119_007222_A_0094_0096,data/FineGym_data/videos/val/38/BQhX6F3gpp8_E_007119_007222_A_0094_0096.mp4,38,16,100,1,40,False,True,0.5347129702568054,0.0044907089322805405,0.0009688147086611328,0.36646360403392464,71,16,16,16,False,
finegym,val,A0xAXXysHUo_E_003897_003995_A_0092_0095,data/FineGym_data/videos/val/38/A0xAXXysHUo_E_003897_003995_A_0092_0095.mp4,38,16,100,1,38,True,True,0.979327380657196,0.006298079038970172,0.0009688147086611328,0.3615427870536223,89,16,16,16,False,
finegym,val,dqUNtY2GwW4_E_003169_003267_A_0031_0033,data/FineGym_data/videos/val/38/dqUNtY2GwW4_E_003169_003267_A_0031_0033.mp4,38,16,100,1,40,False,True,0.5965077877044678,0.004395620082505047,0.0009688147086611328,0.35478646506089717,40,16,16,16,False,
finegym,val,DyZ2qj6x1UE_E_002913_003008_A_0024_0026,data/FineGym_data/videos/val/38/DyZ2qj6x1UE_E_002913_003008_A_0024_0026.mp4,38,16,100,1,38,True,True,0.9886589646339417,0.004666820052079856,0.0009688147086611328,0.34995103802066296,38,16,16,16,False,
finegym,val,0LtLS9wROrk_E_007962_008052_A_0084_0086,data/FineGym_data/videos/val/38/0LtLS9wROrk_E_007962_008052_A_0084_0086.mp4,38,16,100,1,38,True,True,0.6213924288749695,0.004825828946195543,0.0009688147086611328,0.34480174898635596,68,16,16,16,False,
finegym,val,0LtLS9wROrk_E_005885_005983_A_0030_0032,data/FineGym_data/videos/val/38/0LtLS9wROrk_E_005885_005983_A_0030_0032.mp4,38,16,100,1,38,True,True,0.8623700141906738,0.00646558403968811,0.0009688147086611328,0.33952229702845216,50,16,16,16,False,
finegym,val,DyZ2qj6x1UE_E_003507_003612_A_0055_0057,data/FineGym_data/videos/val/38/DyZ2qj6x1UE_E_003507_003612_A_0055_0057.mp4,38,16,100,1,38,True,True,0.7148056626319885,0.0059875850565731525,0.001177370417281054,0.700569331063889,45,16,16,16,False,
finegym,val,CUuRl0Bwbbc_E_003247_003355_A_0065_0068,data/FineGym_data/videos/val/38/CUuRl0Bwbbc_E_003247_003355_A_0065_0068.mp4,38,16,100,1,40,False,True,0.519375205039978,0.005757431965321302,0.001177370417281054,0.6937292619841173,86,16,16,16,False,
finegym,val,aN9hSsP6xTg_E_002823_002928_A_0033_0034,data/FineGym_data/videos/val/39/aN9hSsP6xTg_E_002823_002928_A_0033_0034.mp4,39,16,100,1,39,True,True,0.88982093334198,0.005146863986738026,0.001177370417281054,0.6873587060254067,45,16,16,16,False,
finegym,val,aN3PC4tJokk_E_004100_004199_A_0020_0022,data/FineGym_data/videos/val/39/aN3PC4tJokk_E_004100_004199_A_0020_0022.mp4,39,16,100,1,37,False,True,0.5279884934425354,0.00486425100825727,0.001177370417281054,0.681398713029921,51,16,16,16,False,
finegym,val,A0xAXXysHUo_E_003435_003534_A_0018_0020,data/FineGym_data/videos/val/39/A0xAXXysHUo_E_003435_003534_A_0018_0020.mp4,39,16,100,1,39,True,True,0.5309818387031555,0.004897824954241514,0.001177370417281054,0.6755619120085612,53,16,16,16,False,
finegym,val,aN3PC4tJokk_E_003860_003960_A_0018_0019,data/FineGym_data/videos/val/39/aN3PC4tJokk_E_003860_003960_A_0018_0019.mp4,39,16,100,1,39,True,True,0.5050505995750427,0.004851608071476221,0.001177370417281054,0.6699010609881952,52,16,16,16,False,
finegym,val,DTedv-hhHU4_E_004361_004465_A_0025_0027,data/FineGym_data/videos/val/39/DTedv-hhHU4_E_004361_004465_A_0025_0027.mp4,39,16,100,1,40,False,True,0.9871719479560852,0.0042665270157158375,0.001177370417281054,0.6645885759498924,65,16,16,16,False,
finegym,val,C5Yfd1IWjmM_E_002895_002996_A_0040_0042,data/FineGym_data/videos/val/39/C5Yfd1IWjmM_E_002895_002996_A_0040_0042.mp4,39,16,100,1,40,False,True,0.8867589235305786,0.003968606004491448,0.001177370417281054,0.6599010069621727,53,16,16,16,False,
finegym,val,AZ4wWG6Rcak_E_002768_002869_A_0043_0045,data/FineGym_data/videos/val/39/AZ4wWG6Rcak_E_002768_002869_A_0043_0045.mp4,39,16,100,1,37,False,True,0.6913124322891235,0.004067342029884458,0.001177370417281054,0.655448290053755,51,16,16,16,False,
finegym,val,e3EsDlpNo0c_E_002096_002195_A_0034_0035,data/FineGym_data/videos/val/39/e3EsDlpNo0c_E_002096_002195_A_0034_0035.mp4,39,16,100,1,37,False,True,0.7867982983589172,0.0059157999930903316,0.001177370417281054,0.6503075980581343,46,16,16,16,False,
finegym,val,DTedv-hhHU4_E_002006_002106_A_0040_0042,data/FineGym_data/videos/val/39/DTedv-hhHU4_E_002006_002106_A_0040_0042.mp4,39,16,100,1,37,False,True,0.8841567039489746,0.00486300908960402,0.001177370417281054,0.6436532189836726,49,16,16,16,False,
finegym,val,E3AHJ6-QS8M_E_005168_005260_A_0005_0007,data/FineGym_data/videos/val/39/E3AHJ6-QS8M_E_005168_005260_A_0005_0007.mp4,39,16,100,1,39,True,True,0.542009711265564,0.004443050012923777,0.001177370417281054,0.6382431400706992,40,16,16,16,False,
finegym,val,aN9hSsP6xTg_E_001977_002183_A_0027_0028,data/FineGym_data/videos/val/39/aN9hSsP6xTg_E_001977_002183_A_0027_0028.mp4,39,16,100,1,36,False,True,0.7572113275527954,0.004462866927497089,0.001177370417281054,0.6332453469512984,38,16,16,16,False,
finegym,val,CUuRl0Bwbbc_E_003495_003598_A_0036_0038,data/FineGym_data/videos/val/39/CUuRl0Bwbbc_E_003495_003598_A_0036_0038.mp4,39,16,100,1,37,False,True,0.8862157464027405,0.005651894025504589,0.001177370417281054,0.6282619710545987,52,16,16,16,False,
finegym,val,E3AHJ6-QS8M_E_004565_004652_A_0051_0053,data/FineGym_data/videos/val/39/E3AHJ6-QS8M_E_004565_004652_A_0051_0053.mp4,39,16,100,1,39,True,True,0.4758654236793518,0.005126134026795626,0.001177370417281054,0.6219749640440568,39,16,16,16,False,
finegym,val,DG7upbhB1bI_E_001017_001123_A_0091_0092,data/FineGym_data/videos/val/40/DG7upbhB1bI_E_001017_001123_A_0091_0092.mp4,40,16,100,1,38,False,True,0.8628177046775818,0.0036303099477663636,0.001177370417281054,0.6163648680085316,47,16,16,16,False,
finegym,val,AZ4wWG6Rcak_E_009215_009318_A_0043_0045,data/FineGym_data/videos/val/40/AZ4wWG6Rcak_E_009215_009318_A_0043_0045.mp4,40,16,100,1,37,False,True,0.43801695108413696,0.004373457981273532,0.001177370417281054,0.6121108049992472,50,16,16,16,False,
finegym,val,EFvDqOF1sCk_E_002657_002760_A_0099_0101,data/FineGym_data/videos/val/40/EFvDqOF1sCk_E_002657_002760_A_0099_0101.mp4,40,16,100,1,40,True,True,0.9318217635154724,0.004529332043603063,0.001177370417281054,0.6071941039990634,46,16,16,16,False,
finegym,val,cSh74jSRht8_E_004401_004506_A_0030_0032,data/FineGym_data/videos/val/40/cSh74jSRht8_E_004401_004506_A_0030_0032.mp4,40,16,100,1,40,True,True,0.5281185507774353,0.005682621034793556,0.001177370417281054,0.6020315010100603,55,16,16,16,False,
finegym,val,0LtLS9wROrk_E_002558_002653_A_0023_0026,data/FineGym_data/videos/val/40/0LtLS9wROrk_E_002558_002653_A_0023_0026.mp4,40,16,100,1,40,True,True,0.9998180270195007,0.005889030057005584,0.001177370417281054,0.5957186040468514,62,16,16,16,False,
finegym,val,BQhX6F3gpp8_E_007119_007222_A_0047_0048,data/FineGym_data/videos/val/40/BQhX6F3gpp8_E_007119_007222_A_0047_0048.mp4,40,16,100,1,40,True,True,0.9925504922866821,0.0036251299316063523,0.001177370417281054,0.5894310950534418,52,16,16,16,False,
finegym,val,CkNz9ZIQmZI_E_008093_008190_A_0021_0023,data/FineGym_data/videos/val/40/CkNz9ZIQmZI_E_008093_008190_A_0021_0023.mp4,40,16,100,1,33,False,True,0.6977016925811768,0.0036997610004618764,0.001177370417281054,0.585368491942063,45,16,16,16,False,
finegym,val,aN9hSsP6xTg_E_000932_001038_A_0086_0088,data/FineGym_data/videos/val/40/aN9hSsP6xTg_E_000932_001038_A_0086_0088.mp4,40,16,100,1,38,False,True,0.9644874930381775,0.005243415012955666,0.001177370417281054,0.5812768540345132,43,16,16,16,False,
finegym,val,0LtLS9wROrk_E_007013_007109_A_0021_0023,data/FineGym_data/videos/val/40/0LtLS9wROrk_E_007013_007109_A_0021_0023.mp4,40,16,100,1,40,True,True,0.9953266382217407,0.005163455032743514,0.001177370417281054,0.5751069659600034,48,16,16,16,False,
finegym,val,DTedv-hhHU4_E_002197_002298_A_0094_0095,data/FineGym_data/videos/val/40/DTedv-hhHU4_E_002197_002298_A_0094_0095.mp4,40,16,100,1,40,True,True,0.9514920711517334,0.004924854962155223,0.001177370417281054,0.5694169810740277,46,16,16,16,False,
finegym,val,e3EsDlpNo0c_E_006401_006501_A_0094_0096,data/FineGym_data/videos/val/40/e3EsDlpNo0c_E_006401_006501_A_0094_0096.mp4,40,16,100,1,40,True,True,0.617855429649353,0.004678752971813083,0.001177370417281054,0.5638107829727232,47,16,16,16,False,
finegym,val,CkNz9ZIQmZI_E_006859_006958_A_0021_0023,data/FineGym_data/videos/val/40/CkNz9ZIQmZI_E_006859_006958_A_0021_0023.mp4,40,16,100,1,24,False,False,0.41668859124183655,0.005005548009648919,0.001177370417281054,0.5582876920234412,49,16,16,16,False,
finegym,val,aEZbP-Yephw_E_000849_000949_A_0092_0093,data/FineGym_data/videos/val/40/aEZbP-Yephw_E_000849_000949_A_0092_0093.mp4,40,16,100,1,40,True,True,0.9940029978752136,0.0045690760016441345,0.001177370417281054,0.5527114300057292,42,16,16,16,False,
finegym,val,eH-ZgOT8ASM_E_008137_008245_A_0037_0039,data/FineGym_data/videos/val/40/eH-ZgOT8ASM_E_008137_008245_A_0037_0039.mp4,40,16,100,1,40,True,True,0.9684629440307617,0.0039018209790810943,0.001177370417281054,0.5475866389460862,49,16,16,16,False,
finegym,val,0LtLS9wROrk_E_007629_007726_A_0037_0039,data/FineGym_data/videos/val/40/0LtLS9wROrk_E_007629_007726_A_0037_0039.mp4,40,16,100,1,40,True,True,0.994053304195404,0.004301954060792923,0.001177370417281054,0.543272783048451,58,16,16,16,False,
finegym,val,0LtLS9wROrk_E_004267_004364_A_0026_0027,data/FineGym_data/videos/val/40/0LtLS9wROrk_E_004267_004364_A_0026_0027.mp4,40,16,100,1,40,True,True,0.9967918992042542,0.0038535710191354156,0.001177370417281054,0.5371978030307218,51,16,16,16,False,
finegym,val,AZ4wWG6Rcak_E_005067_005168_A_0093_0094,data/FineGym_data/videos/val/40/AZ4wWG6Rcak_E_005067_005168_A_0093_0094.mp4,40,16,100,1,40,True,True,0.9933739900588989,0.0033588900696486235,0.001177370417281054,0.5327864539576694,38,16,16,16,False,
finegym,val,C5Yfd1IWjmM_E_002895_002996_A_0071_0073,data/FineGym_data/videos/val/40/C5Yfd1IWjmM_E_002895_002996_A_0071_0073.mp4,40,16,100,1,40,True,True,0.9183213114738464,0.004516546963714063,0.001177370417281054,0.5290446650469676,53,16,16,16,False,
finegym,val,E3AHJ6-QS8M_E_000552_000647_A_0090_0092,data/FineGym_data/videos/val/40/E3AHJ6-QS8M_E_000552_000647_A_0090_0092.mp4,40,16,100,1,39,False,True,0.5690419673919678,0.005436128005385399,0.001177370417281054,0.5240989790763706,49,16,16,16,False,
finegym,val,aN3PC4tJokk_E_004346_004452_A_0073_0076,data/FineGym_data/videos/val/40/aN3PC4tJokk_E_004346_004452_A_0073_0076.mp4,40,16,100,1,40,True,True,0.4070577323436737,0.007071163970977068,0.001177370417281054,0.5178516450105235,83,16,16,16,False,
finegym,val,dqUNtY2GwW4_E_001860_001955_A_0077_0078,data/FineGym_data/videos/val/41/dqUNtY2GwW4_E_001860_001955_A_0077_0078.mp4,41,16,100,1,43,False,True,0.5278289318084717,0.004452768014743924,0.001177370417281054,0.5097236839355901,19,16,16,16,False,
finegym,val,CkNz9ZIQmZI_E_004347_004433_A_0020_0021,data/FineGym_data/videos/val/41/CkNz9ZIQmZI_E_004347_004433_A_0020_0021.mp4,41,16,100,1,41,True,True,0.9857749938964844,0.003700801986269653,0.001177370417281054,0.5047804740024731,17,16,16,16,False,
finegym,val,CUuRl0Bwbbc_E_001154_001243_A_0030_0031,data/FineGym_data/videos/val/41/CUuRl0Bwbbc_E_001154_001243_A_0030_0031.mp4,41,16,100,1,41,True,True,0.890014111995697,0.004266347037628293,0.001177370417281054,0.5003335670335218,26,16,16,16,False,
finegym,val,aN3PC4tJokk_E_004944_005043_A_0073_0074,data/FineGym_data/videos/val/41/aN3PC4tJokk_E_004944_005043_A_0073_0074.mp4,41,16,100,1,43,False,True,0.9420429468154907,0.004597730003297329,0.001177370417281054,0.4954856059048325,22,16,16,16,False,
finegym,val,BQhX6F3gpp8_E_003413_003501_A_0076_0077,data/FineGym_data/videos/val/41/BQhX6F3gpp8_E_003413_003501_A_0076_0077.mp4,41,16,100,1,41,True,True,0.9232873916625977,0.004261577036231756,0.001177370417281054,0.4900593269849196,25,16,16,16,False,
finegym,val,BQhX6F3gpp8_E_003642_003747_A_0085_0086,data/FineGym_data/videos/val/41/BQhX6F3gpp8_E_003642_003747_A_0085_0086.mp4,41,16,100,1,41,True,True,0.7464067935943604,0.004199812072329223,0.001177370417281054,0.48534034902695566,30,16,16,16,False,
finegym,val,aEZbP-Yephw_E_003968_004062_A_0043_0044,data/FineGym_data/videos/val/41/aEZbP-Yephw_E_003968_004062_A_0043_0044.mp4,41,16,100,1,43,False,True,0.8266323208808899,0.00438803608994931,0.001177370417281054,0.4806294561130926,21,16,16,16,False,
finegym,val,0LtLS9wROrk_E_006895_006995_A_0077_0077,data/FineGym_data/videos/val/41/0LtLS9wROrk_E_006895_006995_A_0077_0077.mp4,41,16,100,1,43,False,True,0.8737607002258301,0.004367106012068689,0.001177370417281054,0.47549917292781174,22,16,16,16,False,
finegym,val,cSh74jSRht8_E_005490_005565_A_0062_0062,data/FineGym_data/videos/val/41/cSh74jSRht8_E_005490_005565_A_0062_0062.mp4,41,16,100,1,41,True,True,0.9920411705970764,0.0033865709556266665,0.001177370417281054,0.47037770797032863,17,16,16,16,False,
finegym,val,CUuRl0Bwbbc_E_002152_002249_A_0081_0081,data/FineGym_data/videos/val/41/CUuRl0Bwbbc_E_002152_002249_A_0081_0081.mp4,41,16,100,1,41,True,True,0.9848011136054993,0.0038774649146944284,0.001177370417281054,0.46641352004371583,24,16,16,16,False,
finegym,val,CkNz9ZIQmZI_E_003713_003816_A_0082_0083,data/FineGym_data/videos/val/41/CkNz9ZIQmZI_E_003713_003816_A_0082_0083.mp4,41,16,100,1,41,True,True,0.9247662425041199,0.003452065051533282,0.001177370417281054,0.46196385798975825,18,16,16,16,False,
finegym,val,C5Yfd1IWjmM_E_006041_006127_A_0052_0052,data/FineGym_data/videos/val/41/C5Yfd1IWjmM_E_006041_006127_A_0052_0052.mp4,41,16,100,1,41,True,True,0.7045770883560181,0.0039438901003450155,0.001177370417281054,0.45793141203466803,20,16,16,16,False,
finegym,val,CkNz9ZIQmZI_E_004929_005008_A_0067_0068,data/FineGym_data/videos/val/41/CkNz9ZIQmZI_E_004929_005008_A_0067_0068.mp4,41,16,100,1,41,True,True,0.982058048248291,0.004034950979985297,0.001177370417281054,0.4535073379520327,27,16,16,16,False,
finegym,val,A0xAXXysHUo_E_001529_001616_A_0058_0059,data/FineGym_data/videos/val/41/A0xAXXysHUo_E_001529_001616_A_0058_0059.mp4,41,16,100,1,43,False,True,0.8675241470336914,0.004768891958519816,0.001177370417281054,0.4485677039483562,29,16,16,16,False,
finegym,val,BLzs5opw8uM_E_000826_000920_A_0035_0036,data/FineGym_data/videos/val/41/BLzs5opw8uM_E_000826_000920_A_0035_0036.mp4,41,16,100,1,41,True,True,0.9963846206665039,0.0040713290218263865,0.001177370417281054,0.4430072030518204,29,16,16,16,False,
finegym,val,BLzs5opw8uM_E_001671_001766_A_0071_0072,data/FineGym_data/videos/val/41/BLzs5opw8uM_E_001671_001766_A_0071_0072.mp4,41,16,100,1,43,False,True,0.7238038182258606,0.0040788541082292795,0.001177370417281054,0.4381958809681237,27,16,16,16,False,
finegym,val,A0xAXXysHUo_E_002548_002638_A_0041_0042,data/FineGym_data/videos/val/41/A0xAXXysHUo_E_002548_002638_A_0041_0042.mp4,41,16,100,1,43,False,True,0.9415073394775391,0.0040170669090002775,0.001177370417281054,0.4333509560674429,22,16,16,16,False,
finegym,val,aN9hSsP6xTg_E_003225_003317_A_0015_0016,data/FineGym_data/videos/val/41/aN9hSsP6xTg_E_003225_003317_A_0015_0016.mp4,41,16,100,1,41,True,True,0.9959691762924194,0.004132283967919648,0.001177370417281054,0.42850766400806606,19,16,16,16,False,
finegym,val,A0xAXXysHUo_E_003242_003342_A_0019_0020,data/FineGym_data/videos/val/41/A0xAXXysHUo_E_003242_003342_A_0019_0020.mp4,41,16,100,1,41,True,True,0.8394067287445068,0.0037709049647673965,0.001177370417281054,0.42381333198864013,24,16,16,16,False,
finegym,val,aN9hSsP6xTg_E_002420_002518_A_0042_0043,data/FineGym_data/videos/val/41/aN9hSsP6xTg_E_002420_002518_A_0042_0043.mp4,41,16,100,1,41,True,True,0.5143760442733765,0.004167399951256812,0.001177370417281054,0.41961639595683664,17,16,16,16,False,
finegym,val,aN9hSsP6xTg_E_000439_000530_A_0043_0044,data/FineGym_data/videos/val/43/aN9hSsP6xTg_E_000439_000530_A_0043_0044.mp4,43,16,100,1,43,True,True,0.9424920678138733,0.004263511975295842,0.001177370417281054,0.4149334749672562,22,16,16,16,False,
finegym,val,aEZbP-Yephw_E_002874_002957_A_0066_0066,data/FineGym_data/videos/val/43/aEZbP-Yephw_E_002874_002957_A_0066_0066.mp4,43,16,100,1,43,True,True,0.9973433613777161,0.003744634916074574,0.001177370417281054,0.41020779497921467,17,16,16,16,False,
finegym,val,aEZbP-Yephw_E_003121_003201_A_0041_0042,data/FineGym_data/videos/val/43/aEZbP-Yephw_E_003121_003201_A_0041_0042.mp4,43,16,100,1,43,True,True,0.9624027013778687,0.004487383062951267,0.001177370417281054,0.4060530479764566,19,16,16,16,False,
finegym,val,aN9hSsP6xTg_E_000224_000318_A_0020_0020,data/FineGym_data/videos/val/43/aN9hSsP6xTg_E_000224_000318_A_0020_0020.mp4,43,16,100,1,41,False,True,0.9214223623275757,0.0048760740319266915,0.001177370417281054,0.4008705570595339,23,16,16,16,False,
finegym,val,aN3PC4tJokk_E_004944_005043_A_0072_0072,data/FineGym_data/videos/val/43/aN3PC4tJokk_E_004944_005043_A_0072_0072.mp4,43,16,100,1,43,True,True,0.999256432056427,0.004793448024429381,0.001177370417281054,0.3950889400439337,24,16,16,16,False,
finegym,val,aN9hSsP6xTg_E_001436_001527_A_0056_0057,data/FineGym_data/videos/val/43/aN9hSsP6xTg_E_001436_001527_A_0056_0057.mp4,43,16,100,1,41,False,True,0.9191246628761292,0.004591147997416556,0.001177370417281054,0.3895305829355493,22,16,16,16,False,
finegym,val,0LtLS9wROrk_E_005417_005494_A_0032_0033,data/FineGym_data/videos/val/43/0LtLS9wROrk_E_005417_005494_A_0032_0033.mp4,43,16,100,1,44,False,True,0.8210223913192749,0.0035572219640016556,0.001177370417281054,0.3841391489841044,21,16,16,16,False,
finegym,val,A0xAXXysHUo_E_001953_002052_A_0043_0044,data/FineGym_data/videos/val/43/A0xAXXysHUo_E_001953_002052_A_0043_0044.mp4,43,16,100,1,43,True,True,0.9984945058822632,0.005424614995718002,0.001177370417281054,0.3798580550355837,26,16,16,16,False,
finegym,val,0LtLS9wROrk_E_007241_007324_A_0070_0071,data/FineGym_data/videos/val/43/0LtLS9wROrk_E_007241_007324_A_0070_0071.mp4,43,16,100,1,43,True,True,0.9928370118141174,0.004391802940517664,0.001177370417281054,0.3734825300052762,23,16,16,16,False,
finegym,val,0LtLS9wROrk_E_004181_004254_A_0011_0012,data/FineGym_data/videos/val/43/0LtLS9wROrk_E_004181_004254_A_0011_0012.mp4,43,16,100,1,43,True,True,0.9824432134628296,0.00416396395303309,0.001177370417281054,0.3682989670196548,25,16,16,16,False,
finegym,val,0LtLS9wROrk_E_006600_006668_A_0018_0019,data/FineGym_data/videos/val/43/0LtLS9wROrk_E_006600_006668_A_0018_0019.mp4,43,16,100,1,43,True,True,0.9384837746620178,0.0033545420737937093,0.001177370417281054,0.3636164269410074,24,16,16,16,False,
finegym,val,aEZbP-Yephw_E_003547_003643_A_0073_0074,data/FineGym_data/videos/val/43/aEZbP-Yephw_E_003547_003643_A_0073_0074.mp4,43,16,100,1,43,True,True,0.8953148126602173,0.004295081016607583,0.001177370417281054,0.3598119500093162,18,16,16,16,False,
finegym,val,aN3PC4tJokk_E_001804_001903_A_0067_0068,data/FineGym_data/videos/val/43/aN3PC4tJokk_E_001804_001903_A_0067_0068.mp4,43,16,100,1,41,False,True,0.9547891020774841,0.004362809006124735,0.001177370417281054,0.35471163399051875,22,16,16,16,False,
finegym,val,aEZbP-Yephw_E_000540_000626_A_0064_0064,data/FineGym_data/videos/val/43/aEZbP-Yephw_E_000540_000626_A_0064_0064.mp4,43,16,100,1,43,True,True,0.9991815686225891,0.0039903579745441675,0.001177370417281054,0.3496137330075726,16,16,16,16,False,
finegym,val,A0xAXXysHUo_E_002930_003025_A_0025_0026,data/FineGym_data/videos/val/43/A0xAXXysHUo_E_002930_003025_A_0025_0026.mp4,43,16,100,1,43,True,True,0.9977933168411255,0.004155838978476822,0.001177370417281054,0.3451618879335001,27,16,16,16,False,
finegym,val,A0xAXXysHUo_E_002290_002388_A_0035_0035,data/FineGym_data/videos/val/43/A0xAXXysHUo_E_002290_002388_A_0035_0035.mp4,43,16,100,1,43,True,True,0.9980397820472717,0.00427365000359714,0.001177370417281054,0.3405359840253368,25,16,16,16,False,
finegym,val,aN9hSsP6xTg_E_001836_001926_A_0078_0079,data/FineGym_data/videos/val/43/aN9hSsP6xTg_E_001836_001926_A_0078_0079.mp4,43,16,100,1,41,False,True,0.873223066329956,0.0039084539748728275,0.001177370417281054,0.33577678992878646,17,16,16,16,False,
finegym,val,A0xAXXysHUo_E_002548_002638_A_0040_0041,data/FineGym_data/videos/val/43/A0xAXXysHUo_E_002548_002638_A_0040_0041.mp4,43,16,100,1,43,True,True,0.9833182096481323,0.0038938659708946943,0.001177370417281054,0.33146308397408575,24,16,16,16,False,
finegym,val,0LtLS9wROrk_E_007856_007937_A_0065_0066,data/FineGym_data/videos/val/43/0LtLS9wROrk_E_007856_007937_A_0065_0066.mp4,43,16,100,1,43,True,True,0.9761450886726379,0.0034050160320475698,0.001177370417281054,0.32707279396709055,26,16,16,16,False,
finegym,val,A0xAXXysHUo_E_002763_002874_A_0047_0047,data/FineGym_data/videos/val/43/A0xAXXysHUo_E_002763_002874_A_0047_0047.mp4,43,16,100,1,43,True,True,0.9014711976051331,0.0040884120389819145,0.001177370417281054,0.32329004805069417,25,16,16,16,False,
finegym,val,e3EsDlpNo0c_E_007447_007542_A_0023_0024,data/FineGym_data/videos/val/44/e3EsDlpNo0c_E_007447_007542_A_0023_0024.mp4,44,16,100,1,44,True,True,0.8931863307952881,0.0032376119634136558,0.001177370417281054,0.3187884279759601,22,16,16,16,False,
finegym,val,0LtLS9wROrk_E_005787_005866_A_0054_0055,data/FineGym_data/videos/val/44/0LtLS9wROrk_E_005787_005866_A_0054_0055.mp4,44,16,100,1,44,True,True,0.9496181011199951,0.00414325506426394,0.001177370417281054,0.3151072730543092,19,16,16,16,False,
finegym,val,aN3PC4tJokk_E_003003_003112_A_0022_0023,data/FineGym_data/videos/val/44/aN3PC4tJokk_E_003003_003112_A_0022_0023.mp4,44,16,100,1,52,False,True,0.4498189091682434,0.004876254010014236,0.001177370417281054,0.3103281609946862,24,16,16,16,False,
finegym,val,0LtLS9wROrk_E_004459_004545_A_0024_0025,data/FineGym_data/videos/val/44/0LtLS9wROrk_E_004459_004545_A_0024_0025.mp4,44,16,100,1,43,False,True,0.9870073199272156,0.004328423063270748,0.001177370417281054,0.30464684194885194,24,16,16,16,False,
finegym,val,e3EsDlpNo0c_E_003189_003289_A_0042_0043,data/FineGym_data/videos/val/44/e3EsDlpNo0c_E_003189_003289_A_0042_0043.mp4,44,16,100,1,43,False,True,0.9817720651626587,0.004889908945187926,0.001177370417281054,0.2996974199777469,27,16,16,16,False,
finegym,val,AZ4wWG6Rcak_E_006218_006294_A_0011_0011,data/FineGym_data/videos/val/44/AZ4wWG6Rcak_E_006218_006294_A_0011_0011.mp4,44,16,100,1,43,False,True,0.9915736317634583,0.004092820920050144,0.001177370417281054,0.29404421406798065,19,16,16,16,False,
finegym,val,e3EsDlpNo0c_E_008034_008131_A_0041_0042,data/FineGym_data/videos/val/44/e3EsDlpNo0c_E_008034_008131_A_0041_0042.mp4,44,16,100,1,44,True,True,0.989230215549469,0.003987362026236951,0.001177370417281054,0.28938124096021056,20,16,16,16,False,
finegym,val,C5Yfd1IWjmM_E_005232_005308_A_0019_0020,data/FineGym_data/videos/val/44/C5Yfd1IWjmM_E_005232_005308_A_0019_0020.mp4,44,16,100,1,44,True,True,0.7664032578468323,0.0044644089648500085,0.001177370417281054,0.284863862907514,23,16,16,16,False,
finegym,val,BQhX6F3gpp8_E_005170_005259_A_0013_0013,data/FineGym_data/videos/val/44/BQhX6F3gpp8_E_005170_005259_A_0013_0013.mp4,44,16,100,1,44,True,True,0.6445247530937195,0.003763449960388243,0.001177370417281054,0.2796254070708528,17,16,16,16,False,
finegym,val,dqUNtY2GwW4_E_006634_006744_A_0096_0097,data/FineGym_data/videos/val/44/dqUNtY2GwW4_E_006634_006744_A_0096_0097.mp4,44,16,100,1,44,True,True,0.8759344816207886,0.004105885047465563,0.001177370417281054,0.2752936779288575,18,16,16,16,False,
finegym,val,BQhX6F3gpp8_E_003642_003747_A_0061_0062,data/FineGym_data/videos/val/45/BQhX6F3gpp8_E_003642_003747_A_0061_0062.mp4,45,16,100,1,45,True,True,0.993107259273529,0.003469967981800437,0.001177370417281054,0.27071621594950557,26,16,16,16,False,
finegym,val,CUuRl0Bwbbc_E_002152_002249_A_0054_0055,data/FineGym_data/videos/val/46/CUuRl0Bwbbc_E_002152_002249_A_0054_0055.mp4,46,16,100,1,46,True,True,0.9725062847137451,0.005358450929634273,0.001177370417281054,0.26678416796494275,31,16,16,16,False,
finegym,val,C5Yfd1IWjmM_E_006041_006127_A_0064_0065,data/FineGym_data/videos/val/46/C5Yfd1IWjmM_E_006041_006127_A_0064_0065.mp4,46,16,100,1,46,True,True,0.999458372592926,0.004339925013482571,0.001177370417281054,0.26072573894634843,29,16,16,16,False,
finegym,val,C5Yfd1IWjmM_E_001543_001637_A_0077_0077,data/FineGym_data/videos/val/46/C5Yfd1IWjmM_E_001543_001637_A_0077_0077.mp4,46,16,100,1,46,True,True,0.9992110729217529,0.0045610410161316395,0.001177370417281054,0.2558760750107467,22,16,16,16,False,
finegym,val,aEZbP-Yephw_E_001550_001632_A_0031_0032,data/FineGym_data/videos/val/46/aEZbP-Yephw_E_001550_001632_A_0031_0032.mp4,46,16,100,1,49,False,True,0.47312939167022705,0.004764714045450091,0.001177370417281054,0.2506082740146667,23,16,16,16,False,
finegym,val,A0xAXXysHUo_E_002930_003025_A_0056_0057,data/FineGym_data/videos/val/46/A0xAXXysHUo_E_002930_003025_A_0056_0057.mp4,46,16,100,1,46,True,True,0.9139586687088013,0.004629310104064643,0.001177370417281054,0.2450031079351902,39,16,16,16,False,
finegym,val,BQhX6F3gpp8_E_003100_003210_A_0057_0058,data/FineGym_data/videos/val/46/BQhX6F3gpp8_E_003100_003210_A_0057_0058.mp4,46,16,100,1,49,False,True,0.5757601857185364,0.0040798160480335355,0.001177370417281054,0.23976622591726482,26,16,16,16,False,
finegym,val,cSh74jSRht8_E_005257_005376_A_0106_0107,data/FineGym_data/videos/val/46/cSh74jSRht8_E_005257_005376_A_0106_0107.mp4,46,16,100,1,46,True,True,0.9889991879463196,0.00421713397372514,0.001177370417281054,0.235212940024212,24,16,16,16,False,
finegym,val,aEZbP-Yephw_E_002252_002329_A_0026_0027,data/FineGym_data/videos/val/46/aEZbP-Yephw_E_002252_002329_A_0026_0027.mp4,46,16,100,1,46,True,True,0.975971519947052,0.004630652954801917,0.001177370417281054,0.2300926159368828,22,16,16,16,False,
finegym,val,dqUNtY2GwW4_E_006634_006744_A_0033_0034,data/FineGym_data/videos/val/46/dqUNtY2GwW4_E_006634_006744_A_0033_0034.mp4,46,16,100,1,46,True,True,0.540860652923584,0.004862417932599783,0.001177370417281054,0.2244410729035735,24,16,16,16,False,
finegym,val,AZ4wWG6Rcak_E_006115_006196_A_0066_0067,data/FineGym_data/videos/val/46/AZ4wWG6Rcak_E_006115_006196_A_0066_0067.mp4,46,16,100,1,46,True,True,0.9934226870536804,0.0040638960199430585,0.001177370417281054,0.21900763094890863,25,16,16,16,False,
finegym,val,DTedv-hhHU4_E_003113_003207_A_0078_0079,data/FineGym_data/videos/val/46/DTedv-hhHU4_E_003113_003207_A_0078_0079.mp4,46,16,100,1,46,True,True,0.9991395473480225,0.006792749976739287,0.000976064802671317,0.7869641339639202,27,16,16,16,False,
finegym,val,AZ4wWG6Rcak_E_007888_007961_A_0014_0014,data/FineGym_data/videos/val/46/AZ4wWG6Rcak_E_007888_007961_A_0014_0014.mp4,46,16,100,1,46,True,True,0.9972881078720093,0.006060922984033823,0.000976064802671317,0.7787337490590289,18,16,16,16,False,
finegym,val,BQhX6F3gpp8_E_003413_003501_A_0019_0020,data/FineGym_data/videos/val/46/BQhX6F3gpp8_E_003413_003501_A_0019_0020.mp4,46,16,100,1,47,False,True,0.8324164152145386,0.00603000505361706,0.000976064802671317,0.7712945530656725,23,16,16,16,False,
finegym,val,aN3PC4tJokk_E_002527_002617_A_0073_0074,data/FineGym_data/videos/val/46/aN3PC4tJokk_E_002527_002617_A_0073_0074.mp4,46,16,100,1,46,True,True,0.984093427658081,0.006373281008563936,0.000976064802671317,0.7638258120277897,31,16,16,16,False,
finegym,val,aN9hSsP6xTg_E_001836_001926_A_0032_0033,data/FineGym_data/videos/val/46/aN9hSsP6xTg_E_001836_001926_A_0032_0033.mp4,46,16,100,1,46,True,True,0.9978299736976624,0.004798647947609425,0.000976064802671317,0.7566170979989693,24,16,16,16,False,
finegym,val,AZ4wWG6Rcak_E_007413_007501_A_0054_0055,data/FineGym_data/videos/val/46/AZ4wWG6Rcak_E_007413_007501_A_0054_0055.mp4,46,16,100,1,46,True,True,0.9954884648323059,0.004279752029106021,0.000976064802671317,0.7512591890990734,27,16,16,16,False,
finegym,val,C5Yfd1IWjmM_E_006341_006431_A_0048_0049,data/FineGym_data/videos/val/46/C5Yfd1IWjmM_E_006341_006431_A_0048_0049.mp4,46,16,100,1,46,True,True,0.9964878559112549,0.0036654570139944553,0.000976064802671317,0.7465978290420026,30,16,16,16,False,
finegym,val,DG7upbhB1bI_E_006918_007013_A_0069_0070,data/FineGym_data/videos/val/46/DG7upbhB1bI_E_006918_007013_A_0069_0070.mp4,46,16,100,1,47,False,True,0.9131879210472107,0.0037807029439136386,0.000976064802671317,0.7424920139601454,29,16,16,16,False,
finegym,val,0LtLS9wROrk_E_005417_005494_A_0060_0061,data/FineGym_data/videos/val/46/0LtLS9wROrk_E_005417_005494_A_0060_0061.mp4,46,16,100,1,46,True,True,0.9696683883666992,0.003765024011954665,0.000976064802671317,0.7383144840132445,30,16,16,16,False,
finegym,val,aN9hSsP6xTg_E_001436_001527_A_0042_0043,data/FineGym_data/videos/val/46/aN9hSsP6xTg_E_001436_001527_A_0042_0043.mp4,46,16,100,1,47,False,True,0.6783884167671204,0.004026024020276964,0.000976064802671317,0.7341565019451082,22,16,16,16,False,
finegym,val,aN9hSsP6xTg_E_000224_000318_A_0072_0073,data/FineGym_data/videos/val/47/aN9hSsP6xTg_E_000224_000318_A_0072_0073.mp4,47,16,100,1,47,True,True,0.8454011678695679,0.004085766966454685,0.000976064802671317,0.7297180009773001,22,16,16,16,False,
finegym,val,aN3PC4tJokk_E_001804_001903_A_0020_0021,data/FineGym_data/videos/val/47/aN3PC4tJokk_E_001804_001903_A_0020_0021.mp4,47,16,100,1,47,True,True,0.9978412389755249,0.004600976011715829,0.000976064802671317,0.7251435739453882,26,16,16,16,False,
finegym,val,aN9hSsP6xTg_E_001836_001926_A_0025_0026,data/FineGym_data/videos/val/47/aN9hSsP6xTg_E_001836_001926_A_0025_0026.mp4,47,16,100,1,50,False,True,0.9734362363815308,0.004573544021695852,0.000976064802671317,0.7197861449094489,26,16,16,16,False,
finegym,val,A0xAXXysHUo_E_002290_002388_A_0066_0067,data/FineGym_data/videos/val/47/A0xAXXysHUo_E_002290_002388_A_0066_0067.mp4,47,16,100,1,47,True,True,0.9824655055999756,0.004422459984198213,0.000976064802671317,0.7144508271012455,30,16,16,16,False,
finegym,val,AZ4wWG6Rcak_E_007888_007961_A_0012_0013,data/FineGym_data/videos/val/47/AZ4wWG6Rcak_E_007888_007961_A_0012_0013.mp4,47,16,100,1,47,True,True,0.9653121829032898,0.004754284047521651,0.000976064802671317,0.7095748740248382,21,16,16,16,False,
finegym,val,aEZbP-Yephw_E_000380_000467_A_0029_0030,data/FineGym_data/videos/val/47/aEZbP-Yephw_E_000380_000467_A_0029_0030.mp4,47,16,100,1,47,True,True,0.9910516738891602,0.004638426937162876,0.000976064802671317,0.7039557410171255,24,16,16,16,False,
finegym,val,AZ4wWG6Rcak_E_004073_004175_A_0045_0046,data/FineGym_data/videos/val/47/AZ4wWG6Rcak_E_004073_004175_A_0045_0046.mp4,47,16,100,1,47,True,True,0.6262937784194946,0.004316221107728779,0.000976064802671317,0.6985430190106854,29,16,16,16,False,
finegym,val,aEZbP-Yephw_E_000540_000626_A_0014_0015,data/FineGym_data/videos/val/47/aEZbP-Yephw_E_000540_000626_A_0014_0015.mp4,47,16,100,1,47,True,True,0.9772352576255798,0.004957637982442975,0.000976064802671317,0.6933948419755325,22,16,16,16,False,
finegym,val,0LtLS9wROrk_E_003346_003423_A_0036_0037,data/FineGym_data/videos/val/47/0LtLS9wROrk_E_003346_003423_A_0036_0037.mp4,47,16,100,1,47,True,True,0.9970366954803467,0.0037240469828248024,0.000976064802671317,0.687693445943296,25,16,16,16,False,
finegym,val,BLzs5opw8uM_E_002316_002397_A_0017_0018,data/FineGym_data/videos/val/47/BLzs5opw8uM_E_002316_002397_A_0017_0018.mp4,47,16,100,1,47,True,True,0.9966049194335938,0.004138055024668574,0.000976064802671317,0.6832484030164778,34,16,16,16,False,
finegym,val,A0xAXXysHUo_E_002548_002638_A_0033_0034,data/FineGym_data/videos/val/47/A0xAXXysHUo_E_002548_002638_A_0033_0034.mp4,47,16,100,1,47,True,True,0.8621967434883118,0.004459248972125351,0.000976064802671317,0.67867925693281,30,16,16,16,False,
finegym,val,0LtLS9wROrk_E_006600_006668_A_0017_0018,data/FineGym_data/videos/val/47/0LtLS9wROrk_E_006600_006668_A_0017_0018.mp4,47,16,100,1,47,True,True,0.9981985688209534,0.00497589202132076,0.000976064802671317,0.673793333931826,36,16,16,16,False,
finegym,val,aN9hSsP6xTg_E_002931_003029_A_0068_0069,data/FineGym_data/videos/val/47/aN9hSsP6xTg_E_002931_003029_A_0068_0069.mp4,47,16,100,1,47,True,True,0.9965572357177734,0.005204432061873376,0.000976064802671317,0.6681248690001667,29,16,16,16,False,
finegym,val,0LtLS9wROrk_E_005787_005866_A_0052_0053,data/FineGym_data/videos/val/47/0LtLS9wROrk_E_005787_005866_A_0052_0053.mp4,47,16,100,1,47,True,True,0.9567908048629761,0.004106585984118283,0.000976064802671317,0.662132035009563,32,16,16,16,False,
finegym,val,aN9hSsP6xTg_E_002211_002312_A_0029_0030,data/FineGym_data/videos/val/47/aN9hSsP6xTg_E_002211_002312_A_0029_0030.mp4,47,16,100,1,47,True,True,0.9985455274581909,0.0042997500859200954,0.000976064802671317,0.6572447899961844,24,16,16,16,False,
finegym,val,0LtLS9wROrk_E_004459_004545_A_0023_0024,data/FineGym_data/videos/val/47/0LtLS9wROrk_E_004459_004545_A_0023_0024.mp4,47,16,100,1,47,True,True,0.9994193315505981,0.0052279249066486955,0.000976064802671317,0.6521621069405228,32,16,16,16,False,
finegym,val,aEZbP-Yephw_E_002874_002957_A_0050_0051,data/FineGym_data/videos/val/47/aEZbP-Yephw_E_002874_002957_A_0050_0051.mp4,47,16,100,1,47,True,True,0.9873273968696594,0.004586389055475593,0.000976064802671317,0.6461432429496199,29,16,16,16,False,
finegym,val,aEZbP-Yephw_E_001550_001632_A_0054_0055,data/FineGym_data/videos/val/47/aEZbP-Yephw_E_001550_001632_A_0054_0055.mp4,47,16,100,1,47,True,True,0.9937412142753601,0.004032908007502556,0.000976064802671317,0.640822822926566,23,16,16,16,False,
finegym,val,AZ4wWG6Rcak_E_005608_005706_A_0043_0044,data/FineGym_data/videos/val/47/AZ4wWG6Rcak_E_005608_005706_A_0043_0044.mp4,47,16,100,1,47,True,True,0.9270026087760925,0.003778408979997039,0.000976064802671317,0.6360857909312472,24,16,16,16,False,
finegym,val,aN9hSsP6xTg_E_002533_002622_A_0054_0055,data/FineGym_data/videos/val/47/aN9hSsP6xTg_E_002533_002622_A_0054_0055.mp4,47,16,100,1,47,True,True,0.9564542770385742,0.00490411592181772,0.000976064802671317,0.6315825689816847,38,16,16,16,False,
finegym,val,BQhX6F3gpp8_E_003100_003210_A_0067_0067,data/FineGym_data/videos/val/48/BQhX6F3gpp8_E_003100_003210_A_0067_0067.mp4,48,16,100,1,48,True,True,0.8769791126251221,0.0033980630105361342,0.000976064802671317,0.625957996933721,29,16,16,16,False,
finegym,val,BQhX6F3gpp8_E_004570_004667_A_0061_0062,data/FineGym_data/videos/val/48/BQhX6F3gpp8_E_004570_004667_A_0061_0062.mp4,48,16,100,1,48,True,True,0.9904905557632446,0.004101366037502885,0.000976064802671317,0.6218288879608735,37,16,16,16,False,
finegym,val,AZ4wWG6Rcak_E_005608_005706_A_0079_0080,data/FineGym_data/videos/val/48/AZ4wWG6Rcak_E_005608_005706_A_0079_0080.mp4,48,16,100,1,48,True,True,0.8575825095176697,0.004011256969533861,0.000976064802671317,0.6169996220851317,28,16,16,16,False,
finegym,val,BQhX6F3gpp8_E_003642_003747_A_0051_0052,data/FineGym_data/videos/val/48/BQhX6F3gpp8_E_003642_003747_A_0051_0052.mp4,48,16,100,1,48,True,True,0.9976145029067993,0.0031529120169579983,0.000976064802671317,0.612262801034376,26,16,16,16,False,
finegym,val,AZ4wWG6Rcak_E_004209_004299_A_0035_0036,data/FineGym_data/videos/val/49/AZ4wWG6Rcak_E_004209_004299_A_0035_0036.mp4,49,16,100,1,46,False,True,0.6921668648719788,0.0038319799350574613,0.000976064802671317,0.6083916479256004,26,16,16,16,False,
finegym,val,aN9hSsP6xTg_E_000224_000318_A_0034_0035,data/FineGym_data/videos/val/49/aN9hSsP6xTg_E_000224_000318_A_0034_0035.mp4,49,16,100,1,49,True,True,0.6244111657142639,0.003927519079297781,0.000976064802671317,0.6038409050088376,21,16,16,16,False,
finegym,val,aEZbP-Yephw_E_000380_000467_A_0022_0023,data/FineGym_data/videos/val/49/aEZbP-Yephw_E_000380_000467_A_0022_0023.mp4,49,16,100,1,46,False,True,0.5824097990989685,0.00408780004363507,0.000976064802671317,0.5992107450729236,23,16,16,16,False,
finegym,val,0LtLS9wROrk_E_004459_004545_A_0062_0063,data/FineGym_data/videos/val/49/0LtLS9wROrk_E_004459_004545_A_0062_0063.mp4,49,16,100,1,49,True,True,0.7437413334846497,0.0034919390454888344,0.000976064802671317,0.5944016370922327,29,16,16,16,False,
finegym,val,aEZbP-Yephw_E_002874_002957_A_0058_0059,data/FineGym_data/videos/val/49/aEZbP-Yephw_E_002874_002957_A_0058_0059.mp4,49,16,100,1,49,True,True,0.7508010864257812,0.0038807520177215338,0.000976064802671317,0.5900808880105615,20,16,16,16,False,
finegym,val,aN9hSsP6xTg_E_002211_002312_A_0053_0054,data/FineGym_data/videos/val/50/aN9hSsP6xTg_E_002211_002312_A_0053_0054.mp4,50,16,100,1,50,True,True,0.998914361000061,0.004039069986902177,0.000976064802671317,0.5854961919831112,22,16,16,16,False,
finegym,val,CkNz9ZIQmZI_E_004136_004224_A_0062_0063,data/FineGym_data/videos/val/50/CkNz9ZIQmZI_E_004136_004224_A_0062_0063.mp4,50,16,100,1,50,True,True,0.99677973985672,0.003055499051697552,0.000976064802671317,0.5807499830843881,23,16,16,16,False,
finegym,val,aN3PC4tJokk_E_004944_005043_A_0014_0015,data/FineGym_data/videos/val/50/aN3PC4tJokk_E_004944_005043_A_0014_0015.mp4,50,16,100,1,50,True,True,0.9969370365142822,0.004225569893606007,0.000976064802671317,0.5769963200436905,27,16,16,16,False,
finegym,val,aEZbP-Yephw_E_000540_000626_A_0060_0061,data/FineGym_data/videos/val/50/aEZbP-Yephw_E_000540_000626_A_0060_0061.mp4,50,16,100,1,50,True,True,0.9079781770706177,0.0038016929756850004,0.000976064802671317,0.5720549429534003,18,16,16,16,False,
finegym,val,BLzs5opw8uM_E_001410_001502_A_0061_0062,data/FineGym_data/videos/val/50/BLzs5opw8uM_E_001410_001502_A_0061_0062.mp4,50,16,100,1,50,True,True,0.9840296506881714,0.0037012340035289526,0.000976064802671317,0.5675557689974084,30,16,16,16,False,
finegym,val,BQhX6F3gpp8_E_003642_003747_A_0032_0033,data/FineGym_data/videos/val/50/BQhX6F3gpp8_E_003642_003747_A_0032_0033.mp4,50,16,100,1,50,True,True,0.9967616200447083,0.0033806710271164775,0.000976064802671317,0.5631375869270414,24,16,16,16,False,
finegym,val,aN9hSsP6xTg_E_002420_002518_A_0020_0021,data/FineGym_data/videos/val/50/aN9hSsP6xTg_E_002420_002518_A_0020_0021.mp4,50,16,100,1,50,True,True,0.9943286776542664,0.003935854998417199,0.000976064802671317,0.5589429649990052,20,16,16,16,False,
finegym,val,aN9hSsP6xTg_E_000439_000530_A_0055_0056,data/FineGym_data/videos/val/50/aN9hSsP6xTg_E_000439_000530_A_0055_0056.mp4,50,16,100,1,50,True,True,0.9783338308334351,0.004029150935821235,0.000976064802671317,0.5543073230655864,21,16,16,16,False,
finegym,val,BQhX6F3gpp8_E_004904_005002_A_0026_0026,data/FineGym_data/videos/val/50/BQhX6F3gpp8_E_004904_005002_A_0026_0026.mp4,50,16,100,1,50,True,True,0.7466632723808289,0.0037769259652122855,0.000976064802671317,0.5495544910663739,23,16,16,16,False,
finegym,val,A0xAXXysHUo_E_001529_001616_A_0012_0013,data/FineGym_data/videos/val/50/A0xAXXysHUo_E_001529_001616_A_0012_0013.mp4,50,16,100,1,50,True,True,0.9962510466575623,0.004213717998936772,0.000976064802671317,0.5450628600083292,31,16,16,16,False,
finegym,val,A0xAXXysHUo_E_002763_002874_A_0075_0076,data/FineGym_data/videos/val/50/A0xAXXysHUo_E_002763_002874_A_0075_0076.mp4,50,16,100,1,47,False,True,0.9653789401054382,0.0035824900260195136,0.000976064802671317,0.5401205820962787,26,16,16,16,False,
finegym,val,DG7upbhB1bI_E_006918_007013_A_0079_0080,data/FineGym_data/videos/val/50/DG7upbhB1bI_E_006918_007013_A_0079_0080.mp4,50,16,100,1,47,False,True,0.5922335386276245,0.003735358011908829,0.000976064802671317,0.535796305979602,28,16,16,16,False,
finegym,val,AZ4wWG6Rcak_E_004073_004175_A_0081_0082,data/FineGym_data/videos/val/50/AZ4wWG6Rcak_E_004073_004175_A_0081_0082.mp4,50,16,100,1,50,True,True,0.9592880010604858,0.003833862952888012,0.000976064802671317,0.5313160669757053,22,16,16,16,False,
finegym,val,CUuRl0Bwbbc_E_001393_001492_A_0074_0075,data/FineGym_data/videos/val/50/CUuRl0Bwbbc_E_001393_001492_A_0074_0075.mp4,50,16,100,1,50,True,True,0.9653293490409851,0.0036974360700696707,0.000976064802671317,0.5267687729792669,27,16,16,16,False,
finegym,val,BQhX6F3gpp8_E_004301_004401_A_0080_0081,data/FineGym_data/videos/val/50/BQhX6F3gpp8_E_004301_004401_A_0080_0081.mp4,50,16,100,1,50,True,True,0.9688920378684998,0.003413973026908934,0.000976064802671317,0.5223498579580337,23,16,16,16,False,
finegym,val,aN3PC4tJokk_E_002527_002617_A_0039_0040,data/FineGym_data/videos/val/50/aN3PC4tJokk_E_002527_002617_A_0039_0040.mp4,50,16,100,1,50,True,True,0.9968339800834656,0.0037033770931884646,0.000976064802671317,0.5182335040299222,29,16,16,16,False,
finegym,val,A0xAXXysHUo_E_001953_002052_A_0081_0082,data/FineGym_data/videos/val/50/A0xAXXysHUo_E_001953_002052_A_0081_0082.mp4,50,16,100,1,47,False,True,0.9964978098869324,0.00392151705455035,0.000976064802671317,0.5138042509788647,29,16,16,16,False,
finegym,val,A0xAXXysHUo_E_002290_002388_A_0081_0082,data/FineGym_data/videos/val/50/A0xAXXysHUo_E_002290_002388_A_0081_0082.mp4,50,16,100,1,50,True,True,0.9120546579360962,0.0036012550117447972,0.000976064802671317,0.5091679180040956,28,16,16,16,False,
finegym,val,aN9hSsP6xTg_E_000824_000917_A_0017_0018,data/FineGym_data/videos/val/50/aN9hSsP6xTg_E_000824_000917_A_0017_0018.mp4,50,16,100,1,50,True,True,0.9913721084594727,0.004171237931586802,0.000976064802671317,0.5048261389601976,23,16,16,16,False,
finegym,val,A0xAXXysHUo_E_002548_002638_A_0071_0071,data/FineGym_data/videos/val/50/A0xAXXysHUo_E_002548_002638_A_0071_0071.mp4,50,16,100,1,50,True,True,0.8762605786323547,0.003621493000537157,0.000976064802671317,0.49992498802021146,26,16,16,16,False,
finegym,val,aN3PC4tJokk_E_002527_002617_A_0058_0058,data/FineGym_data/videos/val/51/aN3PC4tJokk_E_002527_002617_A_0058_0058.mp4,51,16,100,1,51,True,True,0.9775977730751038,0.003757899976335466,0.000976064802671317,0.49558568408247083,20,16,16,16,False,
finegym,val,C5Yfd1IWjmM_E_005232_005308_A_0062_0063,data/FineGym_data/videos/val/51/C5Yfd1IWjmM_E_005232_005308_A_0062_0063.mp4,51,16,100,1,51,True,True,0.9911314845085144,0.003550839959643781,0.000976064802671317,0.4911170080304146,22,16,16,16,False,
finegym,val,0LtLS9wROrk_E_002756_002828_A_0054_0055,data/FineGym_data/videos/val/51/0LtLS9wROrk_E_002756_002828_A_0054_0055.mp4,51,16,100,1,51,True,True,0.9660688042640686,0.0036814670311287045,0.000976064802671317,0.4867613420356065,30,16,16,16,False,
finegym,val,BQhX6F3gpp8_E_003998_004106_A_0074_0075,data/FineGym_data/videos/val/51/BQhX6F3gpp8_E_003998_004106_A_0074_0075.mp4,51,16,100,1,51,True,True,0.9921872615814209,0.0032151989871636033,0.000976064802671317,0.4823368180077523,21,16,16,16,False,
finegym,val,aN9hSsP6xTg_E_000439_000530_A_0057_0058,data/FineGym_data/videos/val/51/aN9hSsP6xTg_E_000439_000530_A_0057_0058.mp4,51,16,100,1,51,True,True,0.9776175618171692,0.003927257959730923,0.000976064802671317,0.47846885095350444,18,16,16,16,False,
finegym,val,aEZbP-Yephw_E_002450_002550_A_0052_0053,data/FineGym_data/videos/val/51/aEZbP-Yephw_E_002450_002550_A_0052_0053.mp4,51,16,100,1,51,True,True,0.9981060028076172,0.0033139149891212583,0.000976064802671317,0.4738082729745656,16,16,16,16,False,
finegym,val,0LtLS9wROrk_E_006895_006995_A_0090_0090,data/FineGym_data/videos/val/51/0LtLS9wROrk_E_006895_006995_A_0090_0090.mp4,51,16,100,1,51,True,True,0.9885198473930359,0.0033419670071452856,0.000976064802671317,0.4697970349807292,25,16,16,16,False,
finegym,val,aEZbP-Yephw_E_003121_003201_A_0019_0020,data/FineGym_data/videos/val/51/aEZbP-Yephw_E_003121_003201_A_0019_0020.mp4,51,16,100,1,51,True,True,0.9979197382926941,0.003776976023800671,0.000976064802671317,0.46573944098781794,19,16,16,16,False,
finegym,val,A0xAXXysHUo_E_002763_002874_A_0061_0062,data/FineGym_data/videos/val/51/A0xAXXysHUo_E_002763_002874_A_0061_0062.mp4,51,16,100,1,51,True,True,0.9951007962226868,0.0037212210008874536,0.000976064802671317,0.4612584610003978,25,16,16,16,False,
finegym,val,0LtLS9wROrk_E_007856_007937_A_0066_0067,data/FineGym_data/videos/val/51/0LtLS9wROrk_E_007856_007937_A_0066_0067.mp4,51,16,100,1,51,True,True,0.9891738891601562,0.003385488991625607,0.000976064802671317,0.4568245589034632,25,16,16,16,False,
finegym,val,aEZbP-Yephw_E_000540_000626_A_0019_0020,data/FineGym_data/videos/val/51/aEZbP-Yephw_E_000540_000626_A_0019_0020.mp4,51,16,100,1,51,True,True,0.9946655035018921,0.003733534016646445,0.000976064802671317,0.45271067903377116,20,16,16,16,False,
finegym,val,aN9hSsP6xTg_E_002211_002312_A_0064_0065,data/FineGym_data/videos/val/51/aN9hSsP6xTg_E_002211_002312_A_0064_0065.mp4,51,16,100,1,51,True,True,0.9973161816596985,0.004113508970476687,0.000976064802671317,0.4482541150646284,20,16,16,16,False,
finegym,val,A0xAXXysHUo_E_001529_001616_A_0073_0074,data/FineGym_data/videos/val/51/A0xAXXysHUo_E_001529_001616_A_0073_0074.mp4,51,16,100,1,51,True,True,0.9959410429000854,0.003875762107782066,0.000976064802671317,0.443427353980951,25,16,16,16,False,
finegym,val,A0xAXXysHUo_E_001953_002052_A_0035_0036,data/FineGym_data/videos/val/51/A0xAXXysHUo_E_001953_002052_A_0035_0036.mp4,51,16,100,1,51,True,True,0.9946186542510986,0.003897051909007132,0.000976064802671317,0.4388006189838052,26,16,16,16,False,
finegym,val,aN9hSsP6xTg_E_000824_000917_A_0083_0083,data/FineGym_data/videos/val/51/aN9hSsP6xTg_E_000824_000917_A_0083_0083.mp4,51,16,100,1,51,True,True,0.9913409352302551,0.003934071050025523,0.000976064802671317,0.43418484495487064,19,16,16,16,False,
finegym,val,aN3PC4tJokk_E_004944_005043_A_0036_0037,data/FineGym_data/videos/val/51/aN3PC4tJokk_E_004944_005043_A_0036_0037.mp4,51,16,100,1,51,True,True,0.9495468139648438,0.00380663201212883,0.000976064802671317,0.4295465280301869,23,16,16,16,False,
finegym,val,aN9hSsP6xTg_E_002420_002518_A_0030_0031,data/FineGym_data/videos/val/51/aN9hSsP6xTg_E_002420_002518_A_0030_0031.mp4,51,16,100,1,51,True,True,0.988387405872345,0.004155167960561812,0.000976064802671317,0.42501900997012854,20,16,16,16,False,
finegym,val,aN9hSsP6xTg_E_003225_003317_A_0065_0066,data/FineGym_data/videos/val/51/aN9hSsP6xTg_E_003225_003317_A_0065_0066.mp4,51,16,100,1,51,True,True,0.979343831539154,0.004000346991233528,0.000976064802671317,0.42016849503852427,18,16,16,16,False,
finegym,val,BLzs5opw8uM_E_001410_001502_A_0047_0048,data/FineGym_data/videos/val/51/BLzs5opw8uM_E_001410_001502_A_0047_0048.mp4,51,16,100,1,51,True,True,0.9961618185043335,0.00326925003901124,0.000976064802671317,0.41546889301389456,20,16,16,16,False,
finegym,val,CkNz9ZIQmZI_E_004136_004224_A_0047_0048,data/FineGym_data/videos/val/51/CkNz9ZIQmZI_E_004136_004224_A_0047_0048.mp4,51,16,100,1,51,True,True,0.9908820390701294,0.0030389069579541683,0.000976064802671317,0.4114768230356276,21,16,16,16,False,
finegym,val,aN9hSsP6xTg_E_002420_002518_A_0044_0045,data/FineGym_data/videos/val/52/aN9hSsP6xTg_E_002420_002518_A_0044_0045.mp4,52,16,100,1,52,True,True,0.9412700533866882,0.004023119923658669,0.000976064802671317,0.40771250997204334,18,16,16,16,False,
finegym,val,aN9hSsP6xTg_E_003225_003317_A_0016_0017,data/FineGym_data/videos/val/52/aN9hSsP6xTg_E_003225_003317_A_0016_0017.mp4,52,16,100,1,51,False,True,0.5011687874794006,0.0039248139364644885,0.000976064802671317,0.40297074895352125,18,16,16,16,False,
finegym,val,AZ4wWG6Rcak_E_007152_007237_A_0045_0046,data/FineGym_data/videos/val/52/AZ4wWG6Rcak_E_007152_007237_A_0045_0046.mp4,52,16,100,1,51,False,True,0.2766396999359131,0.0032391540007665753,0.000976064802671317,0.39838329795747995,14,14,16,16,False,
finegym,val,BQhX6F3gpp8_E_004904_005002_A_0068_0069,data/FineGym_data/videos/val/52/BQhX6F3gpp8_E_004904_005002_A_0068_0069.mp4,52,16,100,1,52,True,True,0.9923868179321289,0.0032122830161824822,0.000976064802671317,0.3944432750577107,21,16,16,16,False,
finegym,val,aN9hSsP6xTg_E_000824_000917_A_0073_0074,data/FineGym_data/videos/val/52/aN9hSsP6xTg_E_000824_000917_A_0073_0074.mp4,52,16,100,1,52,True,True,0.9434683322906494,0.003890209016390145,0.000976064802671317,0.3905161269940436,18,16,16,16,False,
finegym,val,aEZbP-Yephw_E_002450_002550_A_0070_0071,data/FineGym_data/videos/val/52/aEZbP-Yephw_E_002450_002550_A_0070_0071.mp4,52,16,100,1,43,False,True,0.5434203147888184,0.0034099960466846824,0.000976064802671317,0.3858055950840935,17,16,16,16,False,
finegym,val,BLzs5opw8uM_E_001044_001143_A_0018_0019,data/FineGym_data/videos/val/52/BLzs5opw8uM_E_001044_001143_A_0018_0019.mp4,52,16,100,1,52,True,True,0.830620288848877,0.003191314055584371,0.000976064802671317,0.3817791389301419,22,16,16,16,False,
finegym,val,aEZbP-Yephw_E_003547_003643_A_0072_0073,data/FineGym_data/videos/val/52/aEZbP-Yephw_E_003547_003643_A_0072_0073.mp4,52,16,100,1,52,True,True,0.9973921775817871,0.003787004970945418,0.000976064802671317,0.3778333349619061,19,16,16,16,False,
finegym,val,aEZbP-Yephw_E_000380_000467_A_0031_0032,data/FineGym_data/videos/val/52/aEZbP-Yephw_E_000380_000467_A_0031_0032.mp4,52,16,100,1,52,True,True,0.9971022009849548,0.003679772955365479,0.000976064802671317,0.37334119400475174,18,16,16,16,False,
finegym,val,CUuRl0Bwbbc_E_001393_001492_A_0062_0063,data/FineGym_data/videos/val/52/CUuRl0Bwbbc_E_001393_001492_A_0062_0063.mp4,52,16,100,1,52,True,True,0.9909797310829163,0.0033007300226017833,0.000976064802671317,0.3689497020095587,23,16,16,16,False,
finegym,val,CUuRl0Bwbbc_E_002152_002249_A_0082_0082,data/FineGym_data/videos/val/52/CUuRl0Bwbbc_E_002152_002249_A_0082_0082.mp4,52,16,100,1,52,True,True,0.9989713430404663,0.0032344349892809987,0.000976064802671317,0.3649013650137931,21,16,16,16,False,
finegym,val,BLzs5opw8uM_E_002316_002397_A_0025_0026,data/FineGym_data/videos/val/52/BLzs5opw8uM_E_002316_002397_A_0025_0026.mp4,52,16,100,1,52,True,True,0.9973856806755066,0.0031789710046723485,0.000976064802671317,0.36100286000873893,19,16,16,16,False,
finegym,val,CUuRl0Bwbbc_E_001739_001844_A_0077_0078,data/FineGym_data/videos/val/52/CUuRl0Bwbbc_E_001739_001844_A_0077_0078.mp4,52,16,100,1,52,True,True,0.9991258978843689,0.003726741997525096,0.000976064802671317,0.3571038149530068,24,16,16,16,False,
finegym,val,BQhX6F3gpp8_E_004301_004401_A_0067_0067,data/FineGym_data/videos/val/52/BQhX6F3gpp8_E_004301_004401_A_0067_0067.mp4,52,16,100,1,52,True,True,0.9979610443115234,0.004587030038237572,0.000976064802671317,0.35258159693330526,19,16,16,16,False,
finegym,val,CkNz9ZIQmZI_E_003943_004039_A_0087_0087,data/FineGym_data/videos/val/52/CkNz9ZIQmZI_E_003943_004039_A_0087_0087.mp4,52,16,100,1,52,True,True,0.9983420372009277,0.003270632936619222,0.000976064802671317,0.3472663570428267,19,16,16,16,False,
finegym,val,BLzs5opw8uM_E_002493_002590_A_0022_0022,data/FineGym_data/videos/val/52/BLzs5opw8uM_E_002493_002590_A_0022_0022.mp4,52,16,100,1,52,True,True,0.959052324295044,0.0032240350265055895,0.000976064802671317,0.3432717209216207,23,16,16,16,False,
finegym,val,aN9hSsP6xTg_E_002211_002312_A_0034_0035,data/FineGym_data/videos/val/52/aN9hSsP6xTg_E_002211_002312_A_0034_0035.mp4,52,16,100,1,52,True,True,0.981468141078949,0.004283128073439002,0.000976064802671317,0.3392278030514717,21,16,16,16,False,
finegym,val,0LtLS9wROrk_E_005787_005866_A_0022_0023,data/FineGym_data/videos/val/52/0LtLS9wROrk_E_005787_005866_A_0022_0023.mp4,52,16,100,1,44,False,True,0.3471889793872833,0.005019263015128672,0.0010060202184831724,0.8205158470664173,26,16,16,16,False,
finegym,val,aEZbP-Yephw_E_001550_001632_A_0061_0062,data/FineGym_data/videos/val/52/aEZbP-Yephw_E_001550_001632_A_0061_0062.mp4,52,16,100,1,52,True,True,0.9981101751327515,0.004194220993667841,0.0010060202184831724,0.8148065570276231,17,16,16,16,False,
finegym,val,AZ4wWG6Rcak_E_007413_007501_A_0037_0038,data/FineGym_data/videos/val/52/AZ4wWG6Rcak_E_007413_007501_A_0037_0038.mp4,52,16,100,1,52,True,True,0.8393175005912781,0.004044309025630355,0.0010060202184831724,0.8099689750233665,26,16,16,16,False,
finegym,val,aEZbP-Yephw_E_003121_003201_A_0010_0012,data/FineGym_data/videos/val/53/aEZbP-Yephw_E_003121_003201_A_0010_0012.mp4,53,16,100,1,53,True,True,0.985684871673584,0.005075789988040924,0.0010060202184831724,0.8051995720015839,45,16,16,16,False,
finegym,val,A0xAXXysHUo_E_002930_003025_A_0076_0078,data/FineGym_data/videos/val/53/A0xAXXysHUo_E_002930_003025_A_0076_0078.mp4,53,16,100,1,53,True,True,0.9871895909309387,0.005119821988046169,0.0010060202184831724,0.7993667580885813,67,16,16,16,False,
finegym,val,BQhX6F3gpp8_E_004570_004667_A_0055_0057,data/FineGym_data/videos/val/53/BQhX6F3gpp8_E_004570_004667_A_0055_0057.mp4,53,16,100,1,53,True,True,0.9938710927963257,0.004808436962775886,0.0010060202184831724,0.7936565550044179,57,16,16,16,False,
finegym,val,A0xAXXysHUo_E_001953_002052_A_0050_0053,data/FineGym_data/videos/val/53/A0xAXXysHUo_E_001953_002052_A_0050_0053.mp4,53,16,100,1,53,True,True,0.9802603125572205,0.00581280596088618,0.0010060202184831724,0.7884406519588083,86,16,16,16,False,
finegym,val,aN9hSsP6xTg_E_000224_000318_A_0043_0045,data/FineGym_data/videos/val/53/aN9hSsP6xTg_E_000224_000318_A_0043_0045.mp4,53,16,100,1,53,True,True,0.9861350655555725,0.005414015962742269,0.0010060202184831724,0.7820483250543475,46,16,16,16,False,
finegym,val,BLzs5opw8uM_E_000826_000920_A_0027_0029,data/FineGym_data/videos/val/53/BLzs5opw8uM_E_000826_000920_A_0027_0029.mp4,53,16,100,1,53,True,True,0.9962905645370483,0.003745457041077316,0.0010060202184831724,0.7760985110653564,44,16,16,16,False,
finegym,val,BLzs5opw8uM_E_004942_005045_A_0052_0054,data/FineGym_data/videos/val/53/BLzs5opw8uM_E_004942_005045_A_0052_0054.mp4,53,16,100,1,53,True,True,0.9979324340820312,0.004928112030029297,0.0010060202184831724,0.7719416200416163,46,16,16,16,False,
finegym,val,BLzs5opw8uM_E_002085_002171_A_0069_0070,data/FineGym_data/videos/val/53/BLzs5opw8uM_E_002085_002171_A_0069_0070.mp4,53,16,100,1,53,True,True,0.996991753578186,0.004516247077845037,0.0010060202184831724,0.7662184729706496,36,16,16,16,False,
finegym,val,aEZbP-Yephw_E_002252_002329_A_0044_0046,data/FineGym_data/videos/val/53/aEZbP-Yephw_E_002252_002329_A_0044_0046.mp4,53,16,100,1,53,True,True,0.998917818069458,0.0048755130264908075,0.0010060202184831724,0.7611525220563635,38,16,16,16,False,
finegym,val,aEZbP-Yephw_E_003750_003845_A_0015_0017,data/FineGym_data/videos/val/54/aEZbP-Yephw_E_003750_003845_A_0015_0017.mp4,54,16,100,1,54,True,True,0.9876382350921631,0.004807334975339472,0.0010060202184831724,0.7558456669794396,34,16,16,16,False,
finegym,val,aEZbP-Yephw_E_001550_001632_A_0022_0024,data/FineGym_data/videos/val/54/aEZbP-Yephw_E_001550_001632_A_0022_0024.mp4,54,16,100,1,54,True,True,0.980804979801178,0.004822743940167129,0.0010060202184831724,0.7505503339925781,32,16,16,16,False,
finegym,val,AZ4wWG6Rcak_E_004209_004299_A_0025_0027,data/FineGym_data/videos/val/54/AZ4wWG6Rcak_E_004209_004299_A_0025_0027.mp4,54,16,100,1,54,True,True,0.990242063999176,0.004812093102373183,0.0010060202184831724,0.7451586709357798,40,16,16,16,False,
finegym,val,CkNz9ZIQmZI_E_003713_003816_A_0076_0077,data/FineGym_data/videos/val/54/CkNz9ZIQmZI_E_003713_003816_A_0076_0077.mp4,54,16,100,1,54,True,True,0.925860583782196,0.004183581098914146,0.0010060202184831724,0.7395520929712802,38,16,16,16,False,
finegym,val,BQhX6F3gpp8_E_003100_003210_A_0084_0085,data/FineGym_data/videos/val/54/BQhX6F3gpp8_E_003100_003210_A_0084_0085.mp4,54,16,100,1,54,True,True,0.9839406609535217,0.004740509088151157,0.0010060202184831724,0.7348026370164007,45,16,16,16,False,
finegym,val,AZ4wWG6Rcak_E_006115_006196_A_0025_0026,data/FineGym_data/videos/val/54/AZ4wWG6Rcak_E_006115_006196_A_0025_0026.mp4,54,16,100,1,54,True,True,0.9602046608924866,0.004135590977966785,0.0010060202184831724,0.7293003849918023,28,16,16,16,False,
finegym,val,AZ4wWG6Rcak_E_005608_005706_A_0057_0059,data/FineGym_data/videos/val/54/AZ4wWG6Rcak_E_005608_005706_A_0057_0059.mp4,54,16,100,1,54,True,True,0.9778856039047241,0.004615723970346153,0.0010060202184831724,0.7245154030388221,50,16,16,16,False,
finegym,val,aN9hSsP6xTg_E_000824_000917_A_0049_0051,data/FineGym_data/videos/val/54/aN9hSsP6xTg_E_000824_000917_A_0049_0051.mp4,54,16,100,1,54,True,True,0.9956661462783813,0.005133477970957756,0.0010060202184831724,0.7191334470408037,42,16,16,16,False,
finegym,val,AZ4wWG6Rcak_E_007152_007237_A_0062_0063,data/FineGym_data/videos/val/54/AZ4wWG6Rcak_E_007152_007237_A_0062_0063.mp4,54,16,100,1,54,True,True,0.9948194622993469,0.004332261043600738,0.0010060202184831724,0.7132331259781495,38,16,16,16,False,
finegym,val,BQhX6F3gpp8_E_004570_004667_A_0059_0061,data/FineGym_data/videos/val/54/BQhX6F3gpp8_E_004570_004667_A_0059_0061.mp4,54,16,100,1,54,True,True,0.9614739418029785,0.004243784002028406,0.0010060202184831724,0.70815958105959,48,16,16,16,False,
finegym,val,aEZbP-Yephw_E_002874_002957_A_0011_0012,data/FineGym_data/videos/val/54/aEZbP-Yephw_E_002874_002957_A_0011_0012.mp4,54,16,100,1,54,True,True,0.8506414294242859,0.004530734033323824,0.0010060202184831724,0.7031871159560978,33,16,16,16,False,
finegym,val,AZ4wWG6Rcak_E_006218_006294_A_0029_0031,data/FineGym_data/videos/val/54/AZ4wWG6Rcak_E_006218_006294_A_0029_0031.mp4,54,16,100,1,54,True,True,0.9355769157409668,0.004156250040978193,0.0010060202184831724,0.6979094760026783,34,16,16,16,False,
finegym,val,BQhX6F3gpp8_E_003413_003501_A_0048_0049,data/FineGym_data/videos/val/54/BQhX6F3gpp8_E_003413_003501_A_0048_0049.mp4,54,16,100,1,54,True,True,0.9856533408164978,0.003924313001334667,0.0010060202184831724,0.6930058600846678,38,16,16,16,False,
finegym,val,aN9hSsP6xTg_E_002533_002622_A_0036_0036,data/FineGym_data/videos/val/55/aN9hSsP6xTg_E_002533_002622_A_0036_0036.mp4,55,16,100,1,55,True,True,0.993347704410553,0.004060819977894425,0.0010060202184831724,0.6883370670257136,20,16,16,16,False,
finegym,val,A0xAXXysHUo_E_001529_001616_A_0045_0046,data/FineGym_data/videos/val/55/A0xAXXysHUo_E_001529_001616_A_0045_0046.mp4,55,16,100,1,55,True,True,0.9918348789215088,0.0040261950343847275,0.0010060202184831724,0.6835784739814699,32,16,16,16,False,
finegym,val,aN3PC4tJokk_E_002527_002617_A_0066_0068,data/FineGym_data/videos/val/55/aN3PC4tJokk_E_002527_002617_A_0066_0068.mp4,55,16,100,1,55,True,True,0.9931612014770508,0.004657351993955672,0.0010060202184831724,0.6788066369481385,47,16,16,16,False,
finegym,val,A0xAXXysHUo_E_002290_002388_A_0029_0032,data/FineGym_data/videos/val/55/A0xAXXysHUo_E_002290_002388_A_0029_0032.mp4,55,16,100,1,55,True,True,0.9778117537498474,0.006229380029253662,0.0010060202184831724,0.6733253439888358,106,16,16,16,False,
finegym,val,0LtLS9wROrk_E_005417_005494_A_0017_0018,data/FineGym_data/videos/val/55/0LtLS9wROrk_E_005417_005494_A_0017_0018.mp4,55,16,100,1,55,True,True,0.9970318078994751,0.003958357032388449,0.0010060202184831724,0.6663128399522975,33,16,16,16,False,
finegym,val,0LtLS9wROrk_E_005787_005866_A_0062_0063,data/FineGym_data/videos/val/55/0LtLS9wROrk_E_005787_005866_A_0062_0063.mp4,55,16,100,1,55,True,True,0.9974697828292847,0.003657120978459716,0.0010060202184831724,0.6616198710398749,35,16,16,16,False,
finegym,val,A0xAXXysHUo_E_002930_003025_A_0078_0079,data/FineGym_data/videos/val/55/A0xAXXysHUo_E_002930_003025_A_0078_0079.mp4,55,16,100,1,55,True,True,0.9950215816497803,0.0038935659686103463,0.0010060202184831724,0.6572317549725994,30,16,16,16,False,
finegym,val,aEZbP-Yephw_E_000380_000467_A_0059_0060,data/FineGym_data/videos/val/55/aEZbP-Yephw_E_000380_000467_A_0059_0060.mp4,55,16,100,1,55,True,True,0.9981087446212769,0.004966273088939488,0.0010060202184831724,0.6525980470469221,33,16,16,16,False,
finegym,val,0LtLS9wROrk_E_007241_007324_A_0041_0043,data/FineGym_data/videos/val/55/0LtLS9wROrk_E_007241_007324_A_0041_0043.mp4,55,16,100,1,55,True,True,0.9948180317878723,0.004058426013216376,0.0010060202184831724,0.6470965769840404,45,16,16,16,False,
finegym,val,0LtLS9wROrk_E_002451_002529_A_0048_0049,data/FineGym_data/videos/val/55/0LtLS9wROrk_E_002451_002529_A_0048_0049.mp4,55,16,100,1,55,True,True,0.9944459199905396,0.004124128958210349,0.0010060202184831724,0.6422801649896428,41,16,16,16,False,
finegym,val,0LtLS9wROrk_E_003663_003757_A_0041_0043,data/FineGym_data/videos/val/55/0LtLS9wROrk_E_003663_003757_A_0041_0043.mp4,55,16,100,1,53,False,True,0.9128963351249695,0.0043405459728091955,0.0010060202184831724,0.6374274049885571,55,16,16,16,False,
finegym,val,A0xAXXysHUo_E_001953_002052_A_0053_0054,data/FineGym_data/videos/val/55/A0xAXXysHUo_E_001953_002052_A_0053_0054.mp4,55,16,100,1,55,True,True,0.9912431240081787,0.004198468988761306,0.0010060202184831724,0.632336387061514,31,16,16,16,False,
finegym,val,0LtLS9wROrk_E_004181_004254_A_0037_0039,data/FineGym_data/videos/val/55/0LtLS9wROrk_E_004181_004254_A_0037_0039.mp4,55,16,100,1,55,True,True,0.9984879493713379,0.003652541898190975,0.0010060202184831724,0.6274125740164891,37,16,16,16,False,
finegym,val,0LtLS9wROrk_E_007548_007611_A_0026_0028,data/FineGym_data/videos/val/55/0LtLS9wROrk_E_007548_007611_A_0026_0028.mp4,55,16,100,1,55,True,True,0.9994814991950989,0.003924774006009102,0.0010060202184831724,0.6230045410338789,44,16,16,16,False,
finegym,val,0LtLS9wROrk_E_006895_006995_A_0031_0032,data/FineGym_data/videos/val/55/0LtLS9wROrk_E_006895_006995_A_0031_0032.mp4,55,16,100,1,55,True,True,0.9940886497497559,0.004019752028398216,0.0010060202184831724,0.6183254469651729,47,16,16,16,False,
finegym,val,aEZbP-Yephw_E_003547_003643_A_0079_0081,data/FineGym_data/videos/val/55/aEZbP-Yephw_E_003547_003643_A_0079_0081.mp4,55,16,100,1,55,True,True,0.9956549406051636,0.004492160980589688,0.0010060202184831724,0.613560131052509,33,16,16,16,False,
finegym,val,0LtLS9wROrk_E_002756_002828_A_0030_0031,data/FineGym_data/videos/val/55/0LtLS9wROrk_E_002756_002828_A_0030_0031.mp4,55,16,100,1,55,True,True,0.9984865188598633,0.004134438931941986,0.0010060202184831724,0.6083360631018877,44,16,16,16,False,
finegym,val,0LtLS9wROrk_E_003057_003120_A_0028_0029,data/FineGym_data/videos/val/55/0LtLS9wROrk_E_003057_003120_A_0028_0029.mp4,55,16,100,1,55,True,True,0.9972546696662903,0.003976791980676353,0.0010060202184831724,0.6034462329698727,48,16,16,16,False,
finegym,val,aN9hSsP6xTg_E_000824_000917_A_0068_0069,data/FineGym_data/videos/val/55/aN9hSsP6xTg_E_000824_000917_A_0068_0069.mp4,55,16,100,1,55,True,True,0.9983667731285095,0.004775826004333794,0.0010060202184831724,0.5987205629935488,33,16,16,16,False,
finegym,val,0LtLS9wROrk_E_003346_003423_A_0044_0046,data/FineGym_data/videos/val/55/0LtLS9wROrk_E_003346_003423_A_0044_0046.mp4,55,16,100,1,55,True,True,0.9939529299736023,0.003875602036714554,0.0010060202184831724,0.5932221070397645,44,16,16,16,False,
finegym,val,e3EsDlpNo0c_E_008427_008518_A_0018_0019,data/FineGym_data/videos/val/56/e3EsDlpNo0c_E_008427_008518_A_0018_0019.mp4,56,16,100,1,56,True,True,0.998837411403656,0.004040863015688956,0.0010060202184831724,0.5886050310218707,53,16,16,16,False,
finegym,val,AZ4wWG6Rcak_E_006218_006294_A_0045_0047,data/FineGym_data/videos/val/56/AZ4wWG6Rcak_E_006218_006294_A_0045_0047.mp4,56,16,100,1,56,True,True,0.9952137470245361,0.004660638049244881,0.0010060202184831724,0.5837797130225226,50,16,16,16,False,
finegym,val,fDa0HpoXES4_E_003661_003749_A_0020_0022,data/FineGym_data/videos/val/56/fDa0HpoXES4_E_003661_003749_A_0020_0022.mp4,56,16,100,1,56,True,True,0.9918951392173767,0.004841438960283995,0.0010060202184831724,0.5783657670253888,72,16,16,16,False,
finegym,val,fDa0HpoXES4_E_004226_004304_A_0020_0022,data/FineGym_data/videos/val/56/fDa0HpoXES4_E_004226_004304_A_0020_0022.mp4,56,16,100,1,56,True,True,0.9973434805870056,0.004078874015249312,0.0010060202184831724,0.5726735870121047,65,16,16,16,False,
finegym,val,aN3PC4tJokk_E_001804_001903_A_0052_0054,data/FineGym_data/videos/val/56/aN3PC4tJokk_E_001804_001903_A_0052_0054.mp4,56,16,100,1,56,True,True,0.9807965755462646,0.005985370953567326,0.0010060202184831724,0.5678197250235826,65,16,16,16,False,
finegym,val,C5Yfd1IWjmM_E_005232_005308_A_0013_0014,data/FineGym_data/videos/val/56/C5Yfd1IWjmM_E_005232_005308_A_0013_0014.mp4,56,16,100,1,56,True,True,0.9945333003997803,0.003938289941288531,0.0010060202184831724,0.5610851849196479,54,16,16,16,False,
finegym,val,fDa0HpoXES4_E_001378_001463_A_0010_0012,data/FineGym_data/videos/val/56/fDa0HpoXES4_E_001378_001463_A_0010_0012.mp4,56,16,100,1,56,True,True,0.9931939840316772,0.003947537043131888,0.0010060202184831724,0.5563960530562326,48,16,16,16,False,
finegym,val,e3EsDlpNo0c_E_006000_006094_A_0011_0014,data/FineGym_data/videos/val/56/e3EsDlpNo0c_E_006000_006094_A_0011_0014.mp4,56,16,100,1,56,True,True,0.9938440322875977,0.0044193449430167675,0.0010060202184831724,0.551708594080992,68,16,16,16,False,
finegym,val,fDa0HpoXES4_E_001129_001227_A_0019_0021,data/FineGym_data/videos/val/56/fDa0HpoXES4_E_001129_001227_A_0019_0021.mp4,56,16,100,1,56,True,True,0.9981378316879272,0.004815659951418638,0.0010060202184831724,0.5465297709451988,63,16,16,16,False,
finegym,val,aN3PC4tJokk_E_003003_003112_A_0013_0015,data/FineGym_data/videos/val/56/aN3PC4tJokk_E_003003_003112_A_0013_0015.mp4,56,16,100,1,56,True,True,0.9675189256668091,0.00630056404042989,0.0010060202184831724,0.5409128429600969,59,16,16,16,False,
finegym,val,eH-ZgOT8ASM_E_006965_007066_A_0083_0085,data/FineGym_data/videos/val/56/eH-ZgOT8ASM_E_006965_007066_A_0083_0085.mp4,56,16,100,1,56,True,True,0.9987550973892212,0.004395809955894947,0.0010060202184831724,0.5341783530311659,47,16,16,16,False,
finegym,val,e3EsDlpNo0c_E_005562_005653_A_0033_0034,data/FineGym_data/videos/val/57/e3EsDlpNo0c_E_005562_005653_A_0033_0034.mp4,57,16,100,1,57,True,True,0.9684550166130066,0.003640128066763282,0.0010060202184831724,0.5293557700933889,27,16,16,16,False,
finegym,val,C5Yfd1IWjmM_E_005232_005308_A_0037_0038,data/FineGym_data/videos/val/57/C5Yfd1IWjmM_E_005232_005308_A_0037_0038.mp4,57,16,100,1,57,True,True,0.9986881613731384,0.0038111211033537984,0.0010060202184831724,0.5252198480302468,27,16,16,16,False,
finegym,val,aEZbP-Yephw_E_001550_001632_A_0013_0014,data/FineGym_data/videos/val/57/aEZbP-Yephw_E_001550_001632_A_0013_0014.mp4,57,16,100,1,58,False,True,0.9786781668663025,0.00378042203374207,0.0010060202184831724,0.5210065719438717,18,16,16,16,False,
finegym,val,A0xAXXysHUo_E_002548_002638_A_0026_0028,data/FineGym_data/videos/val/57/A0xAXXysHUo_E_002548_002638_A_0026_0028.mp4,57,16,100,1,57,True,True,0.9820354580879211,0.004524932941421866,0.0010060202184831724,0.516730556031689,42,16,16,16,False,
finegym,val,e3EsDlpNo0c_E_006565_006650_A_0022_0023,data/FineGym_data/videos/val/57/e3EsDlpNo0c_E_006565_006650_A_0022_0023.mp4,57,16,100,1,57,True,True,0.7754389047622681,0.0038427800172939897,0.0010060202184831724,0.5117851820541546,28,16,16,16,False,
finegym,val,CUuRl0Bwbbc_E_001154_001243_A_0071_0072,data/FineGym_data/videos/val/57/CUuRl0Bwbbc_E_001154_001243_A_0071_0072.mp4,57,16,100,1,57,True,True,0.9967302083969116,0.003355783992446959,0.0010060202184831724,0.5071408040821552,22,16,16,16,False,
finegym,val,E3AHJ6-QS8M_E_004008_004096_A_0022_0023,data/FineGym_data/videos/val/57/E3AHJ6-QS8M_E_004008_004096_A_0022_0023.mp4,57,16,100,1,57,True,True,0.8684202432632446,0.003953046980313957,0.0010060202184831724,0.503052833955735,22,16,16,16,False,
finegym,val,DyZ2qj6x1UE_E_004547_004630_A_0023_0024,data/FineGym_data/videos/val/57/DyZ2qj6x1UE_E_004547_004630_A_0023_0024.mp4,57,16,100,1,57,True,True,0.6991377472877502,0.004392463946714997,0.0010060202184831724,0.4983869049465284,27,16,16,16,False,
finegym,val,aEZbP-Yephw_E_003968_004062_A_0028_0029,data/FineGym_data/videos/val/57/aEZbP-Yephw_E_003968_004062_A_0028_0029.mp4,57,16,100,1,58,False,True,0.971805989742279,0.004448628984391689,0.0010060202184831724,0.49327185098081827,30,16,16,16,False,
finegym,val,aEZbP-Yephw_E_001550_001632_A_0046_0047,data/FineGym_data/videos/val/58/aEZbP-Yephw_E_001550_001632_A_0046_0047.mp4,58,16,100,1,58,True,True,0.9989277720451355,0.003980658948421478,0.0010060202184831724,0.4880804439308122,23,16,16,16,False,
finegym,val,aEZbP-Yephw_E_002874_002957_A_0051_0052,data/FineGym_data/videos/val/58/aEZbP-Yephw_E_002874_002957_A_0051_0052.mp4,58,16,100,1,58,True,True,0.9990531802177429,0.004231380997225642,0.0010060202184831724,0.48327598499599844,19,16,16,16,False,
finegym,val,0LtLS9wROrk_E_005787_005866_A_0037_0038,data/FineGym_data/videos/val/58/0LtLS9wROrk_E_005787_005866_A_0037_0038.mp4,58,16,100,1,58,True,True,0.934614360332489,0.004097369033843279,0.0010060202184831724,0.47834472800605,39,16,16,16,False,
finegym,val,aEZbP-Yephw_E_003121_003201_A_0017_0018,data/FineGym_data/videos/val/58/aEZbP-Yephw_E_003121_003201_A_0017_0018.mp4,58,16,100,1,58,True,True,0.9974918365478516,0.004071920993737876,0.0010060202184831724,0.4734644659329206,24,16,16,16,False,
finegym,val,A0xAXXysHUo_E_002930_003025_A_0069_0070,data/FineGym_data/videos/val/58/A0xAXXysHUo_E_002930_003025_A_0069_0070.mp4,58,16,100,1,58,True,True,0.9892094731330872,0.004084925050847232,0.0010060202184831724,0.468571659992449,30,16,16,16,False,
finegym,val,aEZbP-Yephw_E_000540_000626_A_0016_0017,data/FineGym_data/videos/val/58/aEZbP-Yephw_E_000540_000626_A_0016_0017.mp4,58,16,100,1,58,True,True,0.994809627532959,0.0036790920421481133,0.0010060202184831724,0.46376197098288685,22,16,16,16,False,
finegym,val,A0xAXXysHUo_E_002290_002388_A_0023_0024,data/FineGym_data/videos/val/58/A0xAXXysHUo_E_002290_002388_A_0023_0024.mp4,58,16,100,1,58,True,True,0.9087235331535339,0.004170917090959847,0.0010060202184831724,0.45934932003729045,31,16,16,16,False,
finegym,val,0LtLS9wROrk_E_006600_006668_A_0052_0054,data/FineGym_data/videos/val/58/0LtLS9wROrk_E_006600_006668_A_0052_0054.mp4,58,16,100,1,63,False,True,0.9512350559234619,0.0041536749340593815,0.0010060202184831724,0.4544655110221356,52,16,16,16,False,
finegym,val,aEZbP-Yephw_E_003750_003845_A_0053_0054,data/FineGym_data/videos/val/58/aEZbP-Yephw_E_003750_003845_A_0053_0054.mp4,58,16,100,1,58,True,True,0.9962978959083557,0.004448630032129586,0.0010060202184831724,0.44954844005405903,30,16,16,16,False,
finegym,val,A0xAXXysHUo_E_002763_002874_A_0055_0056,data/FineGym_data/videos/val/58/A0xAXXysHUo_E_002763_002874_A_0055_0056.mp4,58,16,100,1,58,True,True,0.9982214570045471,0.003821098944172263,0.0010060202184831724,0.44438789098057896,28,16,16,16,False,
finegym,val,aEZbP-Yephw_E_000380_000467_A_0070_0071,data/FineGym_data/videos/val/58/aEZbP-Yephw_E_000380_000467_A_0070_0071.mp4,58,16,100,1,58,True,True,0.9867281317710876,0.004688229993917048,0.0010060202184831724,0.4398486310383305,23,16,16,16,False,
finegym,val,aEZbP-Yephw_E_002450_002550_A_0048_0049,data/FineGym_data/videos/val/58/aEZbP-Yephw_E_002450_002550_A_0048_0049.mp4,58,16,100,1,58,True,True,0.9895351529121399,0.004614270990714431,0.0010060202184831724,0.4344696410698816,24,16,16,16,False,
finegym,val,A0xAXXysHUo_E_002548_002638_A_0052_0053,data/FineGym_data/videos/val/58/A0xAXXysHUo_E_002548_002638_A_0052_0053.mp4,58,16,100,1,58,True,True,0.5989438891410828,0.004665127024054527,0.0010060202184831724,0.4293445779476315,27,16,16,16,False,
finegym,val,A0xAXXysHUo_E_003242_003342_A_0009_0010,data/FineGym_data/videos/val/58/A0xAXXysHUo_E_003242_003342_A_0009_0010.mp4,58,16,100,1,58,True,True,0.9743652939796448,0.004929414018988609,0.0010060202184831724,0.42399528401438147,28,16,16,16,False,
finegym,val,AZ4wWG6Rcak_E_004209_004299_A_0055_0056,data/FineGym_data/videos/val/59/AZ4wWG6Rcak_E_004209_004299_A_0055_0056.mp4,59,16,100,1,59,True,True,0.9985059499740601,0.0037614870816469193,0.0010060202184831724,0.4182947389781475,22,16,16,16,False,
finegym,val,A0xAXXysHUo_E_002548_002638_A_0019_0020,data/FineGym_data/videos/val/59/A0xAXXysHUo_E_002548_002638_A_0019_0020.mp4,59,16,100,1,59,True,True,0.9793946146965027,0.004447106970474124,0.0010060202184831724,0.4137936109909788,32,16,16,16,False,
finegym,val,0LtLS9wROrk_E_005117_005196_A_0024_0025,data/FineGym_data/videos/val/59/0LtLS9wROrk_E_005117_005196_A_0024_0025.mp4,59,16,100,1,59,True,True,0.978354811668396,0.004265755997039378,0.0010060202184831724,0.4085910730063915,48,16,16,16,False,
finegym,val,aEZbP-Yephw_E_003968_004062_A_0020_0021,data/FineGym_data/videos/val/59/aEZbP-Yephw_E_003968_004062_A_0020_0021.mp4,59,16,100,1,59,True,True,0.9983641505241394,0.004381914041005075,0.0010060202184831724,0.4035629030549899,27,16,16,16,False,
finegym,val,aN9hSsP6xTg_E_002211_002312_A_0043_0044,data/FineGym_data/videos/val/59/aN9hSsP6xTg_E_002211_002312_A_0043_0044.mp4,59,16,100,1,59,True,True,0.9974341988563538,0.003954650019295514,0.0010060202184831724,0.39842245099134743,19,16,16,16,False,
finegym,val,BLzs5opw8uM_E_000826_000920_A_0020_0021,data/FineGym_data/videos/val/59/BLzs5opw8uM_E_000826_000920_A_0020_0021.mp4,59,16,100,1,59,True,True,0.9896843433380127,0.004760575946420431,0.0010060202184831724,0.3937222689855844,34,16,16,16,False,
finegym,val,0LtLS9wROrk_E_006600_006668_A_0031_0032,data/FineGym_data/videos/val/59/0LtLS9wROrk_E_006600_006668_A_0031_0032.mp4,59,16,100,1,59,True,True,0.9985548853874207,0.003995748003944755,0.0010060202184831724,0.38816003408282995,38,16,16,16,False,
finegym,val,aEZbP-Yephw_E_000540_000626_A_0051_0052,data/FineGym_data/videos/val/59/aEZbP-Yephw_E_000540_000626_A_0051_0052.mp4,59,16,100,1,59,True,True,0.9837533235549927,0.005298108095303178,0.0010060202184831724,0.38340795296244323,21,16,16,16,False,
finegym,val,AZ4wWG6Rcak_E_007888_007961_A_0028_0029,data/FineGym_data/videos/val/59/AZ4wWG6Rcak_E_007888_007961_A_0028_0029.mp4,59,16,100,1,59,True,True,0.99528568983078,0.003995226928964257,0.0010060202184831724,0.3772960639325902,26,16,16,16,False,
finegym,val,AZ4wWG6Rcak_E_004073_004175_A_0035_0036,data/FineGym_data/videos/val/59/AZ4wWG6Rcak_E_004073_004175_A_0035_0036.mp4,59,16,100,1,59,True,True,0.9988207221031189,0.0037625989643856883,0.0010060202184831724,0.3724155720556155,23,16,16,16,False,
finegym,val,0LtLS9wROrk_E_007548_007611_A_0018_0019,data/FineGym_data/videos/val/59/0LtLS9wROrk_E_007548_007611_A_0018_0019.mp4,59,16,100,1,59,True,True,0.9958009123802185,0.004568014992401004,0.0010060202184831724,0.3677712540375069,38,16,16,16,False,
finegym,val,A0xAXXysHUo_E_002930_003025_A_0046_0047,data/FineGym_data/videos/val/59/A0xAXXysHUo_E_002930_003025_A_0046_0047.mp4,59,16,100,1,59,True,True,0.9975558519363403,0.004359551938250661,0.0010060202184831724,0.3626860969234258,35,16,16,16,False,
finegym,val,A0xAXXysHUo_E_002290_002388_A_0048_0049,data/FineGym_data/videos/val/59/A0xAXXysHUo_E_002290_002388_A_0048_0049.mp4,59,16,100,1,59,True,True,0.9985533356666565,0.003916698973625898,0.0010060202184831724,0.35788280004635453,30,16,16,16,False,
finegym,val,aN9hSsP6xTg_E_000439_000530_A_0023_0024,data/FineGym_data/videos/val/59/aN9hSsP6xTg_E_000439_000530_A_0023_0024.mp4,59,16,100,1,59,True,True,0.9948593378067017,0.004242902039550245,0.0010060202184831724,0.3535448389593512,24,16,16,16,False,
finegym,val,0LtLS9wROrk_E_007856_007937_A_0031_0032,data/FineGym_data/videos/val/59/0LtLS9wROrk_E_007856_007937_A_0031_0032.mp4,59,16,100,1,59,True,True,0.9971904158592224,0.003925526048988104,0.0010060202184831724,0.3488439950160682,42,16,16,16,False,
finegym,val,AZ4wWG6Rcak_E_005608_005706_A_0066_0067,data/FineGym_data/videos/val/59/AZ4wWG6Rcak_E_005608_005706_A_0066_0067.mp4,59,16,100,1,59,True,True,0.9985232949256897,0.003603931050747633,0.0010060202184831724,0.3444911849219352,21,16,16,16,False,
finegym,val,0LtLS9wROrk_E_002756_002828_A_0022_0023,data/FineGym_data/videos/val/59/0LtLS9wROrk_E_002756_002828_A_0022_0023.mp4,59,16,100,1,59,True,True,0.9072438478469849,0.003997531021013856,0.0010060202184831724,0.34047616203315556,39,16,16,16,False,
finegym,val,aN9hSsP6xTg_E_000439_000530_A_0022_0023,data/FineGym_data/videos/val/59/aN9hSsP6xTg_E_000439_000530_A_0022_0023.mp4,59,16,100,1,59,True,True,0.9982261061668396,0.004765967023558915,0.0020209635937741646,0.8326297790044919,17,16,16,16,False,
finegym,val,0LtLS9wROrk_E_006284_006358_A_0030_0032,data/FineGym_data/videos/val/59/0LtLS9wROrk_E_006284_006358_A_0030_0032.mp4,59,16,100,1,59,True,True,0.771710216999054,0.004504084005020559,0.0020209635937741646,0.82710823090747,37,16,16,16,False,
finegym,val,A0xAXXysHUo_E_001953_002052_A_0022_0023,data/FineGym_data/videos/val/59/A0xAXXysHUo_E_001953_002052_A_0022_0023.mp4,59,16,100,1,59,True,True,0.9973390698432922,0.004924195003695786,0.0020209635937741646,0.8219913740176708,36,16,16,16,False,
finegym,val,A0xAXXysHUo_E_001529_001616_A_0038_0039,data/FineGym_data/videos/val/60/A0xAXXysHUo_E_001529_001616_A_0038_0039.mp4,60,16,100,1,60,True,True,0.9987615346908569,0.003954879939556122,0.0020209635937741646,0.8166550250025466,33,16,16,16,False,
finegym,val,aN3PC4tJokk_E_003003_003112_A_0066_0067,data/FineGym_data/videos/val/60/aN3PC4tJokk_E_003003_003112_A_0066_0067.mp4,60,16,100,1,59,False,True,0.9360910654067993,0.0037317309761419892,0.0020209635937741646,0.8123020440107211,20,16,16,16,False,
finegym,val,aEZbP-Yephw_E_000540_000626_A_0031_0031,data/FineGym_data/videos/val/60/aEZbP-Yephw_E_000540_000626_A_0031_0031.mp4,60,16,100,1,60,True,True,0.9896638989448547,0.003831228008493781,0.0020209635937741646,0.8079120849724859,18,16,16,16,False,
finegym,val,A0xAXXysHUo_E_002290_002388_A_0068_0069,data/FineGym_data/videos/val/60/A0xAXXysHUo_E_002290_002388_A_0068_0069.mp4,60,16,100,1,60,True,True,0.9987438321113586,0.003793286974541843,0.0020209635937741646,0.8037014229921624,27,16,16,16,False,
finegym,val,aN9hSsP6xTg_E_000224_000318_A_0016_0017,data/FineGym_data/videos/val/60/aN9hSsP6xTg_E_000224_000318_A_0016_0017.mp4,60,16,100,1,60,True,True,0.934475302696228,0.003942126990295947,0.0020209635937741646,0.799487806041725,20,16,16,16,False,
finegym,val,A0xAXXysHUo_E_003242_003342_A_0038_0039,data/FineGym_data/videos/val/60/A0xAXXysHUo_E_003242_003342_A_0038_0039.mp4,60,16,100,1,60,True,True,0.9501131772994995,0.00409176794346422,0.0020209635937741646,0.7951567869167775,28,16,16,16,False,
finegym,val,aN9hSsP6xTg_E_002931_003029_A_0033_0033,data/FineGym_data/videos/val/60/aN9hSsP6xTg_E_002931_003029_A_0033_0033.mp4,60,16,100,1,60,True,True,0.9988309741020203,0.003931376035325229,0.0020209635937741646,0.7904995250282809,19,16,16,16,False,
finegym,val,aEZbP-Yephw_E_003968_004062_A_0037_0037,data/FineGym_data/videos/val/60/aEZbP-Yephw_E_003968_004062_A_0037_0037.mp4,60,16,100,1,60,True,True,0.9907646179199219,0.0038960300153121352,0.0020209635937741646,0.7861785460263491,20,16,16,16,False,
finegym,val,A0xAXXysHUo_E_002930_003025_A_0019_0020,data/FineGym_data/videos/val/60/A0xAXXysHUo_E_002930_003025_A_0019_0020.mp4,60,16,100,1,60,True,True,0.976754367351532,0.005069748032838106,0.0020209635937741646,0.7818729049758986,33,16,16,16,False,
finegym,val,A0xAXXysHUo_E_002930_003025_A_0058_0059,data/FineGym_data/videos/val/60/A0xAXXysHUo_E_002930_003025_A_0058_0059.mp4,60,16,100,1,60,True,True,0.991792619228363,0.004911509924568236,0.0020209635937741646,0.7757982360199094,35,16,16,16,False,
finegym,val,aN9hSsP6xTg_E_001436_001527_A_0031_0032,data/FineGym_data/videos/val/60/aN9hSsP6xTg_E_001436_001527_A_0031_0032.mp4,60,16,100,1,60,True,True,0.9923588633537292,0.004373628995381296,0.0020209635937741646,0.7700289819622412,19,16,16,16,False,
finegym,val,aN3PC4tJokk_E_001804_001903_A_0045_0045,data/FineGym_data/videos/val/60/aN3PC4tJokk_E_001804_001903_A_0045_0045.mp4,60,16,100,1,60,True,True,0.9984486103057861,0.004244234994985163,0.0020209635937741646,0.7651560439262539,28,16,16,16,False,
finegym,val,aN9hSsP6xTg_E_002211_002312_A_0021_0022,data/FineGym_data/videos/val/60/aN9hSsP6xTg_E_002211_002312_A_0021_0022.mp4,60,16,100,1,60,True,True,0.998566210269928,0.003966382006183267,0.0020209635937741646,0.7605074079474434,21,16,16,16,False,
finegym,val,aN9hSsP6xTg_E_000439_000530_A_0032_0032,data/FineGym_data/videos/val/60/aN9hSsP6xTg_E_000439_000530_A_0032_0032.mp4,60,16,100,1,60,True,True,0.9971436858177185,0.0035867280093953013,0.0020209635937741646,0.7561664809472859,19,16,16,16,False,
finegym,val,A0xAXXysHUo_E_002548_002638_A_0035_0036,data/FineGym_data/videos/val/60/A0xAXXysHUo_E_002548_002638_A_0035_0036.mp4,60,16,100,1,60,True,True,0.9980399012565613,0.004158544004894793,0.0020209635937741646,0.7521981850732118,39,16,16,16,False,
finegym,val,aEZbP-Yephw_E_002252_002329_A_0018_0019,data/FineGym_data/videos/val/60/aEZbP-Yephw_E_002252_002329_A_0018_0019.mp4,60,16,100,1,60,True,True,0.9976410865783691,0.004697137046605349,0.0020209635937741646,0.7476385460468009,26,16,16,16,False,
finegym,val,aN9hSsP6xTg_E_003225_003317_A_0029_0030,data/FineGym_data/videos/val/60/aN9hSsP6xTg_E_003225_003317_A_0029_0030.mp4,60,16,100,1,60,True,True,0.9820035099983215,0.003993363003246486,0.0020209635937741646,0.7421730740461498,21,16,16,16,False,
finegym,val,aEZbP-Yephw_E_000380_000467_A_0051_0052,data/FineGym_data/videos/val/60/aEZbP-Yephw_E_000380_000467_A_0051_0052.mp4,60,16,100,1,58,False,True,0.9823028445243835,0.004545011091977358,0.0020209635937741646,0.7373714499408379,24,16,16,16,False,
finegym,val,aEZbP-Yephw_E_003547_003643_A_0024_0025,data/FineGym_data/videos/val/60/aEZbP-Yephw_E_003547_003643_A_0024_0025.mp4,60,16,100,1,60,True,True,0.9953174591064453,0.004287765943445265,0.0020209635937741646,0.7322675180621445,23,16,16,16,False,
finegym,val,aN3PC4tJokk_E_003003_003112_A_0093_0094,data/FineGym_data/videos/val/60/aN3PC4tJokk_E_003003_003112_A_0093_0094.mp4,60,16,100,1,60,True,True,0.9933075904846191,0.004228355013765395,0.0020209635937741646,0.727342190919444,23,16,16,16,False,
finegym,val,BLzs5opw8uM_E_002316_002397_A_0056_0058,data/FineGym_data/videos/val/61/BLzs5opw8uM_E_002316_002397_A_0056_0058.mp4,61,16,100,1,61,True,True,0.9897660613059998,0.004620903986506164,0.0020209635937741646,0.7225553860189393,44,16,16,16,False,
finegym,val,CUuRl0Bwbbc_E_001154_001243_A_0038_0039,data/FineGym_data/videos/val/61/CUuRl0Bwbbc_E_001154_001243_A_0038_0039.mp4,61,16,100,1,61,True,True,0.5522090196609497,0.003772096009925008,0.0020209635937741646,0.71736193401739,26,16,16,16,False,
finegym,val,BLzs5opw8uM_E_004323_004411_A_0062_0063,data/FineGym_data/videos/val/61/BLzs5opw8uM_E_004323_004411_A_0062_0063.mp4,61,16,100,1,61,True,True,0.8582364320755005,0.004425276070833206,0.0020209635937741646,0.7128210309892893,39,16,16,16,False,
finegym,val,aN9hSsP6xTg_E_000439_000530_A_0078_0079,data/FineGym_data/videos/val/61/aN9hSsP6xTg_E_000439_000530_A_0078_0079.mp4,61,16,100,1,61,True,True,0.9905862212181091,0.004346717963926494,0.0020209635937741646,0.7079887689324096,18,16,16,16,False,
finegym,val,0LtLS9wROrk_E_006600_006668_A_0042_0043,data/FineGym_data/videos/val/61/0LtLS9wROrk_E_006600_006668_A_0042_0043.mp4,61,16,100,1,61,True,True,0.9118421077728271,0.0042282750364393,0.0020209635937741646,0.7028639580821618,36,16,16,16,False,
finegym,val,BQhX6F3gpp8_E_003413_003501_A_0055_0057,data/FineGym_data/videos/val/61/BQhX6F3gpp8_E_003413_003501_A_0055_0057.mp4,61,16,100,1,61,True,True,0.9979766011238098,0.004836670006625354,0.0020209635937741646,0.6978304870426655,41,16,16,16,False,
finegym,val,CkNz9ZIQmZI_E_004347_004433_A_0070_0071,data/FineGym_data/videos/val/61/CkNz9ZIQmZI_E_004347_004433_A_0070_0071.mp4,61,16,100,1,61,True,True,0.893498420715332,0.003331788000650704,0.0020209635937741646,0.6923794520553201,26,16,16,16,False,
finegym,val,aEZbP-Yephw_E_001550_001632_A_0067_0068,data/FineGym_data/videos/val/61/aEZbP-Yephw_E_001550_001632_A_0067_0068.mp4,61,16,100,1,61,True,True,0.7098162770271301,0.004304868984036148,0.0020209635937741646,0.6886229539522901,28,16,16,16,False,
finegym,val,C5Yfd1IWjmM_E_001543_001637_A_0039_0040,data/FineGym_data/videos/val/61/C5Yfd1IWjmM_E_001543_001637_A_0039_0040.mp4,61,16,100,1,61,True,True,0.995898425579071,0.003252328955568373,0.0020209635937741646,0.6839237040840089,28,16,16,16,False,
finegym,val,aN9hSsP6xTg_E_001836_001926_A_0058_0059,data/FineGym_data/videos/val/61/aN9hSsP6xTg_E_001836_001926_A_0058_0059.mp4,61,16,100,1,61,True,True,0.9976848363876343,0.005293389083817601,0.0020209635937741646,0.6802546300459653,26,16,16,16,False,
finegym,val,A0xAXXysHUo_E_001529_001616_A_0051_0052,data/FineGym_data/videos/val/61/A0xAXXysHUo_E_001529_001616_A_0051_0052.mp4,61,16,100,1,61,True,True,0.998437225818634,0.004161318996921182,0.0020209635937741646,0.6740891009103507,30,16,16,16,False,
finegym,val,AZ4wWG6Rcak_E_004073_004175_A_0068_0069,data/FineGym_data/videos/val/61/AZ4wWG6Rcak_E_004073_004175_A_0068_0069.mp4,61,16,100,1,61,True,True,0.9957952499389648,0.004846208030357957,0.0020209635937741646,0.6694869119673967,23,16,16,16,False,
finegym,val,AZ4wWG6Rcak_E_007152_007237_A_0052_0053,data/FineGym_data/videos/val/61/AZ4wWG6Rcak_E_007152_007237_A_0052_0053.mp4,61,16,100,1,61,True,True,0.9277914762496948,0.00403019308578223,0.0020209635937741646,0.6639998590108007,22,16,16,16,False,
finegym,val,A0xAXXysHUo_E_001953_002052_A_0060_0061,data/FineGym_data/videos/val/61/A0xAXXysHUo_E_001953_002052_A_0060_0061.mp4,61,16,100,1,64,False,True,0.4358062446117401,0.004299449035897851,0.0020209635937741646,0.6594928600825369,36,16,16,16,False,
finegym,val,CkNz9ZIQmZI_E_003943_004039_A_0068_0069,data/FineGym_data/videos/val/61/CkNz9ZIQmZI_E_003943_004039_A_0068_0069.mp4,61,16,100,1,61,True,True,0.993657648563385,0.0037601450458168983,0.0020209635937741646,0.6545690859202296,27,16,16,16,False,
finegym,val,aN9hSsP6xTg_E_000824_000917_A_0036_0037,data/FineGym_data/videos/val/61/aN9hSsP6xTg_E_000824_000917_A_0036_0037.mp4,61,16,100,1,61,True,True,0.9994878768920898,0.004191246000118554,0.0020209635937741646,0.6503305510850623,22,16,16,16,False,
finegym,val,A0xAXXysHUo_E_002763_002874_A_0085_0086,data/FineGym_data/videos/val/61/A0xAXXysHUo_E_002763_002874_A_0085_0086.mp4,61,16,100,1,61,True,True,0.9969147443771362,0.0038450740976259112,0.0020209635937741646,0.6456908419495448,25,16,16,16,False,
finegym,val,aN9hSsP6xTg_E_002533_002622_A_0058_0058,data/FineGym_data/videos/val/61/aN9hSsP6xTg_E_002533_002622_A_0058_0058.mp4,61,16,100,1,61,True,True,0.997186005115509,0.004526126082055271,0.0020209635937741646,0.6413013640558347,20,16,16,16,False,
finegym,val,aN9hSsP6xTg_E_001436_001527_A_0063_0064,data/FineGym_data/videos/val/61/aN9hSsP6xTg_E_001436_001527_A_0063_0064.mp4,61,16,100,1,61,True,True,0.9706859588623047,0.005061011994257569,0.0020209635937741646,0.6361055079614744,22,16,16,16,False,
finegym,val,aEZbP-Yephw_E_003121_003201_A_0058_0059,data/FineGym_data/videos/val/61/aEZbP-Yephw_E_003121_003201_A_0058_0059.mp4,61,16,100,1,61,True,True,0.9988395571708679,0.005748855997808278,0.0020209635937741646,0.6303927809931338,27,16,16,16,False,
finegym,val,A0xAXXysHUo_E_001953_002052_A_0071_0072,data/FineGym_data/videos/val/62/A0xAXXysHUo_E_001953_002052_A_0071_0072.mp4,62,16,100,1,62,True,True,0.9965662956237793,0.00449010799638927,0.0020209635937741646,0.6237984349718317,33,16,16,16,False,
finegym,val,AZ4wWG6Rcak_E_005608_005706_A_0081_0082,data/FineGym_data/videos/val/62/AZ4wWG6Rcak_E_005608_005706_A_0081_0082.mp4,62,16,100,1,62,True,True,0.9979040622711182,0.003805659944191575,0.0020209635937741646,0.6188850699691102,26,16,16,16,False,
finegym,val,A0xAXXysHUo_E_002290_002388_A_0015_0016,data/FineGym_data/videos/val/62/A0xAXXysHUo_E_002290_002388_A_0015_0016.mp4,62,16,100,1,62,True,True,0.9978249073028564,0.004124448983930051,0.0020209635937741646,0.6146627959096804,33,16,16,16,False,
finegym,val,aN3PC4tJokk_E_001804_001903_A_0025_0027,data/FineGym_data/videos/val/62/aN3PC4tJokk_E_001804_001903_A_0025_0027.mp4,62,16,100,1,62,True,True,0.998212456703186,0.004437027964740992,0.0020209635937741646,0.6101257510017604,33,16,16,16,False,
finegym,val,0LtLS9wROrk_E_002451_002529_A_0075_0076,data/FineGym_data/videos/val/62/0LtLS9wROrk_E_002451_002529_A_0075_0076.mp4,62,16,100,1,62,True,True,0.9937031865119934,0.0035382770001888275,0.0020209635937741646,0.6052822479978204,26,16,16,16,False,
finegym,val,AZ4wWG6Rcak_E_004073_004175_A_0034_0035,data/FineGym_data/videos/val/62/AZ4wWG6Rcak_E_004073_004175_A_0034_0035.mp4,62,16,100,1,62,True,True,0.9934699535369873,0.003399715991690755,0.0020209635937741646,0.6013500300468877,23,16,16,16,False,
finegym,val,AZ4wWG6Rcak_E_007888_007961_A_0027_0028,data/FineGym_data/videos/val/62/AZ4wWG6Rcak_E_007888_007961_A_0027_0028.mp4,62,16,100,1,62,True,True,0.9862968921661377,0.003934822976589203,0.0020209635937741646,0.5975342199672014,34,16,16,16,False,
finegym,val,BLzs5opw8uM_E_001044_001143_A_0064_0066,data/FineGym_data/videos/val/62/BLzs5opw8uM_E_001044_001143_A_0064_0066.mp4,62,16,100,1,62,True,True,0.9725754261016846,0.003921377006918192,0.0020209635937741646,0.593206859077327,35,16,16,16,False,
finegym,val,AZ4wWG6Rcak_E_004209_004299_A_0054_0055,data/FineGym_data/videos/val/62/AZ4wWG6Rcak_E_004209_004299_A_0054_0055.mp4,62,16,100,1,62,True,True,0.9951316118240356,0.003642402938567102,0.0020209635937741646,0.5888575869612396,20,16,16,16,False,
finegym,val,aN9hSsP6xTg_E_000824_000917_A_0070_0071,data/FineGym_data/videos/val/62/aN9hSsP6xTg_E_000824_000917_A_0070_0071.mp4,62,16,100,1,62,True,True,0.9993577599525452,0.004295932943932712,0.0020209635937741646,0.5848057130351663,26,16,16,16,False,
finegym,val,0LtLS9wROrk_E_003346_003423_A_0028_0029,data/FineGym_data/videos/val/62/0LtLS9wROrk_E_003346_003423_A_0028_0029.mp4,62,16,100,1,62,True,True,0.9993546605110168,0.003572210087440908,0.0020209635937741646,0.5801126139704138,37,16,16,16,False,
finegym,val,0LtLS9wROrk_E_005117_005196_A_0076_0077,data/FineGym_data/videos/val/62/0LtLS9wROrk_E_005117_005196_A_0076_0077.mp4,62,16,100,1,62,True,True,0.9973161816596985,0.0030451799975708127,0.0020209635937741646,0.576133277034387,24,16,16,16,False,
finegym,val,0LtLS9wROrk_E_006284_006358_A_0060_0062,data/FineGym_data/videos/val/62/0LtLS9wROrk_E_006284_006358_A_0060_0062.mp4,62,16,100,1,62,True,True,0.9831406474113464,0.004355684970505536,0.0020209635937741646,0.5725833879550919,53,16,16,16,False,
finegym,val,0LtLS9wROrk_E_003663_003757_A_0089_0090,data/FineGym_data/videos/val/62/0LtLS9wROrk_E_003663_003757_A_0089_0090.mp4,62,16,100,1,62,True,True,0.984857439994812,0.003763690940104425,0.0020209635937741646,0.5678355459822342,28,16,16,16,False,
finegym,val,AZ4wWG6Rcak_E_007152_007237_A_0023_0024,data/FineGym_data/videos/val/62/AZ4wWG6Rcak_E_007152_007237_A_0023_0024.mp4,62,16,100,1,62,True,True,0.9977472424507141,0.003579725045710802,0.0020209635937741646,0.5636446609860286,19,16,16,16,False,
finegym,val,aN3PC4tJokk_E_004944_005043_A_0045_0046,data/FineGym_data/videos/val/62/aN3PC4tJokk_E_004944_005043_A_0045_0046.mp4,62,16,100,1,62,True,True,0.9974896907806396,0.004392463946714997,0.0020209635937741646,0.5596037779469043,33,16,16,16,False,
finegym,val,0LtLS9wROrk_E_004459_004545_A_0081_0082,data/FineGym_data/videos/val/62/0LtLS9wROrk_E_004459_004545_A_0081_0082.mp4,62,16,100,1,62,True,True,0.9679944515228271,0.004771196050569415,0.0020209635937741646,0.5547596450196579,25,16,16,16,False,
finegym,val,aN9hSsP6xTg_E_002420_002518_A_0036_0038,data/FineGym_data/videos/val/62/aN9hSsP6xTg_E_002420_002518_A_0036_0038.mp4,62,16,100,1,62,True,True,0.9961965084075928,0.005160017986781895,0.0020209635937741646,0.5493868560297415,32,16,16,16,False,
finegym,val,aN9hSsP6xTg_E_000224_000318_A_0051_0052,data/FineGym_data/videos/val/62/aN9hSsP6xTg_E_000224_000318_A_0051_0052.mp4,62,16,100,1,62,True,True,0.9984049201011658,0.004923452972434461,0.0020209635937741646,0.5437662010081112,26,16,16,16,False,
finegym,val,aEZbP-Yephw_E_002252_002329_A_0052_0053,data/FineGym_data/videos/val/62/aEZbP-Yephw_E_002252_002329_A_0052_0053.mp4,62,16,100,1,62,True,True,0.9986087679862976,0.005342971999198198,0.0020209635937741646,0.5379940320271999,28,16,16,16,False,
finegym,val,BLzs5opw8uM_E_001044_001143_A_0026_0027,data/FineGym_data/videos/val/63/BLzs5opw8uM_E_001044_001143_A_0026_0027.mp4,63,16,100,1,63,True,True,0.9932476282119751,0.00506114203017205,0.0020209635937741646,0.5320497880456969,36,16,16,16,False,
finegym,val,aEZbP-Yephw_E_003547_003643_A_0014_0015,data/FineGym_data/videos/val/63/aEZbP-Yephw_E_003547_003643_A_0014_0015.mp4,63,16,100,1,63,True,True,0.9981030225753784,0.004248703946359456,0.0020209635937741646,0.5261535450117663,20,16,16,16,False,
finegym,val,A0xAXXysHUo_E_001529_001616_A_0068_0069,data/FineGym_data/videos/val/63/A0xAXXysHUo_E_001529_001616_A_0068_0069.mp4,63,16,100,1,63,True,True,0.9974244832992554,0.003914935979992151,0.0020209635937741646,0.5213773279683664,26,16,16,16,False,
finegym,val,aN9hSsP6xTg_E_001836_001926_A_0016_0017,data/FineGym_data/videos/val/63/aN9hSsP6xTg_E_001836_001926_A_0016_0017.mp4,63,16,100,1,63,True,True,0.9905449151992798,0.004263921990059316,0.0020209635937741646,0.5169837529538199,19,16,16,16,False,
finegym,val,BLzs5opw8uM_E_002085_002171_A_0049_0051,data/FineGym_data/videos/val/63/BLzs5opw8uM_E_002085_002171_A_0049_0051.mp4,63,16,100,1,63,True,True,0.9899657964706421,0.0044845580123364925,0.0020209635937741646,0.5118314989376813,57,16,16,16,False,
finegym,val,BLzs5opw8uM_E_001410_001502_A_0077_0078,data/FineGym_data/videos/val/63/BLzs5opw8uM_E_001410_001502_A_0077_0078.mp4,63,16,100,1,63,True,True,0.9980917572975159,0.0033613130217418075,0.0020209635937741646,0.5069203500170261,31,16,16,16,False,
finegym,val,aEZbP-Yephw_E_000380_000467_A_0016_0017,data/FineGym_data/videos/val/63/aEZbP-Yephw_E_000380_000467_A_0016_0017.mp4,63,16,100,1,63,True,True,0.9949811100959778,0.0037433820543810725,0.0020209635937741646,0.5031469099922106,19,16,16,16,False,
finegym,val,A0xAXXysHUo_E_002290_002388_A_0058_0059,data/FineGym_data/videos/val/63/A0xAXXysHUo_E_002290_002388_A_0058_0059.mp4,63,16,100,1,63,True,True,0.9948038458824158,0.003373177023604512,0.0020209635937741646,0.4990243340143934,27,16,16,16,False,
finegym,val,aN9hSsP6xTg_E_001436_001527_A_0019_0020,data/FineGym_data/videos/val/63/aN9hSsP6xTg_E_001436_001527_A_0019_0020.mp4,63,16,100,1,63,True,True,0.9940332770347595,0.0038415370509028435,0.0020209635937741646,0.49524781899526715,19,16,16,16,False,
finegym,val,A0xAXXysHUo_E_003242_003342_A_0031_0031,data/FineGym_data/videos/val/63/A0xAXXysHUo_E_003242_003342_A_0031_0031.mp4,63,16,100,1,63,True,True,0.9861672520637512,0.004616696038283408,0.0020209635937741646,0.49057956610340625,21,16,16,16,False,
finegym,val,A0xAXXysHUo_E_002548_002638_A_0058_0059,data/FineGym_data/videos/val/63/A0xAXXysHUo_E_002548_002638_A_0058_0059.mp4,63,16,100,1,63,True,True,0.8907501101493835,0.004433991969563067,0.0020209635937741646,0.4850647209677845,27,16,16,16,False,
finegym,val,BLzs5opw8uM_E_002316_002397_A_0034_0035,data/FineGym_data/videos/val/63/BLzs5opw8uM_E_002316_002397_A_0034_0035.mp4,63,16,100,1,63,True,True,0.9978929162025452,0.003911779960617423,0.0020209635937741646,0.4801406658953056,40,16,16,16,False,
finegym,val,aEZbP-Yephw_E_003121_003201_A_0051_0052,data/FineGym_data/videos/val/63/aEZbP-Yephw_E_003121_003201_A_0051_0052.mp4,63,16,100,1,63,True,True,0.9927863478660583,0.0037067229859530926,0.0020209635937741646,0.4757876569638029,19,16,16,16,False,
finegym,val,A0xAXXysHUo_E_002763_002874_A_0094_0095,data/FineGym_data/videos/val/63/A0xAXXysHUo_E_002763_002874_A_0094_0095.mp4,63,16,100,1,63,True,True,0.9986771941184998,0.0033890759805217385,0.0020209635937741646,0.47159149195067585,23,16,16,16,False,
finegym,val,A0xAXXysHUo_E_002930_003025_A_0011_0012,data/FineGym_data/videos/val/63/A0xAXXysHUo_E_002930_003025_A_0011_0012.mp4,63,16,100,1,63,True,True,0.996290922164917,0.003515333984978497,0.0020209635937741646,0.467811550013721,23,16,16,16,False,
finegym,val,aN9hSsP6xTg_E_000224_000318_A_0061_0062,data/FineGym_data/videos/val/63/aN9hSsP6xTg_E_000224_000318_A_0061_0062.mp4,63,16,100,1,63,True,True,0.9932330250740051,0.0039036739617586136,0.0020209635937741646,0.46389980101957917,22,16,16,16,False,
finegym,val,aEZbP-Yephw_E_003968_004062_A_0060_0061,data/FineGym_data/videos/val/63/aEZbP-Yephw_E_003968_004062_A_0060_0061.mp4,63,16,100,1,63,True,True,0.9957376718521118,0.0037046700017526746,0.0020209635937741646,0.4595929179340601,19,16,16,16,False,
finegym,val,aN9hSsP6xTg_E_000439_000530_A_0065_0066,data/FineGym_data/videos/val/63/aN9hSsP6xTg_E_000439_000530_A_0065_0066.mp4,63,16,100,1,63,True,True,0.9902300238609314,0.003503400948829949,0.0020209635937741646,0.4555112589150667,17,16,16,16,False,
finegym,val,aN3PC4tJokk_E_001804_001903_A_0012_0013,data/FineGym_data/videos/val/63/aN3PC4tJokk_E_001804_001903_A_0012_0013.mp4,63,16,100,1,63,True,True,0.9961249232292175,0.00427727703936398,0.0020209635937741646,0.45161976700183004,25,16,16,16,False,
finegym,val,aN9hSsP6xTg_E_002211_002312_A_0079_0080,data/FineGym_data/videos/val/63/aN9hSsP6xTg_E_002211_002312_A_0079_0080.mp4,63,16,100,1,63,True,True,0.9953712821006775,0.00425608700606972,0.0020209635937741646,0.44694307795725763,24,16,16,16,False,
finegym,val,aN3PC4tJokk_E_002527_002617_A_0054_0056,data/FineGym_data/videos/val/64/aN3PC4tJokk_E_002527_002617_A_0054_0056.mp4,64,16,100,1,64,True,True,0.998781144618988,0.004223525989800692,0.0020209635937741646,0.44227602798491716,34,16,16,16,False,
finegym,val,aN9hSsP6xTg_E_001436_001527_A_0052_0053,data/FineGym_data/videos/val/64/aN9hSsP6xTg_E_001436_001527_A_0052_0053.mp4,64,16,100,1,64,True,True,0.9878703951835632,0.0038745090132579207,0.0020209635937741646,0.4376447550021112,20,16,16,16,False,
finegym,val,0LtLS9wROrk_E_002451_002529_A_0019_0021,data/FineGym_data/videos/val/64/0LtLS9wROrk_E_002451_002529_A_0019_0021.mp4,64,16,100,1,64,True,True,0.9929563999176025,0.005481734056957066,0.0020209635937741646,0.43337909900583327,37,16,16,16,False,
finegym,val,aEZbP-Yephw_E_002450_002550_A_0035_0036,data/FineGym_data/videos/val/64/aEZbP-Yephw_E_002450_002550_A_0035_0036.mp4,64,16,100,1,62,False,True,0.5624678134918213,0.005079636932350695,0.0020209635937741646,0.42709205101709813,38,16,16,16,False,
finegym,val,0LtLS9wROrk_E_005417_005494_A_0049_0050,data/FineGym_data/videos/val/64/0LtLS9wROrk_E_005417_005494_A_0049_0050.mp4,64,16,100,1,64,True,True,0.9983446598052979,0.004469529027119279,0.0020209635937741646,0.42121336003765464,29,16,16,16,False,
finegym,val,C5Yfd1IWjmM_E_006341_006431_A_0009_0010,data/FineGym_data/videos/val/64/C5Yfd1IWjmM_E_006341_006431_A_0009_0010.mp4,64,16,100,1,64,True,True,0.9958200454711914,0.004307945026084781,0.0020209635937741646,0.41623628698289394,33,16,16,16,False,
finegym,val,AZ4wWG6Rcak_E_006115_006196_A_0048_0049,data/FineGym_data/videos/val/64/AZ4wWG6Rcak_E_006115_006196_A_0048_0049.mp4,64,16,100,1,64,True,True,0.9921389222145081,0.003808144014328718,0.0020209635937741646,0.41139362601097673,23,16,16,16,False,
finegym,val,A0xAXXysHUo_E_002548_002638_A_0014_0016,data/FineGym_data/videos/val/64/A0xAXXysHUo_E_002548_002638_A_0014_0016.mp4,64,16,100,1,62,False,True,0.5289019346237183,0.005100295995362103,0.0020209635937741646,0.40709506801795214,32,16,16,16,False,
finegym,val,BLzs5opw8uM_E_002493_002590_A_0059_0061,data/FineGym_data/videos/val/64/BLzs5opw8uM_E_002493_002590_A_0059_0061.mp4,64,16,100,1,64,True,True,0.9986075758934021,0.004540192079730332,0.0020209635937741646,0.4012565939920023,41,16,16,16,False,
finegym,val,aN9hSsP6xTg_E_002533_002622_A_0009_0010,data/FineGym_data/videos/val/64/aN9hSsP6xTg_E_002533_002622_A_0009_0010.mp4,64,16,100,1,64,True,True,0.9279904961585999,0.005486372043378651,0.0020209635937741646,0.3962322110310197,23,16,16,16,False,
finegym,val,aN9hSsP6xTg_E_000439_000530_A_0077_0078,data/FineGym_data/videos/val/64/aN9hSsP6xTg_E_000439_000530_A_0077_0078.mp4,64,16,100,1,64,True,True,0.9976589679718018,0.006260198075324297,0.0020209635937741646,0.39013588207308203,34,16,16,16,False,
finegym,val,A0xAXXysHUo_E_001529_001616_A_0021_0022,data/FineGym_data/videos/val/64/A0xAXXysHUo_E_001529_001616_A_0021_0022.mp4,64,16,100,1,64,True,True,0.9791367053985596,0.005470011034049094,0.0020209635937741646,0.38321782601997256,35,16,16,16,False,
finegym,val,aEZbP-Yephw_E_001550_001632_A_0037_0039,data/FineGym_data/videos/val/64/aEZbP-Yephw_E_001550_001632_A_0037_0039.mp4,64,16,100,1,64,True,True,0.9965303540229797,0.00524238299112767,0.0020209635937741646,0.37716480798553675,27,16,16,16,False,
finegym,val,A0xAXXysHUo_E_002763_002874_A_0037_0039,data/FineGym_data/videos/val/64/A0xAXXysHUo_E_002763_002874_A_0037_0039.mp4,64,16,100,1,62,False,True,0.9361782073974609,0.005725031020119786,0.0009605819165396193,0.7862324070883915,32,16,16,16,False,
finegym,val,C5Yfd1IWjmM_E_005232_005308_A_0056_0057,data/FineGym_data/videos/val/64/C5Yfd1IWjmM_E_005232_005308_A_0056_0057.mp4,64,16,100,1,64,True,True,0.9971200227737427,0.0042257210006937385,0.0009605819165396193,0.7796286420198157,25,16,16,16,False,
finegym,val,aN3PC4tJokk_E_001804_001903_A_0035_0036,data/FineGym_data/videos/val/64/aN3PC4tJokk_E_001804_001903_A_0035_0036.mp4,64,16,100,1,64,True,True,0.9863167405128479,0.005192750017158687,0.0009605819165396193,0.774828271009028,32,16,16,16,False,
finegym,val,0LtLS9wROrk_E_003346_003423_A_0015_0016,data/FineGym_data/videos/val/64/0LtLS9wROrk_E_003346_003423_A_0015_0016.mp4,64,16,100,1,64,True,True,0.9973124265670776,0.003942638053558767,0.0009605819165396193,0.7691635730443522,36,16,16,16,False,
finegym,val,AZ4wWG6Rcak_E_006218_006294_A_0007_0008,data/FineGym_data/videos/val/64/AZ4wWG6Rcak_E_006218_006294_A_0007_0008.mp4,64,16,100,1,64,True,True,0.9977458119392395,0.003978685010224581,0.0009605819165396193,0.7647922389442101,26,16,16,16,False,
finegym,val,aEZbP-Yephw_E_003968_004062_A_0017_0018,data/FineGym_data/videos/val/64/aEZbP-Yephw_E_003968_004062_A_0017_0018.mp4,64,16,100,1,64,True,True,0.9954470992088318,0.004686537082307041,0.0009605819165396193,0.7603132630465552,30,16,16,16,False,
finegym,val,0LtLS9wROrk_E_007856_007937_A_0050_0052,data/FineGym_data/videos/val/64/0LtLS9wROrk_E_007856_007937_A_0050_0052.mp4,64,16,100,1,62,False,True,0.6619938015937805,0.004517790046520531,0.0009605819165396193,0.7552097899606451,58,16,16,16,False,
finegym,val,aEZbP-Yephw_E_002450_002550_A_0067_0069,data/FineGym_data/videos/val/65/aEZbP-Yephw_E_002450_002550_A_0067_0069.mp4,65,16,100,1,65,True,True,0.9271114468574524,0.004441867000423372,0.0009605819165396193,0.7502668210072443,40,16,16,16,False,
finegym,val,aEZbP-Yephw_E_003750_003845_A_0044_0046,data/FineGym_data/videos/val/65/aEZbP-Yephw_E_003750_003845_A_0044_0046.mp4,65,16,100,1,65,True,True,0.995654821395874,0.004809267935343087,0.0009605819165396193,0.7454196310136467,50,16,16,16,False,
finegym,val,A0xAXXysHUo_E_001953_002052_A_0032_0034,data/FineGym_data/videos/val/65/A0xAXXysHUo_E_001953_002052_A_0032_0034.mp4,65,16,100,1,65,True,True,0.97325599193573,0.004741349956020713,0.0009605819165396193,0.7401976370019838,54,16,16,16,False,
finegym,val,aEZbP-Yephw_E_002874_002957_A_0020_0021,data/FineGym_data/videos/val/65/aEZbP-Yephw_E_002874_002957_A_0020_0021.mp4,65,16,100,1,65,True,True,0.9485874176025391,0.004467946011573076,0.0009605819165396193,0.7350519560277462,33,16,16,16,False,
finegym,val,A0xAXXysHUo_E_002290_002388_A_0094_0095,data/FineGym_data/videos/val/66/A0xAXXysHUo_E_002290_002388_A_0094_0095.mp4,66,16,100,1,66,True,True,0.9990094900131226,0.003150788019411266,0.0009605819165396193,0.730176702956669,20,16,16,16,False,
finegym,val,aN9hSsP6xTg_E_002211_002312_A_0020_0021,data/FineGym_data/videos/val/66/aN9hSsP6xTg_E_002211_002312_A_0020_0021.mp4,66,16,100,1,66,True,True,0.9985345602035522,0.0037610860308632255,0.0009605819165396193,0.7266339580528438,16,16,16,16,False,
finegym,val,aN9hSsP6xTg_E_000224_000318_A_0090_0091,data/FineGym_data/videos/val/66/aN9hSsP6xTg_E_000224_000318_A_0090_0091.mp4,66,16,100,1,66,True,True,0.9980894923210144,0.004271526006050408,0.0009605819165396193,0.7224622289650142,16,16,16,16,False,
finegym,val,A0xAXXysHUo_E_002548_002638_A_0087_0087,data/FineGym_data/videos/val/66/A0xAXXysHUo_E_002548_002638_A_0087_0087.mp4,66,16,100,1,66,True,True,0.9882226586341858,0.0039310159627348185,0.0009605819165396193,0.7173537879716605,20,16,16,16,False,
finegym,val,aEZbP-Yephw_E_003121_003201_A_0077_0078,data/FineGym_data/videos/val/66/aEZbP-Yephw_E_003121_003201_A_0077_0078.mp4,66,16,100,1,66,True,True,0.9915972352027893,0.003512197989039123,0.0009605819165396193,0.712665096973069,14,14,16,16,False,
finegym,val,BLzs5opw8uM_E_001671_001766_A_0091_0091,data/FineGym_data/videos/val/66/BLzs5opw8uM_E_001671_001766_A_0091_0091.mp4,66,16,100,1,66,True,True,0.9970396161079407,0.002814123989082873,0.0009605819165396193,0.7084475720766932,16,16,16,16,False,
finegym,val,aEZbP-Yephw_E_003968_004062_A_0090_0091,data/FineGym_data/videos/val/66/aEZbP-Yephw_E_003968_004062_A_0090_0091.mp4,66,16,100,1,66,True,True,0.9957984089851379,0.0033154881093651056,0.0009605819165396193,0.7049255860038102,15,15,16,16,False,
finegym,val,A0xAXXysHUo_E_003242_003342_A_0096_0097,data/FineGym_data/videos/val/66/A0xAXXysHUo_E_003242_003342_A_0096_0097.mp4,66,16,100,1,66,True,True,0.9974026083946228,0.003140899003483355,0.0009605819165396193,0.7009280050406232,19,16,16,16,False,
finegym,val,aN9hSsP6xTg_E_002533_002622_A_0022_0023,data/FineGym_data/videos/val/66/aN9hSsP6xTg_E_002533_002622_A_0022_0023.mp4,66,16,100,1,66,True,True,0.9881733059883118,0.004023278946988285,0.0009605819165396193,0.69708495400846,19,16,16,16,False,
finegym,val,aN9hSsP6xTg_E_001436_001527_A_0089_0090,data/FineGym_data/videos/val/66/aN9hSsP6xTg_E_001436_001527_A_0089_0090.mp4,66,16,100,1,66,True,True,0.9910021424293518,0.003309696912765503,0.0009605819165396193,0.6923580310540274,15,15,16,16,False,
finegym,val,aN3PC4tJokk_E_003003_003112_A_0065_0066,data/FineGym_data/videos/val/66/aN3PC4tJokk_E_003003_003112_A_0065_0066.mp4,66,16,100,1,66,True,True,0.9913791418075562,0.003473444958217442,0.0009605819165396193,0.6883599389111623,19,16,16,16,False,
finegym,val,A0xAXXysHUo_E_002930_003025_A_0018_0019,data/FineGym_data/videos/val/66/A0xAXXysHUo_E_002930_003025_A_0018_0019.mp4,66,16,100,1,66,True,True,0.9987820982933044,0.003741038031876087,0.0009605819165396193,0.6841847540345043,23,16,16,16,False,
finegym,val,aEZbP-Yephw_E_003547_003643_A_0024_0024,data/FineGym_data/videos/val/66/aEZbP-Yephw_E_003547_003643_A_0024_0024.mp4,66,16,100,1,66,True,True,0.9925520420074463,0.003384637995623052,0.0009605819165396193,0.6797449809964746,15,15,16,16,False,
finegym,val,aN9hSsP6xTg_E_003225_003317_A_0089_0089,data/FineGym_data/videos/val/66/aN9hSsP6xTg_E_003225_003317_A_0089_0089.mp4,66,16,100,1,66,True,True,0.9985878467559814,0.0037218319484964013,0.0009605819165396193,0.6756694540381432,18,16,16,16,False,
finegym,val,AZ4wWG6Rcak_E_007413_007501_A_0085_0085,data/FineGym_data/videos/val/66/AZ4wWG6Rcak_E_007413_007501_A_0085_0085.mp4,66,16,100,1,66,True,True,0.9979436993598938,0.002995826071128249,0.0009605819165396193,0.6712658690521494,14,14,16,16,False,
finegym,val,aN3PC4tJokk_E_002527_002617_A_0029_0030,data/FineGym_data/videos/val/66/aN3PC4tJokk_E_002527_002617_A_0029_0030.mp4,66,16,100,1,66,True,True,0.9963107705116272,0.0037283849669620395,0.0009605819165396193,0.6675935689127073,18,16,16,16,False,
finegym,val,aEZbP-Yephw_E_001550_001632_A_0079_0080,data/FineGym_data/videos/val/66/aEZbP-Yephw_E_001550_001632_A_0079_0080.mp4,66,16,100,1,66,True,True,0.9973289966583252,0.0036022569984197617,0.0009605819165396193,0.6631540959933773,15,15,16,16,False,
finegym,val,aEZbP-Yephw_E_003547_003643_A_0092_0093,data/FineGym_data/videos/val/66/aEZbP-Yephw_E_003547_003643_A_0092_0093.mp4,66,16,100,1,66,True,True,0.9971024394035339,0.0031764470040798187,0.0009605819165396193,0.6588693358935416,16,16,16,16,False,
finegym,val,aN3PC4tJokk_E_003003_003112_A_0105_0105,data/FineGym_data/videos/val/66/aN3PC4tJokk_E_003003_003112_A_0105_0105.mp4,66,16,100,1,66,True,True,0.989875853061676,0.0032911120215430856,0.0009605819165396193,0.6550170769914985,19,16,16,16,False,
finegym,val,aN9hSsP6xTg_E_003225_003317_A_0028_0029,data/FineGym_data/videos/val/66/aN9hSsP6xTg_E_003225_003317_A_0028_0029.mp4,66,16,100,1,66,True,True,0.9950640797615051,0.0038082749815657735,0.0009605819165396193,0.6510304270777851,17,16,16,16,False,
finegym,val,0LtLS9wROrk_E_002451_002529_A_0022_0023,data/FineGym_data/videos/val/67/0LtLS9wROrk_E_002451_002529_A_0022_0023.mp4,67,16,100,1,67,True,True,0.9770382642745972,0.003769080969505012,0.0009605819165396193,0.6465410819509998,38,16,16,16,False,
finegym,val,0LtLS9wROrk_E_004181_004254_A_0025_0026,data/FineGym_data/videos/val/67/0LtLS9wROrk_E_004181_004254_A_0025_0026.mp4,67,16,100,1,67,True,True,0.9980859756469727,0.003582098986953497,0.0009605819165396193,0.6420302239712328,33,16,16,16,False,
finegym,val,aEZbP-Yephw_E_003121_003201_A_0076_0077,data/FineGym_data/videos/val/67/aEZbP-Yephw_E_003121_003201_A_0076_0077.mp4,67,16,100,1,67,True,True,0.9979844093322754,0.003945372067391872,0.0009605819165396193,0.6376922129420564,22,16,16,16,False,
finegym,val,0LtLS9wROrk_E_007548_007611_A_0016_0018,data/FineGym_data/videos/val/67/0LtLS9wROrk_E_007548_007611_A_0016_0018.mp4,67,16,100,1,67,True,True,0.9204393625259399,0.003990847966633737,0.0009605819165396193,0.6330243400298059,53,16,16,16,False,
finegym,val,aN3PC4tJokk_E_004944_005043_A_0021_0022,data/FineGym_data/videos/val/67/aN3PC4tJokk_E_004944_005043_A_0021_0022.mp4,67,16,100,1,67,True,True,0.9977142810821533,0.004020894994027913,0.0009605819165396193,0.6282868779962882,26,16,16,16,False,
finegym,val,aN9hSsP6xTg_E_002211_002312_A_0042_0043,data/FineGym_data/videos/val/67/aN9hSsP6xTg_E_002211_002312_A_0042_0043.mp4,67,16,100,1,67,True,True,0.9976123571395874,0.004389288020320237,0.0009605819165396193,0.6235344259766862,26,16,16,16,False,
finegym,val,aEZbP-Yephw_E_003750_003845_A_0052_0053,data/FineGym_data/videos/val/67/aEZbP-Yephw_E_003750_003845_A_0052_0053.mp4,67,16,100,1,67,True,True,0.9975245594978333,0.004086087923496962,0.0009605819165396193,0.6185307420091704,23,16,16,16,False,
finegym,val,AZ4wWG6Rcak_E_006115_006196_A_0012_0013,data/FineGym_data/videos/val/67/AZ4wWG6Rcak_E_006115_006196_A_0012_0013.mp4,67,16,100,1,67,True,True,0.9959428906440735,0.0037988880649209023,0.0009605819165396193,0.6135650600772351,22,16,16,16,False,
finegym,val,aN9hSsP6xTg_E_000824_000917_A_0025_0026,data/FineGym_data/videos/val/67/aN9hSsP6xTg_E_000824_000917_A_0025_0026.mp4,67,16,100,1,67,True,True,0.99432373046875,0.004112507915124297,0.0009605819165396193,0.6090388440061361,23,16,16,16,False,
finegym,val,0LtLS9wROrk_E_007241_007324_A_0056_0058,data/FineGym_data/videos/val/67/0LtLS9wROrk_E_007241_007324_A_0056_0058.mp4,67,16,100,1,67,True,True,0.9347622394561768,0.003957094973884523,0.0009605819165396193,0.6042174539761618,55,16,16,16,False,
finegym,val,aN9hSsP6xTg_E_001436_001527_A_0088_0089,data/FineGym_data/videos/val/67/aN9hSsP6xTg_E_001436_001527_A_0088_0089.mp4,67,16,100,1,67,True,True,0.9954303503036499,0.003852577996440232,0.0009605819165396193,0.5994895489420742,21,16,16,16,False,
finegym,val,0LtLS9wROrk_E_003663_003757_A_0027_0028,data/FineGym_data/videos/val/67/0LtLS9wROrk_E_003663_003757_A_0027_0028.mp4,67,16,100,1,67,True,True,0.9966157078742981,0.003974438062869012,0.0009605819165396193,0.5949015469523147,33,16,16,16,False,
finegym,val,aEZbP-Yephw_E_003547_003643_A_0091_0092,data/FineGym_data/videos/val/67/aEZbP-Yephw_E_003547_003643_A_0091_0092.mp4,67,16,100,1,67,True,True,0.9974019527435303,0.003925185068510473,0.0009605819165396193,0.5901968460530043,22,16,16,16,False,
finegym,val,aEZbP-Yephw_E_002450_002550_A_0038_0039,data/FineGym_data/videos/val/67/aEZbP-Yephw_E_002450_002550_A_0038_0039.mp4,67,16,100,1,67,True,True,0.9988664388656616,0.0037102900678291917,0.0009605819165396193,0.5855548019753769,24,16,16,16,False,
finegym,val,0LtLS9wROrk_E_005417_005494_A_0052_0053,data/FineGym_data/videos/val/67/0LtLS9wROrk_E_005417_005494_A_0052_0053.mp4,67,16,100,1,65,False,True,0.3957541584968567,0.004079344915226102,0.0009605819165396193,0.5810590230394155,45,16,16,16,False,
finegym,val,A0xAXXysHUo_E_002290_002388_A_0047_0048,data/FineGym_data/videos/val/67/A0xAXXysHUo_E_002290_002388_A_0047_0048.mp4,67,16,100,1,67,True,True,0.9926561117172241,0.003571589943021536,0.0009605819165396193,0.5762391049647704,25,16,16,16,False,
finegym,val,0LtLS9wROrk_E_004459_004545_A_0043_0044,data/FineGym_data/videos/val/67/0LtLS9wROrk_E_004459_004545_A_0043_0044.mp4,67,16,100,1,67,True,True,0.9958809614181519,0.0034842549357563257,0.0009605819165396193,0.5719454979989678,30,16,16,16,False,
finegym,val,0LtLS9wROrk_E_003663_003757_A_0028_0029,data/FineGym_data/videos/val/67/0LtLS9wROrk_E_003663_003757_A_0028_0029.mp4,67,16,100,1,67,True,True,0.9956320524215698,0.003556802053935826,0.0009605819165396193,0.5677183440420777,24,16,16,16,False,
finegym,val,aN3PC4tJokk_E_002527_002617_A_0028_0029,data/FineGym_data/videos/val/67/aN3PC4tJokk_E_002527_002617_A_0028_0029.mp4,67,16,100,1,67,True,True,0.995441198348999,0.004165756981819868,0.0009605819165396193,0.5634504550835118,26,16,16,16,False,
finegym,val,A0xAXXysHUo_E_002548_002638_A_0018_0019,data/FineGym_data/videos/val/67/A0xAXXysHUo_E_002548_002638_A_0018_0019.mp4,67,16,100,1,67,True,True,0.9973381161689758,0.0037943789502605796,0.0009605819165396193,0.5585463980678469,26,16,16,16,False,
finegym,val,BQhX6F3gpp8_E_005170_005259_A_0085_0086,data/FineGym_data/videos/val/68/BQhX6F3gpp8_E_005170_005259_A_0085_0086.mp4,68,16,100,1,68,True,True,0.9949230551719666,0.0028473970014601946,0.0009605819165396193,0.5540331669617444,21,16,16,16,False,
finegym,val,aN3PC4tJokk_E_004944_005043_A_0096_0096,data/FineGym_data/videos/val/68/aN3PC4tJokk_E_004944_005043_A_0096_0096.mp4,68,16,100,1,68,True,True,0.9972272515296936,0.0032536720391362906,0.0009605819165396193,0.550485381972976,19,16,16,16,False,
finegym,val,BQhX6F3gpp8_E_004301_004401_A_0095_0096,data/FineGym_data/videos/val/68/BQhX6F3gpp8_E_004301_004401_A_0095_0096.mp4,68,16,100,1,68,True,True,0.9965319633483887,0.0026186369359493256,0.0009605819165396193,0.5465199310565367,17,16,16,16,False,
finegym,val,aN9hSsP6xTg_E_000439_000530_A_0086_0087,data/FineGym_data/videos/val/68/aN9hSsP6xTg_E_000439_000530_A_0086_0087.mp4,68,16,100,1,68,True,True,0.9772764444351196,0.0032262400491163135,0.0009605819165396193,0.5432033609831706,14,14,16,16,False,
finegym,val,BQhX6F3gpp8_E_003998_004106_A_0105_0106,data/FineGym_data/videos/val/68/BQhX6F3gpp8_E_003998_004106_A_0105_0106.mp4,68,16,100,1,68,True,True,0.9972102046012878,0.002762807998806238,0.0009605819165396193,0.5392768740421161,19,16,16,16,False,
finegym,val,aEZbP-Yephw_E_003750_003845_A_0091_0092,data/FineGym_data/videos/val/68/aEZbP-Yephw_E_003750_003845_A_0091_0092.mp4,68,16,100,1,68,True,True,0.9978640675544739,0.0033842469565570354,0.0009605819165396193,0.5358101719757542,17,16,16,16,False,
finegym,val,AZ4wWG6Rcak_E_007152_007237_A_0082_0082,data/FineGym_data/videos/val/68/AZ4wWG6Rcak_E_007152_007237_A_0082_0082.mp4,68,16,100,1,68,True,True,0.9931567311286926,0.0031334360828623176,0.0009605819165396193,0.5317168510518968,17,16,16,16,False,
finegym,val,BLzs5opw8uM_E_002493_002590_A_0093_0094,data/FineGym_data/videos/val/68/BLzs5opw8uM_E_002493_002590_A_0093_0094.mp4,68,16,100,1,68,True,True,0.984512209892273,0.0027597530279308558,0.0009605819165396193,0.5278910929337144,17,16,16,16,False,
finegym,val,A0xAXXysHUo_E_001953_002052_A_0096_0097,data/FineGym_data/videos/val/68/A0xAXXysHUo_E_001953_002052_A_0096_0097.mp4,68,16,100,1,68,True,True,0.9971764087677002,0.0030550070805475116,0.0009605819165396193,0.5244307620450854,21,16,16,16,False,
finegym,val,BQhX6F3gpp8_E_004301_004401_A_0040_0041,data/FineGym_data/videos/val/68/BQhX6F3gpp8_E_004301_004401_A_0040_0041.mp4,68,16,100,1,68,True,True,0.9848765134811401,0.002709668013267219,0.0009605819165396193,0.5206818300066516,17,16,16,16,False,
finegym,val,AZ4wWG6Rcak_E_004209_004299_A_0086_0087,data/FineGym_data/videos/val/68/AZ4wWG6Rcak_E_004209_004299_A_0086_0087.mp4,68,16,100,1,68,True,True,0.994544267654419,0.0030275259632617235,0.0009605819165396193,0.5172851289389655,16,16,16,16,False,
finegym,val,A0xAXXysHUo_E_001529_001616_A_0083_0084,data/FineGym_data/videos/val/68/A0xAXXysHUo_E_001529_001616_A_0083_0084.mp4,68,16,100,1,68,True,True,0.9983685612678528,0.0030672000721096992,0.0009605819165396193,0.513560791965574,20,16,16,16,False,
finegym,val,A0xAXXysHUo_E_002930_003025_A_0091_0091,data/FineGym_data/videos/val/68/A0xAXXysHUo_E_002930_003025_A_0091_0091.mp4,68,16,100,1,68,True,True,0.9959715008735657,0.002804196090437472,0.0009605819165396193,0.5097883840790018,17,16,16,16,False,
finegym,val,aN9hSsP6xTg_E_000224_000318_A_0015_0016,data/FineGym_data/videos/val/68/aN9hSsP6xTg_E_000224_000318_A_0015_0016.mp4,68,16,100,1,68,True,True,0.9917427897453308,0.0038699209690093994,0.0009605819165396193,0.5063074249774218,17,16,16,16,False,
finegym,val,aEZbP-Yephw_E_002252_002329_A_0073_0074,data/FineGym_data/videos/val/68/aEZbP-Yephw_E_002252_002329_A_0073_0074.mp4,68,16,100,1,68,True,True,0.995859682559967,0.0035873299930244684,0.0009605819165396193,0.5016530191060156,18,16,16,16,False,
finegym,val,AZ4wWG6Rcak_E_007888_007961_A_0069_0070,data/FineGym_data/videos/val/68/AZ4wWG6Rcak_E_007888_007961_A_0069_0070.mp4,68,16,100,1,68,True,True,0.9973188042640686,0.002983012003824115,0.0009605819165396193,0.4973618049407378,16,16,16,16,False,
finegym,val,BLzs5opw8uM_E_002085_002171_A_0082_0083,data/FineGym_data/videos/val/68/BLzs5opw8uM_E_002085_002171_A_0082_0083.mp4,68,16,100,1,68,True,True,0.9945433139801025,0.0027390839532017708,0.0009605819165396193,0.4936905779177323,17,16,16,16,False,
finegym,val,aN9hSsP6xTg_E_001836_001926_A_0088_0088,data/FineGym_data/videos/val/68/aN9hSsP6xTg_E_001836_001926_A_0088_0088.mp4,68,16,100,1,68,True,True,0.9960368275642395,0.0035104650305584073,0.0009605819165396193,0.4902478710282594,16,16,16,16,False,
finegym,val,BLzs5opw8uM_E_001044_001143_A_0095_0095,data/FineGym_data/videos/val/68/BLzs5opw8uM_E_001044_001143_A_0095_0095.mp4,68,16,100,1,68,True,True,0.9889678359031677,0.0027873748913407326,0.0009605819165396193,0.4860410070978105,18,16,16,16,False,
finegym,val,AZ4wWG6Rcak_E_005608_005706_A_0095_0096,data/FineGym_data/videos/val/68/AZ4wWG6Rcak_E_005608_005706_A_0095_0096.mp4,68,16,100,1,68,True,True,0.9964495897293091,0.003670274978503585,0.0009605819165396193,0.48253811593167484,17,16,16,16,False,
finegym,val,A0xAXXysHUo_E_001529_001616_A_0084_0086,data/FineGym_data/videos/val/69/A0xAXXysHUo_E_001529_001616_A_0084_0086.mp4,69,16,100,1,69,True,True,0.6312652826309204,0.004872457007877529,0.0009605819165396193,0.4782436260720715,75,16,16,16,False,
finegym,val,AZ4wWG6Rcak_E_007413_007501_A_0086_0088,data/FineGym_data/videos/val/69/AZ4wWG6Rcak_E_007413_007501_A_0086_0088.mp4,69,16,100,1,69,True,True,0.7686198353767395,0.004802785930223763,0.0009605819165396193,0.47258648404385895,61,16,16,16,False,
finegym,val,DTedv-hhHU4_E_003113_003207_A_0090_0092,data/FineGym_data/videos/val/69/DTedv-hhHU4_E_003113_003207_A_0090_0092.mp4,69,16,100,1,69,True,True,0.9531190991401672,0.004618117935024202,0.0009605819165396193,0.4670070860302076,68,16,16,16,False,
finegym,val,e3EsDlpNo0c_E_007447_007542_A_0092_0094,data/FineGym_data/videos/val/69/e3EsDlpNo0c_E_007447_007542_A_0092_0094.mp4,69,16,100,1,69,True,True,0.5079677104949951,0.004313284996896982,0.0009605819165396193,0.46163170295767486,62,16,16,16,False,
finegym,val,aN3PC4tJokk_E_004944_005043_A_0096_0099,data/FineGym_data/videos/val/69/aN3PC4tJokk_E_004944_005043_A_0096_0099.mp4,69,16,100,1,69,True,True,0.9846087694168091,0.008405002998188138,0.0009605819165396193,0.4565323789138347,69,16,16,16,False,
finegym,val,e3EsDlpNo0c_E_006565_006650_A_0082_0085,data/FineGym_data/videos/val/69/e3EsDlpNo0c_E_006565_006650_A_0082_0085.mp4,69,16,100,1,69,True,True,0.9966831803321838,0.0049787769094109535,0.0009605819165396193,0.4473479990847409,82,16,16,16,False,
finegym,val,E3AHJ6-QS8M_E_005018_005100_A_0079_0081,data/FineGym_data/videos/val/69/E3AHJ6-QS8M_E_005018_005100_A_0079_0081.mp4,69,16,100,1,69,True,True,0.8928993344306946,0.004618720035068691,0.0009605819165396193,0.4418922549812123,45,16,16,16,False,
finegym,val,e3EsDlpNo0c_E_005030_005129_A_0095_0098,data/FineGym_data/videos/val/69/e3EsDlpNo0c_E_005030_005129_A_0095_0098.mp4,69,16,100,1,69,True,True,0.9736647605895996,0.00563187594525516,0.0009605819165396193,0.4368409210583195,90,16,16,16,False,
finegym,val,BQhX6F3gpp8_E_003642_003747_A_0102_0104,data/FineGym_data/videos/val/69/BQhX6F3gpp8_E_003642_003747_A_0102_0104.mp4,69,16,100,1,69,True,True,0.8207299709320068,0.004506038036197424,0.0009605819165396193,0.43060398707166314,50,16,16,16,False,
finegym,val,E3AHJ6-QS8M_E_005620_005701_A_0078_0080,data/FineGym_data/videos/val/69/E3AHJ6-QS8M_E_005620_005701_A_0078_0080.mp4,69,16,100,1,69,True,True,0.964878261089325,0.005035413079895079,0.0009605819165396193,0.4252891270443797,49,16,16,16,False,
finegym,val,e3EsDlpNo0c_E_007745_007837_A_0089_0091,data/FineGym_data/videos/val/69/e3EsDlpNo0c_E_007745_007837_A_0089_0091.mp4,69,16,100,1,69,True,True,0.9714751243591309,0.005024823942221701,0.0009605819165396193,0.41967472492251545,70,16,16,16,False,
finegym,val,DG7upbhB1bI_E_006918_007013_A_0093_0095,data/FineGym_data/videos/val/69/DG7upbhB1bI_E_006918_007013_A_0093_0095.mp4,69,16,100,1,69,True,True,0.9591208100318909,0.0052989700343459845,0.0009605819165396193,0.4141206149943173,71,16,16,16,False,
finegym,val,DyZ2qj6x1UE_E_003965_004064_A_0095_0097,data/FineGym_data/videos/val/69/DyZ2qj6x1UE_E_003965_004064_A_0095_0097.mp4,69,16,100,1,90,False,True,0.6720988154411316,0.005034881993196905,0.0009605819165396193,0.40829596703406423,29,16,16,16,False,
finegym,val,aEZbP-Yephw_E_003750_003845_A_0092_0095,data/FineGym_data/videos/val/69/aEZbP-Yephw_E_003750_003845_A_0092_0095.mp4,69,16,100,1,69,True,True,0.803381085395813,0.0053461979841813445,0.0009605819165396193,0.4027144860010594,71,16,16,16,False,
finegym,val,e3EsDlpNo0c_E_003189_003289_A_0097_0099,data/FineGym_data/videos/val/69/e3EsDlpNo0c_E_003189_003289_A_0097_0099.mp4,69,16,100,1,69,True,True,0.9496225118637085,0.0043724169954657555,0.0009605819165396193,0.39685828797519207,65,16,16,16,False,
finegym,val,C5Yfd1IWjmM_E_001543_001637_A_0092_0094,data/FineGym_data/videos/val/69/C5Yfd1IWjmM_E_001543_001637_A_0092_0094.mp4,69,16,100,1,69,True,True,0.9701804518699646,0.004102698992937803,0.0009605819165396193,0.39205458003561944,70,16,16,16,False,
finegym,val,DTedv-hhHU4_E_003527_003622_A_0091_0094,data/FineGym_data/videos/val/69/DTedv-hhHU4_E_003527_003622_A_0091_0094.mp4,69,16,100,1,69,True,True,0.9560022354125977,0.005960223963484168,0.0009605819165396193,0.38752184296026826,73,16,16,16,False,
finegym,val,rrrgsW--AE8_E_004493_004558_A_0063_0065,data/FineGym_data/videos/val/70/rrrgsW--AE8_E_004493_004558_A_0063_0065.mp4,70,16,100,1,70,True,True,0.9671950936317444,0.0052154220174998045,0.0009605819165396193,0.3806731170043349,45,16,16,16,False,
finegym,val,rrrgsW--AE8_E_003526_003583_A_0055_0057,data/FineGym_data/videos/val/70/rrrgsW--AE8_E_003526_003583_A_0055_0057.mp4,70,16,100,1,70,True,True,0.9947680234909058,0.00532664090860635,0.0009605819165396193,0.37464066804386675,57,16,16,16,False,
finegym,val,f6k7PBGgeb4_E_001423_001540_A_0113_0116,data/FineGym_data/videos/val/70/f6k7PBGgeb4_E_001423_001540_A_0113_0116.mp4,70,16,100,1,71,False,False,0.5478402972221375,0.005162453046068549,0.0009605819165396193,0.3685975590487942,87,16,16,16,False,
finegym,val,rrrgsW--AE8_E_003333_003412_A_0076_0077,data/FineGym_data/videos/val/70/rrrgsW--AE8_E_003333_003412_A_0076_0077.mp4,70,16,100,1,70,True,True,0.9944181442260742,0.00501484505366534,0.0009605819165396193,0.3626448289724067,56,16,16,16,False,
finegym,val,rrrgsW--AE8_E_001903_001961_A_0055_0057,data/FineGym_data/videos/val/70/rrrgsW--AE8_E_001903_001961_A_0055_0057.mp4,70,16,100,1,70,True,True,0.9905808568000793,0.006155010079964995,0.0009605819165396193,0.3567546580452472,83,16,16,16,False,
finegym,val,rrrgsW--AE8_E_000683_000732_A_0046_0048,data/FineGym_data/videos/val/70/rrrgsW--AE8_E_000683_000732_A_0046_0048.mp4,70,16,100,1,70,True,True,0.9877557754516602,0.005220452090725303,0.0009605819165396193,0.34990708506666124,80,16,16,16,False,
finegym,val,rrrgsW--AE8_E_000510_000574_A_0060_0063,data/FineGym_data/videos/val/70/rrrgsW--AE8_E_000510_000574_A_0060_0063.mp4,70,16,100,1,70,True,True,0.9932084679603577,0.005306644015945494,0.0009605819165396193,0.34388564503751695,71,16,16,16,False,
finegym,val,rrrgsW--AE8_E_004616_004689_A_0070_0073,data/FineGym_data/videos/val/70/rrrgsW--AE8_E_004616_004689_A_0070_0073.mp4,70,16,100,1,70,True,True,0.9685651063919067,0.005379611975513399,0.0009605819165396193,0.33778457692824304,83,16,16,16,False,
finegym,val,rrrgsW--AE8_E_001766_001835_A_0065_0068,data/FineGym_data/videos/val/70/rrrgsW--AE8_E_001766_001835_A_0065_0068.mp4,70,16,100,1,70,True,True,0.9851363897323608,0.006310772965662181,0.0010299178951148253,0.7477341559715569,66,16,16,16,False,
finegym,val,rrrgsW--AE8_E_003222_003283_A_0057_0060,data/FineGym_data/videos/val/70/rrrgsW--AE8_E_003222_003283_A_0057_0060.mp4,70,16,100,1,70,True,True,0.9927774667739868,0.006005608942359686,0.0010299178951148253,0.740504172979854,87,16,16,16,False,
finegym,val,rrrgsW--AE8_E_000805_000856_A_0048_0050,data/FineGym_data/videos/val/70/rrrgsW--AE8_E_000805_000856_A_0048_0050.mp4,70,16,100,1,70,True,True,0.9716770052909851,0.005525175016373396,0.0010299178951148253,0.7336827489780262,68,16,16,16,False,
finegym,val,rrrgsW--AE8_E_002019_002090_A_0069_0071,data/FineGym_data/videos/val/70/rrrgsW--AE8_E_002019_002090_A_0069_0071.mp4,70,16,100,1,70,True,True,0.9965552091598511,0.005429044947959483,0.0010299178951148253,0.7273441239958629,74,16,16,16,False,
finegym,val,BQhX6F3gpp8_E_003998_004106_A_0106_0108,data/FineGym_data/videos/val/71/BQhX6F3gpp8_E_003998_004106_A_0106_0108.mp4,71,16,100,1,71,True,True,0.9647616147994995,0.004065688932314515,0.0010299178951148253,0.7211475259391591,62,16,16,16,False,
finegym,val,CUuRl0Bwbbc_E_001393_001492_A_0096_0099,data/FineGym_data/videos/val/71/CUuRl0Bwbbc_E_001393_001492_A_0096_0099.mp4,71,16,100,1,71,True,True,0.989843487739563,0.004791865008883178,0.0010299178951148253,0.7163200330687687,78,16,16,16,False,
finegym,val,BQhX6F3gpp8_E_004301_004401_A_0096_0100,data/FineGym_data/videos/val/71/BQhX6F3gpp8_E_004301_004401_A_0096_0100.mp4,71,16,100,1,71,True,True,0.6630271673202515,0.007397277979180217,0.0010299178951148253,0.7107560950098559,122,16,16,16,False,
finegym,val,aN9hSsP6xTg_E_000224_000318_A_0091_0094,data/FineGym_data/videos/val/71/aN9hSsP6xTg_E_000224_000318_A_0091_0094.mp4,71,16,100,1,71,True,True,0.9991534948348999,0.006475293077528477,0.0010299178951148253,0.702740625012666,71,16,16,16,False,
finegym,val,A0xAXXysHUo_E_002290_002388_A_0095_0097,data/FineGym_data/videos/val/71/A0xAXXysHUo_E_002290_002388_A_0095_0097.mp4,71,16,100,1,71,True,True,0.4840172231197357,0.004938872065395117,0.0010299178951148253,0.6958224480040371,78,16,16,16,False,
finegym,val,C5Yfd1IWjmM_E_005232_005308_A_0073_0075,data/FineGym_data/videos/val/71/C5Yfd1IWjmM_E_005232_005308_A_0073_0075.mp4,71,16,100,1,71,True,True,0.9838293194770813,0.004747340921312571,0.0010299178951148253,0.6904645089525729,66,16,16,16,False,
finegym,val,aEZbP-Yephw_E_002450_002550_A_0097_0100,data/FineGym_data/videos/val/71/aEZbP-Yephw_E_002450_002550_A_0097_0100.mp4,71,16,100,1,71,True,True,0.9972718358039856,0.004594014026224613,0.0010299178951148253,0.6853076659608632,50,16,16,16,False,
finegym,val,aEZbP-Yephw_E_003547_003643_A_0093_0095,data/FineGym_data/videos/val/71/aEZbP-Yephw_E_003547_003643_A_0093_0095.mp4,71,16,100,1,71,True,True,0.9986648559570312,0.004631994990631938,0.0010299178951148253,0.6802818110445514,51,16,16,16,False,
finegym,val,C5Yfd1IWjmM_E_006341_006431_A_0087_0089,data/FineGym_data/videos/val/71/C5Yfd1IWjmM_E_006341_006431_A_0087_0089.mp4,71,16,100,1,71,True,True,0.8492670655250549,0.004466824000701308,0.0010299178951148253,0.6752396239899099,72,16,16,16,False,
finegym,val,aN9hSsP6xTg_E_002211_002312_A_0097_0100,data/FineGym_data/videos/val/71/aN9hSsP6xTg_E_002211_002312_A_0097_0100.mp4,71,16,100,1,71,True,True,0.9775580167770386,0.005896674003452063,0.0010299178951148253,0.670341879944317,66,16,16,16,False,
finegym,val,A0xAXXysHUo_E_002548_002638_A_0087_0090,data/FineGym_data/videos/val/71/A0xAXXysHUo_E_002548_002638_A_0087_0090.mp4,71,16,100,1,71,True,True,0.5742406845092773,0.004919465980492532,0.0010299178951148253,0.6640432289568707,70,16,16,16,False,
finegym,val,BLzs5opw8uM_E_000826_000920_A_0091_0093,data/FineGym_data/videos/val/71/BLzs5opw8uM_E_000826_000920_A_0091_0093.mp4,71,16,100,1,71,True,True,0.9973334074020386,0.004808165947906673,0.0010299178951148253,0.6587031120434403,76,16,16,16,False,
finegym,val,BLzs5opw8uM_E_001671_001766_A_0091_0094,data/FineGym_data/videos/val/71/BLzs5opw8uM_E_001671_001766_A_0091_0094.mp4,71,16,100,1,71,True,True,0.9996476173400879,0.004894769052043557,0.0010299178951148253,0.6533327890792862,85,16,16,16,False,
finegym,val,A0xAXXysHUo_E_003242_003342_A_0097_0100,data/FineGym_data/videos/val/71/A0xAXXysHUo_E_003242_003342_A_0097_0100.mp4,71,16,100,1,71,True,True,0.9926361441612244,0.0056091019650921226,0.0010299178951148253,0.6479076420655474,77,16,16,16,False,
finegym,val,aEZbP-Yephw_E_000380_000467_A_0084_0087,data/FineGym_data/videos/val/71/aEZbP-Yephw_E_000380_000467_A_0084_0087.mp4,71,16,100,1,71,True,True,0.9936102032661438,0.005064287921413779,0.0010299178951148253,0.6415132209658623,60,16,16,16,False,
finegym,val,aN9hSsP6xTg_E_000439_000530_A_0087_0089,data/FineGym_data/videos/val/71/aN9hSsP6xTg_E_000439_000530_A_0087_0089.mp4,71,16,100,1,71,True,True,0.9985892176628113,0.005072894040495157,0.0010299178951148253,0.635852441075258,49,16,16,16,False,
finegym,val,AZ4wWG6Rcak_E_004073_004175_A_0099_0102,data/FineGym_data/videos/val/71/AZ4wWG6Rcak_E_004073_004175_A_0099_0102.mp4,71,16,100,1,71,True,True,0.9955452680587769,0.004611486103385687,0.0010299178951148253,0.6303565009729937,52,16,16,16,False,
finegym,val,aN9hSsP6xTg_E_002931_003029_A_0095_0097,data/FineGym_data/videos/val/71/aN9hSsP6xTg_E_002931_003029_A_0095_0097.mp4,71,16,100,1,69,False,True,0.5215409994125366,0.004479006980545819,0.0010299178951148253,0.6253264469560236,37,16,16,16,False,
finegym,val,aN9hSsP6xTg_E_001436_001527_A_0090_0091,data/FineGym_data/videos/val/71/aN9hSsP6xTg_E_001436_001527_A_0090_0091.mp4,71,16,100,1,71,True,True,0.9887017011642456,0.004320207983255386,0.0010299178951148253,0.6204369480255991,38,16,16,16,False,
finegym,val,aEZbP-Yephw_E_003968_004062_A_0091_0093,data/FineGym_data/videos/val/71/aEZbP-Yephw_E_003968_004062_A_0091_0093.mp4,71,16,100,1,71,True,True,0.9988113641738892,0.0045774419559165835,0.0010299178951148253,0.6157006069552153,45,16,16,16,False,
finegym,val,0LtLS9wROrk_E_002756_002828_A_0070_0072,data/FineGym_data/videos/val/72/0LtLS9wROrk_E_002756_002828_A_0070_0072.mp4,72,16,100,1,72,True,True,0.46532636880874634,0.004864361952058971,0.0010299178951148253,0.6107173319905996,64,16,16,16,False,
finegym,val,aN9hSsP6xTg_E_001836_001926_A_0088_0090,data/FineGym_data/videos/val/72/aN9hSsP6xTg_E_001836_001926_A_0088_0090.mp4,72,16,100,1,72,True,True,0.8430027961730957,0.0046556489542126656,0.0010299178951148253,0.6054392110090703,40,16,16,16,False,
finegym,val,aN9hSsP6xTg_E_003225_003317_A_0089_0092,data/FineGym_data/videos/val/72/aN9hSsP6xTg_E_003225_003317_A_0089_0092.mp4,72,16,100,1,71,False,True,0.33164486289024353,0.005695185041986406,0.0010299178951148253,0.6003766570938751,61,16,16,16,False,
finegym,val,A0xAXXysHUo_E_001953_002052_A_0097_0099,data/FineGym_data/videos/val/73/A0xAXXysHUo_E_001953_002052_A_0097_0099.mp4,73,16,100,1,73,True,True,0.9438574910163879,0.004560380009934306,0.0010299178951148253,0.5942603390431032,65,16,16,16,False,
finegym,val,aEZbP-Yephw_E_000540_000626_A_0082_0085,data/FineGym_data/videos/val/73/aEZbP-Yephw_E_000540_000626_A_0082_0085.mp4,73,16,100,1,71,False,True,0.526140034198761,0.005527910077944398,0.0010299178951148253,0.5892624169355258,80,16,16,16,False,
finegym,val,aEZbP-Yephw_E_002252_002329_A_0074_0077,data/FineGym_data/videos/val/73/aEZbP-Yephw_E_002252_002329_A_0074_0077.mp4,73,16,100,1,73,True,True,0.9917861819267273,0.004852829966694117,0.0010299178951148253,0.5833069720538333,65,16,16,16,False,
finegym,val,0LtLS9wROrk_E_006254_006273_A_0013_0016,data/FineGym_data/videos/val/74/0LtLS9wROrk_E_006254_006273_A_0013_0016.mp4,74,16,100,1,74,True,True,0.9831899404525757,0.0050328189972788095,0.0010299178951148253,0.5780312360730022,96,16,16,16,False,
finegym,val,AZ4wWG6Rcak_E_003790_003828_A_0003_0005,data/FineGym_data/videos/val/74/AZ4wWG6Rcak_E_003790_003828_A_0003_0005.mp4,74,16,100,1,74,True,True,0.9971080422401428,0.004625974106602371,0.0010299178951148253,0.5725623170146719,57,16,16,16,False,
finegym,val,aN9hSsP6xTg_E_000178_000216_A_0003_0006,data/FineGym_data/videos/val/74/aN9hSsP6xTg_E_000178_000216_A_0003_0006.mp4,74,16,100,1,74,True,True,0.8775251507759094,0.007292038993909955,0.0010299178951148253,0.5675068150740117,80,16,16,16,False,
finegym,val,C5Yfd1IWjmM_E_004167_004203_A_0003_0005,data/FineGym_data/videos/val/74/C5Yfd1IWjmM_E_004167_004203_A_0003_0005.mp4,74,16,100,1,74,True,True,0.6182488203048706,0.004951475071720779,0.0010299178951148253,0.5597932729870081,73,16,16,16,False,
finegym,val,DG7upbhB1bI_E_002345_002379_A_0021_0024,data/FineGym_data/videos/val/74/DG7upbhB1bI_E_002345_002379_A_0021_0024.mp4,74,16,100,1,74,True,True,0.9978121519088745,0.006135292001999915,0.0010299178951148253,0.5544218569993973,89,16,16,16,False,
finegym,val,e3EsDlpNo0c_E_002675_002710_A_0011_0013,data/FineGym_data/videos/val/74/e3EsDlpNo0c_E_002675_002710_A_0011_0013.mp4,74,16,100,1,74,True,True,0.84616619348526,0.005643908982165158,0.0010299178951148253,0.5477355370530859,79,16,16,16,False,
finegym,val,aN9hSsP6xTg_E_000777_000817_A_0006_0008,data/FineGym_data/videos/val/74/aN9hSsP6xTg_E_000777_000817_A_0006_0008.mp4,74,16,100,1,74,True,True,0.9399454593658447,0.00550202198792249,0.0010299178951148253,0.5416875790106133,52,16,16,16,False,
finegym,val,E3AHJ6-QS8M_E_003830_003864_A_0018_0020,data/FineGym_data/videos/val/74/E3AHJ6-QS8M_E_003830_003864_A_0018_0020.mp4,74,16,100,1,74,True,True,0.9963790774345398,0.005562004051171243,0.0010299178951148253,0.5357704269699752,56,16,16,16,False,
finegym,val,cWztehyIFkg_E_005378_005413_A_0028_0031,data/FineGym_data/videos/val/74/cWztehyIFkg_E_005378_005413_A_0028_0031.mp4,74,16,100,1,74,True,True,0.9987807869911194,0.004675475996918976,0.0010299178951148253,0.5297978500602767,59,16,16,16,False,
finegym,val,C5Yfd1IWjmM_E_003905_003940_A_0010_0013,data/FineGym_data/videos/val/74/C5Yfd1IWjmM_E_003905_003940_A_0010_0013.mp4,74,16,100,1,74,True,True,0.9891014695167542,0.005462276982143521,0.0010299178951148253,0.5247104880400002,76,16,16,16,False,
finegym,val,e3EsDlpNo0c_E_005512_005550_A_0005_0008,data/FineGym_data/videos/val/74/e3EsDlpNo0c_E_005512_005550_A_0005_0008.mp4,74,16,100,1,74,True,True,0.9963743090629578,0.005147345014847815,0.0010299178951148253,0.5185644250595942,69,16,16,16,False,
finegym,val,A0xAXXysHUo_E_001463_001500_A_0003_0005,data/FineGym_data/videos/val/74/A0xAXXysHUo_E_001463_001500_A_0003_0005.mp4,74,16,100,1,74,True,True,0.8212849497795105,0.004570910008624196,0.0010299178951148253,0.5129982029320672,65,16,16,16,False,
finegym,val,aN9hSsP6xTg_E_000684_000719_A_0010_0012,data/FineGym_data/videos/val/74/aN9hSsP6xTg_E_000684_000719_A_0010_0012.mp4,74,16,100,1,74,True,True,0.9403566718101501,0.005621635937131941,0.0010299178951148253,0.5080234529450536,63,16,16,16,False,
finegym,val,aN3PC4tJokk_E_000137_000175_A_0010_0013,data/FineGym_data/videos/val/74/aN3PC4tJokk_E_000137_000175_A_0010_0013.mp4,74,16,100,1,74,True,True,0.9930925369262695,0.004995999974198639,0.0010299178951148253,0.5019305199384689,72,16,16,16,False,
finegym,val,AZ4wWG6Rcak_E_005197_005262_A_0003_0005,data/FineGym_data/videos/val/74/AZ4wWG6Rcak_E_005197_005262_A_0003_0005.mp4,74,16,100,1,74,True,True,0.8960411548614502,0.005705705028958619,0.0010299178951148253,0.49649403197690845,63,16,16,16,False,
finegym,val,CUuRl0Bwbbc_E_000640_000678_A_0031_0034,data/FineGym_data/videos/val/74/CUuRl0Bwbbc_E_000640_000678_A_0031_0034.mp4,74,16,100,1,74,True,True,0.990208625793457,0.006116376956924796,0.0010299178951148253,0.49006232200190425,72,16,16,16,False,
finegym,val,AZ4wWG6Rcak_E_003963_003992_A_0007_0010,data/FineGym_data/videos/val/74/AZ4wWG6Rcak_E_003963_003992_A_0007_0010.mp4,74,16,100,1,74,True,True,0.9929447770118713,0.00520775793120265,0.0010299178951148253,0.483355944044888,66,16,16,16,False,
finegym,val,A0xAXXysHUo_E_001875_001911_A_0020_0023,data/FineGym_data/videos/val/74/A0xAXXysHUo_E_001875_001911_A_0020_0023.mp4,74,16,100,1,74,True,True,0.9420395493507385,0.005105164949782193,0.0010299178951148253,0.47771265695337206,82,16,16,16,False,
finegym,val,cWztehyIFkg_E_004517_004557_A_0033_0035,data/FineGym_data/videos/val/74/cWztehyIFkg_E_004517_004557_A_0033_0035.mp4,74,16,100,1,74,True,True,0.9716046452522278,0.005336660076864064,0.0010299178951148253,0.47215579194016755,60,16,16,16,False,
finegym,val,aEZbP-Yephw_E_001318_001359_A_0034_0037,data/FineGym_data/videos/val/74/aEZbP-Yephw_E_001318_001359_A_0034_0037.mp4,74,16,100,1,74,True,True,0.964834988117218,0.006155811017379165,0.0010299178951148253,0.46633864799514413,62,16,16,16,False,
finegym,val,0LtLS9wROrk_E_006849_006876_A_0003_0005,data/FineGym_data/videos/val/75/0LtLS9wROrk_E_006849_006876_A_0003_0005.mp4,75,16,100,1,75,True,True,0.9930618405342102,0.004596026963554323,0.0010299178951148253,0.4597353140125051,57,16,16,16,False,
finegym,val,DG7upbhB1bI_E_002345_002379_A_0005_0007,data/FineGym_data/videos/val/75/DG7upbhB1bI_E_002345_002379_A_0005_0007.mp4,75,16,100,1,75,True,True,0.9228807091712952,0.005492143100127578,0.0010299178951148253,0.45416493399534374,61,16,16,16,False,
finegym,val,cWztehyIFkg_E_004940_004981_A_0029_0031,data/FineGym_data/videos/val/75/cWztehyIFkg_E_004940_004981_A_0029_0031.mp4,75,16,100,1,76,False,True,0.6130064129829407,0.0049066710053011775,0.0010299178951148253,0.44779684394598007,49,16,16,16,False,
finegym,val,A0xAXXysHUo_E_000789_000829_A_0018_0020,data/FineGym_data/videos/val/75/A0xAXXysHUo_E_000789_000829_A_0018_0020.mp4,75,16,100,1,83,False,False,0.30643168091773987,0.0037041789619252086,0.0010299178951148253,0.4420958779519424,29,16,16,16,False,
finegym,val,aN9hSsP6xTg_E_000777_000817_A_0025_0029,data/FineGym_data/videos/val/75/aN9hSsP6xTg_E_000777_000817_A_0025_0029.mp4,75,16,100,1,75,True,True,0.9894793629646301,0.007487447001039982,0.0010299178951148253,0.43766349798534065,92,16,16,16,False,
finegym,val,e3EsDlpNo0c_E_005512_005550_A_0022_0024,data/FineGym_data/videos/val/75/e3EsDlpNo0c_E_005512_005550_A_0022_0024.mp4,75,16,100,1,75,True,True,0.9868491888046265,0.005735761020332575,0.0010299178951148253,0.42958350700791925,71,16,16,16,False,
finegym,val,CUuRl0Bwbbc_E_000425_000486_A_0053_0056,data/FineGym_data/videos/val/75/CUuRl0Bwbbc_E_000425_000486_A_0053_0056.mp4,75,16,100,1,75,True,True,0.5575225949287415,0.00492857291828841,0.0010299178951148253,0.42342518107034266,89,16,16,16,False,
finegym,val,dqUNtY2GwW4_E_005804_005845_A_0016_0018,data/FineGym_data/videos/val/75/dqUNtY2GwW4_E_005804_005845_A_0016_0018.mp4,75,16,100,1,75,True,True,0.9909030795097351,0.005553627968765795,0.0010299178951148253,0.41802787606138736,54,16,16,16,False,
finegym,val,e3EsDlpNo0c_E_004808_004838_A_0018_0021,data/FineGym_data/videos/val/75/e3EsDlpNo0c_E_004808_004838_A_0018_0021.mp4,75,16,100,1,75,True,True,0.9407461285591125,0.005294039961881936,0.0010299178951148253,0.4120609799865633,74,16,16,16,False,
finegym,val,e3EsDlpNo0c_E_005904_005938_A_0021_0023,data/FineGym_data/videos/val/75/e3EsDlpNo0c_E_005904_005938_A_0021_0023.mp4,75,16,100,1,75,True,True,0.9957178235054016,0.00515275401994586,0.0010299178951148253,0.4063440850004554,66,16,16,16,False,
finegym,val,AZ4wWG6Rcak_E_004423_004476_A_0019_0022,data/FineGym_data/videos/val/75/AZ4wWG6Rcak_E_004423_004476_A_0019_0022.mp4,75,16,100,1,75,True,True,0.9977685213088989,0.005111096077598631,0.0010299178951148253,0.4007869289489463,69,16,16,16,False,
finegym,val,aN9hSsP6xTg_E_003184_003220_A_0015_0017,data/FineGym_data/videos/val/75/aN9hSsP6xTg_E_003184_003220_A_0015_0017.mp4,75,16,100,1,85,False,True,0.5304052829742432,0.00552461389452219,0.0010299178951148253,0.39525706495624036,50,16,16,16,False,
finegym,val,e3EsDlpNo0c_E_006779_006810_A_0003_0005,data/FineGym_data/videos/val/75/e3EsDlpNo0c_E_006779_006810_A_0003_0005.mp4,75,16,100,1,75,True,True,0.9476543664932251,0.005052456050179899,0.0010299178951148253,0.3893069000914693,66,16,16,16,False,
finegym,val,DG7upbhB1bI_E_001168_001204_A_0025_0027,data/FineGym_data/videos/val/75/DG7upbhB1bI_E_001168_001204_A_0025_0027.mp4,75,16,100,1,75,True,True,0.5132214426994324,0.004791836021468043,0.0010299178951148253,0.3838582190219313,63,16,16,16,False,
finegym,val,dqUNtY2GwW4_E_005633_005671_A_0010_0012,data/FineGym_data/videos/val/75/dqUNtY2GwW4_E_005633_005671_A_0010_0012.mp4,75,16,100,1,76,False,True,0.5255978107452393,0.0050847859820351005,0.0010299178951148253,0.3786393809132278,58,16,16,16,False,
finegym,val,aN9hSsP6xTg_E_000178_000216_A_0025_0028,data/FineGym_data/videos/val/75/aN9hSsP6xTg_E_000178_000216_A_0025_0028.mp4,75,16,100,1,78,False,True,0.7252463102340698,0.005991782993078232,0.0010299178951148253,0.37312740995548666,59,16,16,16,False,
finegym,val,cWztehyIFkg_E_004084_004142_A_0034_0037,data/FineGym_data/videos/val/75/cWztehyIFkg_E_004084_004142_A_0034_0037.mp4,75,16,100,1,75,True,True,0.9927800297737122,0.004879019106738269,0.0010299178951148253,0.36663617799058557,59,16,16,16,False,
finegym,val,e3EsDlpNo0c_E_004531_004561_A_0016_0019,data/FineGym_data/videos/val/75/e3EsDlpNo0c_E_004531_004561_A_0016_0019.mp4,75,16,100,1,75,True,True,0.9854302406311035,0.005734879989176989,0.0010299178951148253,0.36135237698908895,64,16,16,16,False,
finegym,val,E3AHJ6-QS8M_E_001641_001687_A_0021_0023,data/FineGym_data/videos/val/75/E3AHJ6-QS8M_E_001641_001687_A_0021_0023.mp4,75,16,100,1,86,False,True,0.6952717304229736,0.006365585955791175,0.0010299178951148253,0.3548973819706589,51,16,16,16,False,
finegym,val,CUuRl0Bwbbc_E_000425_000486_A_0050_0053,data/FineGym_data/videos/val/76/CUuRl0Bwbbc_E_000425_000486_A_0050_0053.mp4,76,16,100,1,76,True,True,0.9464742541313171,0.004607437993399799,0.0010299178951148253,0.3481160739902407,73,16,16,16,False,
finegym,val,aN9hSsP6xTg_E_002376_002416_A_0015_0018,data/FineGym_data/videos/val/76/aN9hSsP6xTg_E_002376_002416_A_0015_0018.mp4,76,16,100,1,76,True,True,0.9686981439590454,0.006115294992923737,0.0010299178951148253,0.3429888280807063,69,16,16,16,False,
finegym,val,aN9hSsP6xTg_E_000731_000766_A_0023_0024,data/FineGym_data/videos/val/76/aN9hSsP6xTg_E_000731_000766_A_0023_0024.mp4,76,16,100,1,83,False,True,0.9557655453681946,0.004556393017992377,0.0010299178951148253,0.336440367042087,35,16,16,16,False,
finegym,val,E3AHJ6-QS8M_E_003830_003864_A_0003_0004,data/FineGym_data/videos/val/76/E3AHJ6-QS8M_E_003830_003864_A_0003_0004.mp4,76,16,100,1,76,True,True,0.9832935333251953,0.004938692087307572,0.0010299178951148253,0.33147916302550584,41,16,16,16,False,
finegym,val,DyZ2qj6x1UE_E_002396_002438_A_0019_0020,data/FineGym_data/videos/val/76/DyZ2qj6x1UE_E_002396_002438_A_0019_0020.mp4,76,16,100,1,76,True,True,0.9480145573616028,0.004821580951102078,0.0010299178951148253,0.32587737403810024,36,16,16,16,False,
finegym,val,DG7upbhB1bI_E_004686_004725_A_0015_0017,data/FineGym_data/videos/val/76/DG7upbhB1bI_E_004686_004725_A_0015_0017.mp4,76,16,100,1,76,True,True,0.897082507610321,0.004463298013433814,0.0010299178951148253,0.3206535460194573,51,16,16,16,False,
finegym,val,dqUNtY2GwW4_E_005633_005671_A_0031_0033,data/FineGym_data/videos/val/76/dqUNtY2GwW4_E_005633_005671_A_0031_0033.mp4,76,16,100,1,76,True,True,0.9947919249534607,0.005365154007449746,0.0010299178951148253,0.3157829729607329,52,16,16,16,False,
finegym,val,E3AHJ6-QS8M_E_001641_001687_A_0005_0007,data/FineGym_data/videos/val/76/E3AHJ6-QS8M_E_001641_001687_A_0005_0007.mp4,76,16,100,1,86,False,True,0.6896445751190186,0.005227325018495321,0.0010299178951148253,0.31000850803684443,39,16,16,16,False,
finegym,val,A0xAXXysHUo_E_000600_000641_A_0011_0012,data/FineGym_data/videos/val/76/A0xAXXysHUo_E_000600_000641_A_0011_0012.mp4,76,16,100,1,76,True,True,0.9855141639709473,0.004835797939449549,0.0010299178951148253,0.3043742289301008,51,16,16,16,False,
finegym,val,0LtLS9wROrk_E_004139_004167_A_0003_0005,data/FineGym_data/videos/val/76/0LtLS9wROrk_E_004139_004167_A_0003_0005.mp4,76,16,100,1,76,True,True,0.9986097812652588,0.004341077990829945,0.0010299178951148253,0.2991317849373445,65,16,16,16,False,
finegym,val,AZ4wWG6Rcak_E_004423_004476_A_0009_0010,data/FineGym_data/videos/val/76/AZ4wWG6Rcak_E_004423_004476_A_0009_0010.mp4,76,16,100,1,76,True,True,0.9880735278129578,0.004523130017332733,0.0010299178951148253,0.2943540560081601,42,16,16,16,False,
finegym,val,CUuRl0Bwbbc_E_000640_000678_A_0006_0007,data/FineGym_data/videos/val/76/CUuRl0Bwbbc_E_000640_000678_A_0006_0007.mp4,76,16,100,1,76,True,True,0.9957335591316223,0.004538267967291176,0.0010299178951148253,0.2894196619745344,38,16,16,16,False,
finegym,val,e3EsDlpNo0c_E_002675_002710_A_0005_0006,data/FineGym_data/videos/val/76/e3EsDlpNo0c_E_002675_002710_A_0005_0006.mp4,76,16,100,1,76,True,True,0.8645139336585999,0.0048514880472794175,0.0010299178951148253,0.28447214397601783,42,16,16,16,False,
finegym,val,cWztehyIFkg_E_005378_005413_A_0023_0025,data/FineGym_data/videos/val/76/cWztehyIFkg_E_005378_005413_A_0023_0025.mp4,76,16,100,1,76,True,True,0.9965916872024536,0.004347859998233616,0.0010299178951148253,0.27920218894723803,37,16,16,16,False,
finegym,val,cWztehyIFkg_E_003879_003921_A_0005_0007,data/FineGym_data/videos/val/76/cWztehyIFkg_E_003879_003921_A_0005_0007.mp4,76,16,100,1,76,True,True,0.9862421751022339,0.004601537017151713,0.0010299178951148253,0.27444207400549203,41,16,16,16,False,
finegym,val,0LtLS9wROrk_E_006849_006876_A_0010_0012,data/FineGym_data/videos/val/76/0LtLS9wROrk_E_006849_006876_A_0010_0012.mp4,76,16,100,1,76,True,True,0.997294008731842,0.003783458028919995,0.0010299178951148253,0.26943697698879987,53,16,16,16,False,
finegym,val,cWztehyIFkg_E_004084_004142_A_0029_0031,data/FineGym_data/videos/val/76/cWztehyIFkg_E_004084_004142_A_0029_0031.mp4,76,16,100,1,76,True,True,0.750419557094574,0.004680925980210304,0.0010299178951148253,0.2652384180109948,42,16,16,16,False,
finegym,val,DG7upbhB1bI_E_000790_000825_A_0003_0005,data/FineGym_data/videos/val/76/DG7upbhB1bI_E_000790_000825_A_0003_0005.mp4,76,16,100,1,76,True,True,0.7553530335426331,0.004499605041928589,0.0010299178951148253,0.2601543130585924,57,16,16,16,False,
finegym,val,A0xAXXysHUo_E_001463_001500_A_0008_0010,data/FineGym_data/videos/val/76/A0xAXXysHUo_E_001463_001500_A_0008_0010.mp4,76,16,100,1,76,True,True,0.9217513203620911,0.005031215958297253,0.0010299178951148253,0.255241930950433,42,16,16,16,False,
finegym,val,C5Yfd1IWjmM_E_004167_004203_A_0005_0007,data/FineGym_data/videos/val/76/C5Yfd1IWjmM_E_004167_004203_A_0005_0007.mp4,76,16,100,1,76,True,True,0.9966902732849121,0.0044599410612136126,0.0010299178951148253,0.24942822207231075,44,16,16,16,False,
finegym,val,0LtLS9wROrk_E_002710_002737_A_0003_0006,data/FineGym_data/videos/val/77/0LtLS9wROrk_E_002710_002737_A_0003_0006.mp4,77,16,100,1,77,True,True,0.9989056587219238,0.006549281999468803,0.0010299178951148253,0.2441803989931941,84,16,16,16,False,
finegym,val,0LtLS9wROrk_E_002710_002737_A_0020_0023,data/FineGym_data/videos/val/77/0LtLS9wROrk_E_002710_002737_A_0020_0023.mp4,77,16,100,1,77,True,True,0.9994702935218811,0.005636404966935515,0.0010299178951148253,0.2367831019219011,89,16,16,16,False,
finegym,val,A0xAXXysHUo_E_002184_002237_A_0044_0047,data/FineGym_data/videos/val/77/A0xAXXysHUo_E_002184_002237_A_0044_0047.mp4,77,16,100,1,77,True,True,0.9993076324462891,0.0053232049103826284,0.0010299178951148253,0.23034959798678756,83,16,16,16,False,
finegym,val,0LtLS9wROrk_E_003303_003330_A_0020_0023,data/FineGym_data/videos/val/77/0LtLS9wROrk_E_003303_003330_A_0020_0023.mp4,77,16,100,1,77,True,True,0.9989815354347229,0.004868199001066387,0.0010299178951148253,0.22421307198237628,86,16,16,16,False,
finegym,val,0LtLS9wROrk_E_007797_007843_A_0039_0042,data/FineGym_data/videos/val/77/0LtLS9wROrk_E_007797_007843_A_0039_0042.mp4,77,16,100,1,77,True,True,0.9998422861099243,0.004684293060563505,0.0010299178951148253,0.2185327960178256,79,16,16,16,False,
finegym,val,0LtLS9wROrk_E_004139_004167_A_0021_0024,data/FineGym_data/videos/val/77/0LtLS9wROrk_E_004139_004167_A_0021_0024.mp4,77,16,100,1,77,True,True,0.9999454021453857,0.004834354971535504,0.0010299178951148253,0.2130628249142319,81,16,16,16,False,
finegym,val,aN9hSsP6xTg_E_002376_002416_A_0029_0031,data/FineGym_data/videos/val/77/aN9hSsP6xTg_E_002376_002416_A_0029_0031.mp4,77,16,100,1,78,False,True,0.9787527322769165,0.005454111960716546,0.0010299178951148253,0.20744562603067607,57,16,16,16,False,
finegym,val,BLzs5opw8uM_E_003391_003423_A_0022_0025,data/FineGym_data/videos/val/78/BLzs5opw8uM_E_003391_003423_A_0022_0025.mp4,78,16,100,1,74,False,True,0.49119576811790466,0.006248175050131977,0.0009825374060407437,0.9271899439627305,75,16,16,16,False,
finegym,val,cWztehyIFkg_E_004517_004557_A_0030_0033,data/FineGym_data/videos/val/78/cWztehyIFkg_E_004517_004557_A_0030_0033.mp4,78,16,100,1,78,True,True,0.999101996421814,0.004972204100340605,0.0009825374060407437,0.9203807240119204,70,16,16,16,False,
finegym,val,cWztehyIFkg_E_004940_004981_A_0009_0012,data/FineGym_data/videos/val/78/cWztehyIFkg_E_004940_004981_A_0009_0012.mp4,78,16,100,1,78,True,True,0.6149939298629761,0.005150749930180609,0.0009825374060407437,0.9150071830954403,58,16,16,16,False,
finegym,val,cWztehyIFkg_E_004084_004142_A_0051_0053,data/FineGym_data/videos/val/78/cWztehyIFkg_E_004084_004142_A_0051_0053.mp4,78,16,100,1,77,False,True,0.9888182282447815,0.0045909370528534055,0.0009825374060407437,0.909404453006573,58,16,16,16,False,
finegym,val,aEZbP-Yephw_E_000092_000132_A_0025_0028,data/FineGym_data/videos/val/78/aEZbP-Yephw_E_000092_000132_A_0025_0028.mp4,78,16,100,1,77,False,True,0.9771668314933777,0.005965434014797211,0.0009825374060407437,0.9043829459697008,66,16,16,16,False,
finegym,val,aN3PC4tJokk_E_000700_000733_A_0010_0012,data/FineGym_data/videos/val/78/aN3PC4tJokk_E_000700_000733_A_0010_0012.mp4,78,16,100,1,79,False,True,0.9770265221595764,0.005097620072774589,0.0009825374060407437,0.8980166980763897,64,16,16,16,False,
finegym,val,aN3PC4tJokk_E_000460_000493_A_0023_0025,data/FineGym_data/videos/val/78/aN3PC4tJokk_E_000460_000493_A_0023_0025.mp4,78,16,100,1,77,False,True,0.5016130805015564,0.00457064900547266,0.0009825374060407437,0.8925014010164887,66,16,16,16,False,
finegym,val,aN3PC4tJokk_E_000460_000493_A_0003_0006,data/FineGym_data/videos/val/78/aN3PC4tJokk_E_000460_000493_A_0003_0006.mp4,78,16,100,1,78,True,True,0.6486054062843323,0.004227593075484037,0.0009825374060407437,0.8874226370826364,68,16,16,16,False,
finegym,val,aN9hSsP6xTg_E_000112_000152_A_0027_0029,data/FineGym_data/videos/val/78/aN9hSsP6xTg_E_000112_000152_A_0027_0029.mp4,78,16,100,1,82,False,True,0.6679174900054932,0.006343194050714374,0.0009825374060407437,0.8827815549448133,66,16,16,16,False,
finegym,val,aEZbP-Yephw_E_000786_000822_A_0029_0032,data/FineGym_data/videos/val/78/aEZbP-Yephw_E_000786_000822_A_0029_0032.mp4,78,16,100,1,78,True,True,0.8871972560882568,0.006203100085258484,0.0009825374060407437,0.875915116048418,61,16,16,16,False,
finegym,val,BLzs5opw8uM_E_000621_000654_A_0026_0028,data/FineGym_data/videos/val/78/BLzs5opw8uM_E_000621_000654_A_0026_0028.mp4,78,16,100,1,78,True,True,0.9940676689147949,0.006185336969792843,0.0009825374060407437,0.8689553729491308,65,16,16,16,False,
finegym,val,0LtLS9wROrk_E_004139_004167_A_0014_0016,data/FineGym_data/videos/val/78/0LtLS9wROrk_E_004139_004167_A_0014_0016.mp4,78,16,100,1,78,True,True,0.9887384176254272,0.005556253949180245,0.0009825374060407437,0.8620358830085024,71,16,16,16,False,
finegym,val,aN9hSsP6xTg_E_000178_000216_A_0029_0032,data/FineGym_data/videos/val/78/aN9hSsP6xTg_E_000178_000216_A_0029_0032.mp4,78,16,100,1,81,False,True,0.8207811117172241,0.006193692912347615,0.0009825374060407437,0.8556952039944008,56,16,16,16,False,
finegym,val,A0xAXXysHUo_E_000945_000992_A_0036_0040,data/FineGym_data/videos/val/78/A0xAXXysHUo_E_000945_000992_A_0036_0040.mp4,78,16,100,1,79,False,True,0.8803303241729736,0.008068550028838217,0.0009825374060407437,0.8490423769690096,138,16,16,16,False,
finegym,val,0LtLS9wROrk_E_003606_003635_A_0003_0006,data/FineGym_data/videos/val/78/0LtLS9wROrk_E_003606_003635_A_0003_0006.mp4,78,16,100,1,77,False,True,0.968809187412262,0.004851917969062924,0.0009825374060407437,0.8405059970682487,73,16,16,16,False,
finegym,val,0LtLS9wROrk_E_004742_004771_A_0003_0006,data/FineGym_data/videos/val/78/0LtLS9wROrk_E_004742_004771_A_0003_0006.mp4,78,16,100,1,77,False,True,0.9455665946006775,0.004876884981058538,0.0009825374060407437,0.8352241399697959,84,16,16,16,False,
finegym,val,cSh74jSRht8_E_001232_001274_A_0003_0005,data/FineGym_data/videos/val/78/cSh74jSRht8_E_001232_001274_A_0003_0005.mp4,78,16,100,1,78,True,True,0.9496138691902161,0.006386907072737813,0.0009825374060407437,0.8298471129965037,61,16,16,16,False,
finegym,val,cSh74jSRht8_E_002051_002079_A_0003_0005,data/FineGym_data/videos/val/78/cSh74jSRht8_E_002051_002079_A_0003_0005.mp4,78,16,100,1,78,True,True,0.9986203908920288,0.005274583003483713,0.0009825374060407437,0.8225502750137821,63,16,16,16,False,
finegym,val,cWztehyIFkg_E_004746_004783_A_0026_0029,data/FineGym_data/videos/val/78/cWztehyIFkg_E_004746_004783_A_0026_0029.mp4,78,16,100,1,78,True,True,0.9944133162498474,0.005002973019145429,0.0009825374060407437,0.8166376110166311,59,16,16,16,False,
finegym,val,CUuRl0Bwbbc_E_000857_000923_A_0021_0024,data/FineGym_data/videos/val/78/CUuRl0Bwbbc_E_000857_000923_A_0021_0024.mp4,78,16,100,1,77,False,True,0.8976982831954956,0.005048679071478546,0.0009825374060407437,0.8112045790767297,81,16,16,16,False,
finegym,val,aN3PC4tJokk_E_001213_001258_A_0040_0041,data/FineGym_data/videos/val/79/aN3PC4tJokk_E_001213_001258_A_0040_0041.mp4,79,16,100,1,79,True,True,0.9964892864227295,0.004830057034268975,0.0009825374060407437,0.8057004739530385,48,16,16,16,False,
finegym,val,C5Yfd1IWjmM_E_003005_003043_A_0029_0030,data/FineGym_data/videos/val/79/C5Yfd1IWjmM_E_003005_003043_A_0029_0030.mp4,79,16,100,1,78,False,True,0.8591585159301758,0.0050614820793271065,0.0009825374060407437,0.8000271099153906,55,16,16,16,False,
finegym,val,cSh74jSRht8_E_002174_002197_A_0014_0016,data/FineGym_data/videos/val/79/cSh74jSRht8_E_002174_002197_A_0014_0016.mp4,79,16,100,1,79,True,True,0.87637859582901,0.005183993023820221,0.0009825374060407437,0.7944580129114911,45,16,16,16,False,
finegym,val,A0xAXXysHUo_E_000600_000641_A_0035_0037,data/FineGym_data/videos/val/79/A0xAXXysHUo_E_000600_000641_A_0035_0037.mp4,79,16,100,1,79,True,True,0.9972996115684509,0.0054072929779067636,0.0009825374060407437,0.7883349530166015,50,16,16,16,False,
finegym,val,cSh74jSRht8_E_000875_000899_A_0017_0018,data/FineGym_data/videos/val/79/cSh74jSRht8_E_000875_000899_A_0017_0018.mp4,79,16,100,1,79,True,True,0.9944047927856445,0.005809059017337859,0.0009825374060407437,0.78217180701904,43,16,16,16,False,
finegym,val,cSh74jSRht8_E_000940_000974_A_0026_0028,data/FineGym_data/videos/val/79/cSh74jSRht8_E_000940_000974_A_0026_0028.mp4,79,16,100,1,79,True,True,0.9767648577690125,0.004713076981715858,0.0009825374060407437,0.775770174106583,47,16,16,16,False,
finegym,val,aN9hSsP6xTg_E_000178_000216_A_0028_0029,data/FineGym_data/videos/val/79/aN9hSsP6xTg_E_000178_000216_A_0028_0029.mp4,79,16,100,1,79,True,True,0.996961772441864,0.005183130968362093,0.0009825374060407437,0.7705583079950884,44,16,16,16,False,
finegym,val,C5Yfd1IWjmM_E_003703_003739_A_0030_0032,data/FineGym_data/videos/val/79/C5Yfd1IWjmM_E_003703_003739_A_0030_0032.mp4,79,16,100,1,79,True,True,0.9972471594810486,0.0048457670491188765,0.0009825374060407437,0.7649492039345205,66,16,16,16,False,
finegym,val,0LtLS9wROrk_E_007196_007226_A_0022_0024,data/FineGym_data/videos/val/79/0LtLS9wROrk_E_007196_007226_A_0022_0024.mp4,79,16,100,1,79,True,True,0.9969852566719055,0.0040388189954683185,0.0009825374060407437,0.7596338540315628,55,16,16,16,False,
finegym,val,0LtLS9wROrk_E_002407_002435_A_0019_0021,data/FineGym_data/videos/val/79/0LtLS9wROrk_E_002407_002435_A_0019_0021.mp4,79,16,100,1,79,True,True,0.996751070022583,0.004091377020813525,0.0009825374060407437,0.7550619330722839,53,16,16,16,False,
finegym,val,AZ4wWG6Rcak_E_003963_003992_A_0024_0025,data/FineGym_data/videos/val/79/AZ4wWG6Rcak_E_003963_003992_A_0024_0025.mp4,79,16,100,1,79,True,True,0.997759222984314,0.004341177060268819,0.0009825374060407437,0.7505511569324881,42,16,16,16,False,
finegym,val,aN9hSsP6xTg_E_002376_002416_A_0031_0033,data/FineGym_data/videos/val/79/aN9hSsP6xTg_E_002376_002416_A_0031_0033.mp4,79,16,100,1,79,True,True,0.6945759654045105,0.005402965005487204,0.0009825374060407437,0.7458085640100762,49,16,16,16,False,
finegym,val,aEZbP-Yephw_E_001713_001750_A_0027_0029,data/FineGym_data/videos/val/79/aEZbP-Yephw_E_001713_001750_A_0027_0029.mp4,79,16,100,1,79,True,True,0.9923432469367981,0.004702696925960481,0.0009825374060407437,0.7399613229790702,35,16,16,16,False,
finegym,val,A0xAXXysHUo_E_002184_002237_A_0047_0049,data/FineGym_data/videos/val/79/A0xAXXysHUo_E_002184_002237_A_0047_0049.mp4,79,16,100,1,79,True,True,0.9966237545013428,0.004266486968845129,0.0009825374060407437,0.7348339960444719,45,16,16,16,False,
finegym,val,aEZbP-Yephw_E_000092_000132_A_0033_0034,data/FineGym_data/videos/val/79/aEZbP-Yephw_E_000092_000132_A_0033_0034.mp4,79,16,100,1,79,True,True,0.9960086345672607,0.005234428099356592,0.0009825374060407437,0.7300729890121147,36,16,16,16,False,
finegym,val,0LtLS9wROrk_E_005073_005097_A_0018_0021,data/FineGym_data/videos/val/79/0LtLS9wROrk_E_005073_005097_A_0018_0021.mp4,79,16,100,1,79,True,True,0.9937489032745361,0.0052379140397533774,0.0009825374060407437,0.7244020999642089,73,16,16,16,False,
finegym,val,A0xAXXysHUo_E_001292_001332_A_0019_0021,data/FineGym_data/videos/val/79/A0xAXXysHUo_E_001292_001332_A_0019_0021.mp4,79,16,100,1,79,True,True,0.9962148070335388,0.0058062439784407616,0.0009825374060407437,0.7181927278870717,54,16,16,16,False,
finegym,val,0LtLS9wROrk_E_007492_007516_A_0016_0019,data/FineGym_data/videos/val/79/0LtLS9wROrk_E_007492_007516_A_0016_0019.mp4,79,16,100,1,79,True,True,0.9945847392082214,0.005364442942664027,0.0009825374060407437,0.7116277059540153,73,16,16,16,False,
finegym,val,cSh74jSRht8_E_001441_001472_A_0015_0017,data/FineGym_data/videos/val/79/cSh74jSRht8_E_001441_001472_A_0015_0017.mp4,79,16,100,1,79,True,True,0.995243489742279,0.0043404249008744955,0.0009825374060407437,0.7055685560917482,48,16,16,16,False,
finegym,val,aN9hSsP6xTg_E_001313_001352_A_0028_0029,data/FineGym_data/videos/val/79/aN9hSsP6xTg_E_001313_001352_A_0028_0029.mp4,79,16,100,1,79,True,True,0.9976838827133179,0.005142834968864918,0.0009825374060407437,0.7007856180425733,30,16,16,16,False,
finegym,val,A0xAXXysHUo_E_000945_000992_A_0006_0008,data/FineGym_data/videos/val/80/A0xAXXysHUo_E_000945_000992_A_0006_0008.mp4,80,16,100,1,81,False,True,0.42664769291877747,0.006071603042073548,0.0009825374060407437,0.6950247699860483,71,16,16,16,False,
finegym,val,E3AHJ6-QS8M_E_000880_000920_A_0021_0023,data/FineGym_data/videos/val/80/E3AHJ6-QS8M_E_000880_000920_A_0021_0023.mp4,80,16,100,1,77,False,True,0.8851370215415955,0.005632005981169641,0.0009825374060407437,0.6884038629941642,53,16,16,16,False,
finegym,val,aEZbP-Yephw_E_000092_000132_A_0008_0010,data/FineGym_data/videos/val/80/aEZbP-Yephw_E_000092_000132_A_0008_0010.mp4,80,16,100,1,81,False,True,0.7793524861335754,0.005316461902111769,0.0009825374060407437,0.6823254870250821,52,16,16,16,False,
finegym,val,A0xAXXysHUo_E_000945_000992_A_0008_0011,data/FineGym_data/videos/val/80/A0xAXXysHUo_E_000945_000992_A_0008_0011.mp4,80,16,100,1,77,False,True,0.9128957390785217,0.005971604958176613,0.0009825374060407437,0.6764325000112876,76,16,16,16,False,
finegym,val,EFvDqOF1sCk_E_000493_000529_A_0014_0016,data/FineGym_data/videos/val/80/EFvDqOF1sCk_E_000493_000529_A_0014_0016.mp4,80,16,100,1,80,True,True,0.7767488360404968,0.00832472206093371,0.0009825374060407437,0.6699376510223374,57,16,16,16,False,
finegym,val,aN3PC4tJokk_E_000460_000493_A_0008_0010,data/FineGym_data/videos/val/80/aN3PC4tJokk_E_000460_000493_A_0008_0010.mp4,80,16,100,1,77,False,True,0.6883004903793335,0.0060551820788532495,0.0009825374060407437,0.6607371899299324,74,16,16,16,False,
finegym,val,E3AHJ6-QS8M_E_000742_000780_A_0003_0005,data/FineGym_data/videos/val/80/E3AHJ6-QS8M_E_000742_000780_A_0003_0005.mp4,80,16,100,1,78,False,True,0.7473974227905273,0.006610707961954176,0.0009825374060407437,0.6539260960416868,49,16,16,16,False,
finegym,val,aEZbP-Yephw_E_002029_002064_A_0012_0015,data/FineGym_data/videos/val/80/aEZbP-Yephw_E_002029_002064_A_0012_0015.mp4,80,16,100,1,80,True,True,0.6374974250793457,0.006973088951781392,0.0009825374060407437,0.6465911560226232,61,16,16,16,False,
finegym,val,aEZbP-Yephw_E_002570_002605_A_0003_0006,data/FineGym_data/videos/val/80/aEZbP-Yephw_E_002570_002605_A_0003_0006.mp4,80,16,100,1,77,False,True,0.9943430423736572,0.007269306923262775,0.0009825374060407437,0.639101074077189,67,16,16,16,False,
finegym,val,aN3PC4tJokk_E_001213_001258_A_0018_0020,data/FineGym_data/videos/val/80/aN3PC4tJokk_E_001213_001258_A_0018_0020.mp4,80,16,100,1,77,False,True,0.9865282773971558,0.006139902048744261,0.0009825374060407437,0.6312324090395123,64,16,16,16,False,
finegym,val,A0xAXXysHUo_E_001292_001332_A_0003_0006,data/FineGym_data/videos/val/80/A0xAXXysHUo_E_001292_001332_A_0003_0006.mp4,80,16,100,1,77,False,False,0.2532651424407959,0.0077936629531905055,0.0009825374060407437,0.624475406948477,72,16,16,16,False,
finegym,val,EFvDqOF1sCk_E_000493_000529_A_0016_0019,data/FineGym_data/videos/val/80/EFvDqOF1sCk_E_000493_000529_A_0016_0019.mp4,80,16,100,1,78,False,True,0.33560970425605774,0.006592392921447754,0.0009825374060407437,0.6160592830274254,61,16,16,16,False,
finegym,val,aN3PC4tJokk_E_001213_001258_A_0022_0024,data/FineGym_data/videos/val/80/aN3PC4tJokk_E_001213_001258_A_0022_0024.mp4,80,16,100,1,77,False,True,0.9671421647071838,0.006229380029253662,0.0009825374060407437,0.6089212140068412,71,16,16,16,False,
finegym,val,E3AHJ6-QS8M_E_000742_000780_A_0005_0007,data/FineGym_data/videos/val/80/E3AHJ6-QS8M_E_000742_000780_A_0005_0007.mp4,80,16,100,1,78,False,True,0.9955729246139526,0.006417775060981512,0.0009825374060407437,0.602065354003571,52,16,16,16,False,
finegym,val,aEZbP-Yephw_E_000092_000132_A_0028_0030,data/FineGym_data/videos/val/80/aEZbP-Yephw_E_000092_000132_A_0028_0030.mp4,80,16,100,1,80,True,True,0.6803039908409119,0.006791117019020021,0.0009825374060407437,0.5951657430268824,59,16,16,16,False,
finegym,val,E3AHJ6-QS8M_E_003256_003294_A_0003_0005,data/FineGym_data/videos/val/80/E3AHJ6-QS8M_E_003256_003294_A_0003_0005.mp4,80,16,100,1,77,False,True,0.9772565364837646,0.006849467055872083,0.0009825374060407437,0.5877520550275221,56,16,16,16,False,
finegym,val,EFvDqOF1sCk_E_001296_001324_A_0016_0018,data/FineGym_data/videos/val/80/EFvDqOF1sCk_E_001296_001324_A_0016_0018.mp4,80,16,100,1,77,False,True,0.6977983117103577,0.007245030952617526,0.0009825374060407437,0.5803502190392464,58,16,16,16,False,
finegym,val,aEZbP-Yephw_E_002178_002219_A_0018_0021,data/FineGym_data/videos/val/80/aEZbP-Yephw_E_002178_002219_A_0018_0021.mp4,80,16,100,1,77,False,True,0.9098096489906311,0.006317415041849017,0.0009825374060407437,0.5725163000170141,55,16,16,16,False,
finegym,val,E3AHJ6-QS8M_E_000880_000920_A_0023_0026,data/FineGym_data/videos/val/80/E3AHJ6-QS8M_E_000880_000920_A_0023_0026.mp4,80,16,100,1,77,False,True,0.9847930669784546,0.00641148304566741,0.0009825374060407437,0.565616057952866,50,16,16,16,False,
finegym,val,BLzs5opw8uM_E_003391_003423_A_0025_0027,data/FineGym_data/videos/val/81/BLzs5opw8uM_E_003391_003423_A_0025_0027.mp4,81,16,100,1,77,False,True,0.918747067451477,0.006290154997259378,0.0009825374060407437,0.5586112691089511,68,16,16,16,False,
finegym,val,cSh74jSRht8_E_000875_000899_A_0015_0017,data/FineGym_data/videos/val/81/cSh74jSRht8_E_000875_000899_A_0015_0017.mp4,81,16,100,1,81,True,True,0.8177902102470398,0.005338604096323252,0.0009825374060407437,0.5517596389399841,51,16,16,16,False,
finegym,val,AZ4wWG6Rcak_E_003790_003828_A_0027_0030,data/FineGym_data/videos/val/81/AZ4wWG6Rcak_E_003790_003828_A_0027_0030.mp4,81,16,100,1,77,False,True,0.993593156337738,0.006582785048522055,0.0009825374060407437,0.5459011959610507,64,16,16,16,False,
finegym,val,cSh74jSRht8_E_001441_001472_A_0003_0005,data/FineGym_data/videos/val/81/cSh74jSRht8_E_001441_001472_A_0003_0005.mp4,81,16,100,1,77,False,False,0.9967331886291504,0.006301454966887832,0.0009825374060407437,0.5385796909686178,54,16,16,16,False,
finegym,val,DG7upbhB1bI_E_000790_000825_A_0026_0029,data/FineGym_data/videos/val/81/DG7upbhB1bI_E_000790_000825_A_0026_0029.mp4,81,16,100,1,77,False,True,0.9872915148735046,0.014979212079197168,0.0009825374060407437,0.5309407999739051,80,16,16,16,False,
finegym,val,aN9hSsP6xTg_E_001266_001302_A_0026_0028,data/FineGym_data/videos/val/81/aN9hSsP6xTg_E_001266_001302_A_0026_0028.mp4,81,16,100,1,81,True,True,0.8100240230560303,0.013426379999145865,0.0009825374060407437,0.5141485159983858,57,16,16,16,False,
finegym,val,DG7upbhB1bI_E_001168_001204_A_0027_0029,data/FineGym_data/videos/val/81/DG7upbhB1bI_E_001168_001204_A_0027_0029.mp4,81,16,100,1,77,False,True,0.5518825650215149,0.005631856038235128,0.0009825374060407437,0.4999977929983288,66,16,16,16,False,
finegym,val,cSh74jSRht8_E_001089_001124_A_0009_0011,data/FineGym_data/videos/val/81/cSh74jSRht8_E_001089_001124_A_0009_0011.mp4,81,16,100,1,77,False,True,0.997675359249115,0.005029743071645498,0.0009825374060407437,0.4938697849866003,54,16,16,16,False,
finegym,val,aN9hSsP6xTg_E_000112_000152_A_0019_0021,data/FineGym_data/videos/val/82/aN9hSsP6xTg_E_000112_000152_A_0019_0021.mp4,82,16,100,1,79,False,True,0.6883941888809204,0.005466805072501302,0.0009825374060407437,0.48838519502896816,49,16,16,16,False,
finegym,val,aN3PC4tJokk_E_001213_001258_A_0024_0026,data/FineGym_data/videos/val/82/aN3PC4tJokk_E_001213_001258_A_0024_0026.mp4,82,16,100,1,79,False,True,0.7080796360969543,0.004816442029550672,0.0009825374060407437,0.48243614297825843,51,16,16,16,False,
finegym,val,AZ4wWG6Rcak_E_005995_006025_A_0023_0026,data/FineGym_data/videos/val/82/AZ4wWG6Rcak_E_005995_006025_A_0023_0026.mp4,82,16,100,1,79,False,True,0.6177321076393127,0.0047500269720330834,0.0009825374060407437,0.4771220749244094,56,16,16,16,False,
finegym,val,aN3PC4tJokk_E_001213_001258_A_0020_0022,data/FineGym_data/videos/val/82/aN3PC4tJokk_E_001213_001258_A_0020_0022.mp4,82,16,100,1,82,True,True,0.6550065279006958,0.0046266940189525485,0.0009825374060407437,0.47184695105534047,56,16,16,16,False,
finegym,val,aEZbP-Yephw_E_002029_002064_A_0010_0012,data/FineGym_data/videos/val/82/aEZbP-Yephw_E_002029_002064_A_0010_0012.mp4,82,16,100,1,82,True,True,0.9046381115913391,0.005617098067887127,0.0009825374060407437,0.4667491599684581,51,16,16,16,False,
finegym,val,E3AHJ6-QS8M_E_003256_003294_A_0005_0007,data/FineGym_data/videos/val/82/E3AHJ6-QS8M_E_003256_003294_A_0005_0007.mp4,82,16,100,1,82,True,True,0.9000915288925171,0.005497241974808276,0.0009825374060407437,0.46069641201756895,52,16,16,16,False,
finegym,val,E3AHJ6-QS8M_E_000880_000920_A_0019_0021,data/FineGym_data/videos/val/82/E3AHJ6-QS8M_E_000880_000920_A_0019_0021.mp4,82,16,100,1,78,False,True,0.8163972496986389,0.005258603952825069,0.0009825374060407437,0.45477995998226106,48,16,16,16,False,
finegym,val,aN9hSsP6xTg_E_000178_000216_A_0032_0034,data/FineGym_data/videos/val/82/aN9hSsP6xTg_E_000178_000216_A_0032_0034.mp4,82,16,100,1,82,True,True,0.43736016750335693,0.00574665202293545,0.0009825374060407437,0.44907598895952106,53,16,16,16,False,
finegym,val,aEZbP-Yephw_E_002029_002064_A_0005_0007,data/FineGym_data/videos/val/82/aEZbP-Yephw_E_002029_002064_A_0005_0007.mp4,82,16,100,1,82,True,True,0.973326563835144,0.005685225944034755,0.0009825374060407437,0.4429140359861776,50,16,16,16,False,
finegym,val,aN3PC4tJokk_E_000460_000493_A_0006_0008,data/FineGym_data/videos/val/82/aN3PC4tJokk_E_000460_000493_A_0006_0008.mp4,82,16,100,1,82,True,True,0.6924005150794983,0.004056581994518638,0.0009825374060407437,0.4367929899599403,63,16,16,16,False,
finegym,val,E3AHJ6-QS8M_E_003830_003864_A_0025_0027,data/FineGym_data/videos/val/82/E3AHJ6-QS8M_E_003830_003864_A_0025_0027.mp4,82,16,100,1,79,False,True,0.9826275706291199,0.005327282007783651,0.0009825374060407437,0.4322156379930675,52,16,16,16,False,
finegym,val,aEZbP-Yephw_E_002178_002219_A_0005_0007,data/FineGym_data/videos/val/82/aEZbP-Yephw_E_002178_002219_A_0005_0007.mp4,82,16,100,1,82,True,True,0.9747358560562134,0.004951415932737291,0.0009825374060407437,0.426474116044119,47,16,16,16,False,
finegym,val,aEZbP-Yephw_E_002029_002064_A_0026_0028,data/FineGym_data/videos/val/83/aEZbP-Yephw_E_002029_002064_A_0026_0028.mp4,83,16,100,1,83,True,True,0.99874347448349,0.005316261085681617,0.0009825374060407437,0.42112133593764156,46,16,16,16,False,
finegym,val,aN3PC4tJokk_E_000859_000897_A_0019_0021,data/FineGym_data/videos/val/83/aN3PC4tJokk_E_000859_000897_A_0019_0021.mp4,83,16,100,1,83,True,True,0.9881467223167419,0.004905338981188834,0.0009825374060407437,0.41539968200959265,61,16,16,16,False,
finegym,val,0LtLS9wROrk_E_005369_005394_A_0003_0005,data/FineGym_data/videos/val/83/0LtLS9wROrk_E_005369_005394_A_0003_0005.mp4,83,16,100,1,76,False,True,0.8842596411705017,0.004097828990779817,0.0009825374060407437,0.4100830089300871,64,16,16,16,False,
finegym,val,cSh74jSRht8_E_001089_001124_A_0017_0018,data/FineGym_data/videos/val/83/cSh74jSRht8_E_001089_001124_A_0017_0018.mp4,83,16,100,1,83,True,True,0.9937845468521118,0.0045192219549790025,0.0009825374060407437,0.40555201505776495,46,16,16,16,False,
finegym,val,BLzs5opw8uM_E_003391_003423_A_0002_0004,data/FineGym_data/videos/val/83/BLzs5opw8uM_E_003391_003423_A_0002_0004.mp4,83,16,100,1,83,True,True,0.9961279034614563,0.0050613529747352,0.0009825374060407437,0.40056454099249095,46,16,16,16,False,
finegym,val,aEZbP-Yephw_E_000786_000822_A_0020_0022,data/FineGym_data/videos/val/83/aEZbP-Yephw_E_000786_000822_A_0020_0022.mp4,83,16,100,1,83,True,True,0.9990503191947937,0.0054789980640634894,0.0009825374060407437,0.3950977260246873,53,16,16,16,False,
finegym,val,AZ4wWG6Rcak_E_004423_004476_A_0027_0028,data/FineGym_data/videos/val/83/AZ4wWG6Rcak_E_004423_004476_A_0027_0028.mp4,83,16,100,1,83,True,True,0.5754027366638184,0.00442914292216301,0.0009825374060407437,0.3892257590778172,40,16,16,16,False,
finegym,val,A0xAXXysHUo_E_002184_002237_A_0011_0013,data/FineGym_data/videos/val/83/A0xAXXysHUo_E_002184_002237_A_0011_0013.mp4,83,16,100,1,83,True,True,0.980575442314148,0.00446698407176882,0.0009825374060407437,0.38438849803060293,50,16,16,16,False,
finegym,val,cSh74jSRht8_E_001232_001274_A_0017_0019,data/FineGym_data/videos/val/83/cSh74jSRht8_E_001232_001274_A_0017_0019.mp4,83,16,100,1,83,True,True,0.9171364903450012,0.004816791974008083,0.0009825374060407437,0.3794919459614903,56,16,16,16,False,
finegym,val,AZ4wWG6Rcak_E_005995_006025_A_0010_0011,data/FineGym_data/videos/val/83/AZ4wWG6Rcak_E_005995_006025_A_0010_0011.mp4,83,16,100,1,83,True,True,0.9935551285743713,0.003981910995207727,0.0009825374060407437,0.3742696399567649,35,16,16,16,False,
finegym,val,C5Yfd1IWjmM_E_003005_003043_A_0013_0014,data/FineGym_data/videos/val/83/C5Yfd1IWjmM_E_003005_003043_A_0013_0014.mp4,83,16,100,1,83,True,True,0.9944158792495728,0.004842789960093796,0.0009825374060407437,0.3698696829378605,44,16,16,16,False,
finegym,val,aN3PC4tJokk_E_000460_000493_A_0021_0023,data/FineGym_data/videos/val/83/aN3PC4tJokk_E_000460_000493_A_0021_0023.mp4,83,16,100,1,83,True,True,0.9974220991134644,0.004377044970169663,0.0009825374060407437,0.3646005289629102,54,16,16,16,False,
finegym,val,aN9hSsP6xTg_E_002376_002416_A_0013_0015,data/FineGym_data/videos/val/83/aN9hSsP6xTg_E_002376_002416_A_0013_0015.mp4,83,16,100,1,76,False,True,0.9923467636108398,0.005714270984753966,0.0009825374060407437,0.3598029740387574,57,16,16,16,False,
finegym,val,AZ4wWG6Rcak_E_005995_006025_A_0003_0004,data/FineGym_data/videos/val/83/AZ4wWG6Rcak_E_005995_006025_A_0003_0004.mp4,83,16,100,1,83,True,True,0.8930396437644958,0.0038042570231482387,0.0009825374060407437,0.3536595549667254,34,16,16,16,False,
finegym,val,BLzs5opw8uM_E_003391_003423_A_0009_0010,data/FineGym_data/videos/val/83/BLzs5opw8uM_E_003391_003423_A_0009_0010.mp4,83,16,100,1,83,True,True,0.998023509979248,0.004995709052309394,0.0009825374060407437,0.34942712204065174,43,16,16,16,False,
finegym,val,A0xAXXysHUo_E_000406_000449_A_0010_0012,data/FineGym_data/videos/val/84/A0xAXXysHUo_E_000406_000449_A_0010_0012.mp4,84,16,100,1,84,True,True,0.7825602293014526,0.005533219897188246,0.0009825374060407437,0.3439975370420143,71,16,16,16,False,
finegym,val,e3EsDlpNo0c_E_004138_004169_A_0003_0005,data/FineGym_data/videos/val/84/e3EsDlpNo0c_E_004138_004169_A_0003_0005.mp4,84,16,100,1,74,False,True,0.9917009472846985,0.005312253953889012,0.0009825374060407437,0.3380184080451727,70,16,16,16,False,
finegym,val,cWztehyIFkg_E_004517_004557_A_0003_0005,data/FineGym_data/videos/val/84/cWztehyIFkg_E_004517_004557_A_0003_0005.mp4,84,16,100,1,84,True,True,0.9828967452049255,0.006646805093623698,0.000993760593701154,0.9101796109462157,61,16,16,16,False,
finegym,val,A0xAXXysHUo_E_000600_000641_A_0023_0026,data/FineGym_data/videos/val/84/A0xAXXysHUo_E_000600_000641_A_0023_0026.mp4,84,16,100,1,84,True,True,0.6149167418479919,0.005626094993203878,0.000993760593701154,0.902788004023023,86,16,16,16,False,
finegym,val,E3AHJ6-QS8M_E_002444_002486_A_0024_0027,data/FineGym_data/videos/val/84/E3AHJ6-QS8M_E_002444_002486_A_0024_0027.mp4,84,16,100,1,74,False,True,0.6643223762512207,0.005639599985443056,0.000993760593701154,0.8963817009935156,64,16,16,16,False,
finegym,val,DTedv-hhHU4_E_003057_003091_A_0003_0005,data/FineGym_data/videos/val/84/DTedv-hhHU4_E_003057_003091_A_0003_0005.mp4,84,16,100,1,84,True,True,0.6673003435134888,0.005348513019271195,0.000993760593701154,0.8899820509832352,79,16,16,16,False,
finegym,val,aEZbP-Yephw_E_002380_002413_A_0018_0021,data/FineGym_data/videos/val/84/aEZbP-Yephw_E_002380_002413_A_0018_0021.mp4,84,16,100,1,84,True,True,0.6011104583740234,0.006372279021888971,0.000993760593701154,0.8838876859517768,64,16,16,16,False,
finegym,val,CUuRl0Bwbbc_E_000640_000678_A_0018_0021,data/FineGym_data/videos/val/84/CUuRl0Bwbbc_E_000640_000678_A_0018_0021.mp4,84,16,100,1,74,False,True,0.4701458811759949,0.006454093032516539,0.000993760593701154,0.8769208379089832,86,16,16,16,False,
finegym,val,e3EsDlpNo0c_E_006249_006285_A_0012_0015,data/FineGym_data/videos/val/84/e3EsDlpNo0c_E_006249_006285_A_0012_0015.mp4,84,16,100,1,84,True,True,0.6592572927474976,0.005740871070884168,0.000993760593701154,0.8697780499933288,84,16,16,16,False,
finegym,val,cWztehyIFkg_E_004746_004783_A_0031_0033,data/FineGym_data/videos/val/84/cWztehyIFkg_E_004746_004783_A_0031_0033.mp4,84,16,100,1,85,False,True,0.8173742890357971,0.006154728936962783,0.000993760593701154,0.8635771829867736,66,16,16,16,False,
finegym,val,aN3PC4tJokk_E_001213_001258_A_0008_0011,data/FineGym_data/videos/val/84/aN3PC4tJokk_E_001213_001258_A_0008_0011.mp4,84,16,100,1,84,True,True,0.9939419627189636,0.0051451800391077995,0.000993760593701154,0.8566548499511555,75,16,16,16,False,
finegym,val,BLzs5opw8uM_E_000368_000412_A_0009_0012,data/FineGym_data/videos/val/84/BLzs5opw8uM_E_000368_000412_A_0009_0012.mp4,84,16,100,1,87,False,True,0.5911453366279602,0.006234047934412956,0.000993760593701154,0.8507667019730434,79,16,16,16,False,
finegym,val,E3AHJ6-QS8M_E_003256_003294_A_0016_0019,data/FineGym_data/videos/val/84/E3AHJ6-QS8M_E_003256_003294_A_0016_0019.mp4,84,16,100,1,74,False,True,0.8722789287567139,0.006013544043526053,0.000993760593701154,0.843709975015372,59,16,16,16,False,
finegym,val,eH-ZgOT8ASM_E_002913_002950_A_0005_0007,data/FineGym_data/videos/val/84/eH-ZgOT8ASM_E_002913_002950_A_0005_0007.mp4,84,16,100,1,74,False,True,0.706238865852356,0.005985170020721853,0.000993760593701154,0.8370563969947398,57,16,16,16,False,
finegym,val,DG7upbhB1bI_E_003569_003600_A_0003_0005,data/FineGym_data/videos/val/84/DG7upbhB1bI_E_003569_003600_A_0003_0005.mp4,84,16,100,1,74,False,True,0.9930227994918823,0.005661392002366483,0.000993760593701154,0.8303726020967588,72,16,16,16,False,
finegym,val,aEZbP-Yephw_E_002570_002605_A_0015_0017,data/FineGym_data/videos/val/84/aEZbP-Yephw_E_002570_002605_A_0015_0017.mp4,84,16,100,1,74,False,True,0.9987831711769104,0.0054166509071365,0.000993760593701154,0.8238880020799115,51,16,16,16,False,
finegym,val,E3AHJ6-QS8M_E_002152_002186_A_0012_0014,data/FineGym_data/videos/val/84/E3AHJ6-QS8M_E_002152_002186_A_0012_0014.mp4,84,16,100,1,84,True,True,0.762451171875,0.005329377017915249,0.000993760593701154,0.8179049250902608,49,16,16,16,False,
finegym,val,aEZbP-Yephw_E_001836_001877_A_0023_0026,data/FineGym_data/videos/val/84/aEZbP-Yephw_E_001836_001877_A_0023_0026.mp4,84,16,100,1,74,False,True,0.9685197472572327,0.005630914005450904,0.000993760593701154,0.8118014320498332,58,16,16,16,False,
finegym,val,aN9hSsP6xTg_E_000684_000719_A_0003_0005,data/FineGym_data/videos/val/84/aN9hSsP6xTg_E_000684_000719_A_0003_0005.mp4,84,16,100,1,74,False,True,0.9825558662414551,0.005542828002944589,0.000993760593701154,0.8053082469850779,62,16,16,16,False,
finegym,val,e3EsDlpNo0c_E_007702_007737_A_0005_0007,data/FineGym_data/videos/val/84/e3EsDlpNo0c_E_007702_007737_A_0005_0007.mp4,84,16,100,1,84,True,True,0.566006600856781,0.005287586944177747,0.000993760593701154,0.7989999880082905,69,16,16,16,False,
finegym,val,aN9hSsP6xTg_E_000684_000719_A_0019_0021,data/FineGym_data/videos/val/85/aN9hSsP6xTg_E_000684_000719_A_0019_0021.mp4,85,16,100,1,84,False,True,0.5866450071334839,0.004740989999845624,0.000993760593701154,0.7929404269671068,51,16,16,16,False,
finegym,val,E3AHJ6-QS8M_E_002444_002486_A_0016_0019,data/FineGym_data/videos/val/85/E3AHJ6-QS8M_E_002444_002486_A_0016_0019.mp4,85,16,100,1,75,False,True,0.9772631525993347,0.0059152289759367704,0.000993760593701154,0.787455057958141,63,16,16,16,False,
finegym,val,A0xAXXysHUo_E_000406_000449_A_0018_0020,data/FineGym_data/videos/val/85/A0xAXXysHUo_E_000406_000449_A_0018_0020.mp4,85,16,100,1,75,False,True,0.968309760093689,0.005241081002168357,0.000993760593701154,0.7807180630043149,61,16,16,16,False,
finegym,val,E3AHJ6-QS8M_E_002152_002186_A_0003_0005,data/FineGym_data/videos/val/85/E3AHJ6-QS8M_E_002152_002186_A_0003_0005.mp4,85,16,100,1,75,False,True,0.9479141235351562,0.006142557016573846,0.000993760593701154,0.7747305069351569,54,16,16,16,False,
finegym,val,cWztehyIFkg_E_004746_004783_A_0019_0021,data/FineGym_data/videos/val/85/cWztehyIFkg_E_004746_004783_A_0019_0021.mp4,85,16,100,1,88,False,True,0.7509555220603943,0.00724362803157419,0.000993760593701154,0.7678275000071153,63,16,16,16,False,
finegym,val,aEZbP-Yephw_E_001836_001877_A_0016_0018,data/FineGym_data/videos/val/85/aEZbP-Yephw_E_001836_001877_A_0016_0018.mp4,85,16,100,1,85,True,True,0.8429734706878662,0.005134940962307155,0.000993760593701154,0.759812650969252,57,16,16,16,False,
finegym,val,A0xAXXysHUo_E_000600_000641_A_0015_0018,data/FineGym_data/videos/val/85/A0xAXXysHUo_E_000600_000641_A_0015_0018.mp4,85,16,100,1,85,True,True,0.9406750202178955,0.004820428905077279,0.000993760593701154,0.7539209160022438,74,16,16,16,False,
finegym,val,aEZbP-Yephw_E_002380_002413_A_0010_0013,data/FineGym_data/videos/val/85/aEZbP-Yephw_E_002380_002413_A_0010_0013.mp4,85,16,100,1,75,False,True,0.9148164391517639,0.006636866019107401,0.000993760593701154,0.7483334839344025,69,16,16,16,False,
finegym,val,DG7upbhB1bI_E_003410_003447_A_0009_0012,data/FineGym_data/videos/val/85/DG7upbhB1bI_E_003410_003447_A_0009_0012.mp4,85,16,100,1,86,False,True,0.49415913224220276,0.005768953007645905,0.000993760593701154,0.7410749580012634,68,16,16,16,False,
finegym,val,A0xAXXysHUo_E_001292_001332_A_0015_0017,data/FineGym_data/videos/val/85/A0xAXXysHUo_E_001292_001332_A_0015_0017.mp4,85,16,100,1,75,False,True,0.8993744254112244,0.005137105006724596,0.000993760593701154,0.7348576709628105,66,16,16,16,False,
finegym,val,EKb2MMJSoeI_E_000592_000629_A_0009_0012,data/FineGym_data/videos/val/85/EKb2MMJSoeI_E_000592_000629_A_0009_0012.mp4,85,16,100,1,75,False,True,0.5636012554168701,0.005401883972808719,0.000993760593701154,0.7292861479800195,79,16,16,16,False,
finegym,val,e3EsDlpNo0c_E_006249_006285_A_0005_0007,data/FineGym_data/videos/val/85/e3EsDlpNo0c_E_006249_006285_A_0005_0007.mp4,85,16,100,1,74,False,True,0.7529646158218384,0.004968506982550025,0.000993760593701154,0.7234614900080487,61,16,16,16,False,
finegym,val,BLzs5opw8uM_E_000368_000412_A_0017_0019,data/FineGym_data/videos/val/85/BLzs5opw8uM_E_000368_000412_A_0017_0019.mp4,85,16,100,1,85,True,True,0.9834943413734436,0.005532850045710802,0.000993760593701154,0.7180775699671358,67,16,16,16,False,
finegym,val,CUuRl0Bwbbc_E_000640_000678_A_0010_0013,data/FineGym_data/videos/val/85/CUuRl0Bwbbc_E_000640_000678_A_0010_0013.mp4,85,16,100,1,85,True,True,0.96645188331604,0.006173283909447491,0.000993760593701154,0.7120243220124394,78,16,16,16,False,
finegym,val,dqUNtY2GwW4_E_005951_005985_A_0019_0020,data/FineGym_data/videos/val/85/dqUNtY2GwW4_E_005951_005985_A_0019_0020.mp4,85,16,100,1,75,False,True,0.6916045546531677,0.0050504220416769385,0.000993760593701154,0.7053328530164436,47,16,16,16,False,
finegym,val,cWztehyIFkg_E_004517_004557_A_0021_0024,data/FineGym_data/videos/val/85/cWztehyIFkg_E_004517_004557_A_0021_0024.mp4,85,16,100,1,85,True,True,0.9057856798171997,0.005762942018918693,0.000993760593701154,0.6998830499360338,79,16,16,16,False,
finegym,val,e3EsDlpNo0c_E_007361_007390_A_0014_0016,data/FineGym_data/videos/val/85/e3EsDlpNo0c_E_007361_007390_A_0014_0016.mp4,85,16,100,1,85,True,True,0.9491611123085022,0.004674174007959664,0.000993760593701154,0.6936873119557276,58,16,16,16,False,
finegym,val,eH-ZgOT8ASM_E_003912_003946_A_0018_0020,data/FineGym_data/videos/val/85/eH-ZgOT8ASM_E_003912_003946_A_0018_0020.mp4,85,16,100,1,85,True,True,0.9706407189369202,0.006042268010787666,0.000993760593701154,0.6885893309954554,62,16,16,16,False,
finegym,val,DTedv-hhHU4_E_003265_003304_A_0004_0006,data/FineGym_data/videos/val/85/DTedv-hhHU4_E_003265_003304_A_0004_0006.mp4,85,16,100,1,74,False,True,0.6550575494766235,0.004456092952750623,0.000993760593701154,0.6821378340246156,57,16,16,16,False,
finegym,val,EFvDqOF1sCk_E_001296_001324_A_0014_0016,data/FineGym_data/videos/val/85/EFvDqOF1sCk_E_001296_001324_A_0014_0016.mp4,85,16,100,1,85,True,True,0.9643850922584534,0.005350567051209509,0.000993760593701154,0.6768476400757208,41,16,16,16,False,
finegym,val,aEZbP-Yephw_E_001836_001877_A_0003_0004,data/FineGym_data/videos/val/86/aEZbP-Yephw_E_001836_001877_A_0003_0004.mp4,86,16,100,1,86,True,True,0.8801687955856323,0.005029954016208649,0.000993760593701154,0.6707376450067386,46,16,16,16,False,
finegym,val,e3EsDlpNo0c_E_007361_007390_A_0003_0004,data/FineGym_data/videos/val/86/e3EsDlpNo0c_E_007361_007390_A_0003_0004.mp4,86,16,100,1,76,False,True,0.9907487034797668,0.0049209080170840025,0.000993760593701154,0.6649557769997045,53,16,16,16,False,
finegym,val,E3AHJ6-QS8M_E_003256_003294_A_0030_0032,data/FineGym_data/videos/val/86/E3AHJ6-QS8M_E_003256_003294_A_0030_0032.mp4,86,16,100,1,76,False,True,0.6477305293083191,0.005631264997646213,0.000993760593701154,0.6592311969725415,64,16,16,16,False,
finegym,val,e3EsDlpNo0c_E_004138_004169_A_0012_0014,data/FineGym_data/videos/val/86/e3EsDlpNo0c_E_004138_004169_A_0012_0014.mp4,86,16,100,1,76,False,True,0.9796223640441895,0.005382545990869403,0.000993760593701154,0.6528352639870718,61,16,16,16,False,
finegym,val,A0xAXXysHUo_E_001292_001332_A_0032_0034,data/FineGym_data/videos/val/86/A0xAXXysHUo_E_001292_001332_A_0032_0034.mp4,86,16,100,1,86,True,True,0.4948181211948395,0.004222764982841909,0.000993760593701154,0.6466991590568796,50,16,16,16,False,
finegym,val,aN9hSsP6xTg_E_000684_000719_A_0005_0007,data/FineGym_data/videos/val/86/aN9hSsP6xTg_E_000684_000719_A_0005_0007.mp4,86,16,100,1,83,False,True,0.7558748722076416,0.004995858995243907,0.000993760593701154,0.6417190600186586,36,16,16,16,False,
finegym,val,cWztehyIFkg_E_004746_004783_A_0003_0004,data/FineGym_data/videos/val/86/cWztehyIFkg_E_004746_004783_A_0003_0004.mp4,86,16,100,1,76,False,True,0.9942465424537659,0.004919075057841837,0.000993760593701154,0.635971745941788,43,16,16,16,False,
finegym,val,e3EsDlpNo0c_E_005512_005550_A_0003_0005,data/FineGym_data/videos/val/86/e3EsDlpNo0c_E_005512_005550_A_0003_0005.mp4,86,16,100,1,76,False,True,0.9906535744667053,0.005311253014951944,0.000993760593701154,0.6305498760193586,75,16,16,16,False,
finegym,val,aEZbP-Yephw_E_002570_002605_A_0028_0030,data/FineGym_data/videos/val/86/aEZbP-Yephw_E_002570_002605_A_0028_0030.mp4,86,16,100,1,76,False,True,0.9828706979751587,0.005847651977092028,0.000993760593701154,0.6244827610207722,54,16,16,16,False,
finegym,val,aN9hSsP6xTg_E_000684_000719_A_0017_0019,data/FineGym_data/videos/val/86/aN9hSsP6xTg_E_000684_000719_A_0017_0019.mp4,86,16,100,1,86,True,True,0.9030988812446594,0.006336291087791324,0.000993760593701154,0.6177968831034377,58,16,16,16,False,
finegym,val,aN9hSsP6xTg_E_001266_001302_A_0005_0006,data/FineGym_data/videos/val/86/aN9hSsP6xTg_E_001266_001302_A_0005_0006.mp4,86,16,100,1,76,False,True,0.6788082122802734,0.004928301903419197,0.000993760593701154,0.6110211440827698,38,16,16,16,False,
finegym,val,DG7upbhB1bI_E_003410_003447_A_0003_0005,data/FineGym_data/videos/val/86/DG7upbhB1bI_E_003410_003447_A_0003_0005.mp4,86,16,100,1,86,True,True,0.9486078023910522,0.004871013923548162,0.000993760593701154,0.6056676129810512,61,16,16,16,False,
finegym,val,DTedv-hhHU4_E_003265_003304_A_0002_0004,data/FineGym_data/videos/val/86/DTedv-hhHU4_E_003265_003304_A_0002_0004.mp4,86,16,100,1,76,False,True,0.955433189868927,0.0038948969449847937,0.000993760593701154,0.6002769810147583,58,16,16,16,False,
finegym,val,E3AHJ6-QS8M_E_002152_002186_A_0010_0012,data/FineGym_data/videos/val/86/E3AHJ6-QS8M_E_002152_002186_A_0010_0012.mp4,86,16,100,1,86,True,True,0.9980366826057434,0.005497944075614214,0.000993760593701154,0.595974185038358,50,16,16,16,False,
finegym,val,DG7upbhB1bI_E_003569_003600_A_0005_0006,data/FineGym_data/videos/val/86/DG7upbhB1bI_E_003569_003600_A_0005_0006.mp4,86,16,100,1,88,False,True,0.6325318813323975,0.004342710017226636,0.000993760593701154,0.5900716600008309,36,16,16,16,False,
finegym,val,cWztehyIFkg_E_004517_004557_A_0008_0010,data/FineGym_data/videos/val/86/cWztehyIFkg_E_004517_004557_A_0008_0010.mp4,86,16,100,1,76,False,True,0.6786829829216003,0.00538791692815721,0.000993760593701154,0.5849125039530918,56,16,16,16,False,
finegym,val,e3EsDlpNo0c_E_006249_006285_A_0003_0005,data/FineGym_data/videos/val/86/e3EsDlpNo0c_E_006249_006285_A_0003_0005.mp4,86,16,100,1,76,False,True,0.2402113527059555,0.005012469948269427,0.000993760593701154,0.5787469439674169,60,16,16,16,False,
finegym,val,DTedv-hhHU4_E_003057_003091_A_0005_0007,data/FineGym_data/videos/val/86/DTedv-hhHU4_E_003057_003091_A_0005_0007.mp4,86,16,100,1,76,False,True,0.589464008808136,0.004343631910160184,0.000993760593701154,0.5729640839854255,43,16,16,16,False,
finegym,val,e3EsDlpNo0c_E_007361_007390_A_0012_0014,data/FineGym_data/videos/val/86/e3EsDlpNo0c_E_007361_007390_A_0012_0014.mp4,86,16,100,1,76,False,True,0.9655629396438599,0.004586528986692429,0.000993760593701154,0.5678785159252584,62,16,16,16,False,
finegym,val,e3EsDlpNo0c_E_006249_006285_A_0019_0021,data/FineGym_data/videos/val/86/e3EsDlpNo0c_E_006249_006285_A_0019_0021.mp4,86,16,100,1,76,False,True,0.9979787468910217,0.004909306997433305,0.000993760593701154,0.5625410339562222,47,16,16,16,False,
finegym,val,CUuRl0Bwbbc_E_000640_000678_A_0003_0005,data/FineGym_data/videos/val/87/CUuRl0Bwbbc_E_000640_000678_A_0003_0005.mp4,87,16,100,1,87,True,True,0.9967753291130066,0.007015389041043818,0.000993760593701154,0.5568794929422438,81,16,16,16,False,
finegym,val,A0xAXXysHUo_E_000406_000449_A_0024_0027,data/FineGym_data/videos/val/87/A0xAXXysHUo_E_000406_000449_A_0024_0027.mp4,87,16,100,1,87,True,True,0.9834323525428772,0.005792547948658466,0.000993760593701154,0.54924037004821,75,16,16,16,False,
finegym,val,cWztehyIFkg_E_004084_004142_A_0003_0006,data/FineGym_data/videos/val/87/cWztehyIFkg_E_004084_004142_A_0003_0006.mp4,87,16,100,1,87,True,True,0.9161046147346497,0.005119561916217208,0.000993760593701154,0.5430217209504917,72,16,16,16,False,
finegym,val,cWztehyIFkg_E_005165_005196_A_0003_0005,data/FineGym_data/videos/val/87/cWztehyIFkg_E_005165_005196_A_0003_0005.mp4,87,16,100,1,87,True,True,0.7348152995109558,0.004899858962744474,0.000993760593701154,0.5374827289488167,62,16,16,16,False,
finegym,val,BLzs5opw8uM_E_000368_000412_A_0024_0027,data/FineGym_data/videos/val/87/BLzs5opw8uM_E_000368_000412_A_0024_0027.mp4,87,16,100,1,84,False,True,0.6357039213180542,0.006750090047717094,0.000993760593701154,0.5321593539556488,83,16,16,16,False,
finegym,val,A0xAXXysHUo_E_001463_001500_A_0025_0028,data/FineGym_data/videos/val/87/A0xAXXysHUo_E_001463_001500_A_0025_0028.mp4,87,16,100,1,87,True,True,0.9943729639053345,0.005866327090188861,0.000993760593701154,0.5249670320190489,73,16,16,16,False,
finegym,val,aEZbP-Yephw_E_002380_002413_A_0003_0005,data/FineGym_data/videos/val/87/aEZbP-Yephw_E_002380_002413_A_0003_0005.mp4,87,16,100,1,87,True,True,0.9884067177772522,0.006495460984297097,0.000993760593701154,0.5182451460277662,61,16,16,16,False,
finegym,val,C5Yfd1IWjmM_E_003703_003739_A_0003_0005,data/FineGym_data/videos/val/87/C5Yfd1IWjmM_E_003703_003739_A_0003_0005.mp4,87,16,100,1,77,False,False,0.9733259677886963,0.00576833204831928,0.000993760593701154,0.5109264269703999,73,16,16,16,False,
finegym,val,aEZbP-Yephw_E_001713_001750_A_0024_0027,data/FineGym_data/videos/val/87/aEZbP-Yephw_E_001713_001750_A_0024_0027.mp4,87,16,100,1,87,True,True,0.9877184629440308,0.0064645030070096254,0.000993760593701154,0.5045766099356115,69,16,16,16,False,
finegym,val,BLzs5opw8uM_E_004523_004561_A_0022_0025,data/FineGym_data/videos/val/87/BLzs5opw8uM_E_004523_004561_A_0022_0025.mp4,87,16,100,1,74,False,True,0.9030690789222717,0.006335540092550218,0.000993760593701154,0.4973450150573626,85,16,16,16,False,
finegym,val,aEZbP-Yephw_E_001318_001359_A_0019_0022,data/FineGym_data/videos/val/87/aEZbP-Yephw_E_001318_001359_A_0019_0022.mp4,87,16,100,1,87,True,True,0.9954555034637451,0.005993175087496638,0.000993760593701154,0.49018708791118115,52,16,16,16,False,
finegym,val,aN9hSsP6xTg_E_001266_001302_A_0014_0015,data/FineGym_data/videos/val/88/aN9hSsP6xTg_E_001266_001302_A_0014_0015.mp4,88,16,100,1,88,True,True,0.985270619392395,0.0053409680258482695,0.000993760593701154,0.48357678100001067,36,16,16,16,False,
finegym,val,aN9hSsP6xTg_E_000731_000766_A_0016_0017,data/FineGym_data/videos/val/88/aN9hSsP6xTg_E_000731_000766_A_0016_0017.mp4,88,16,100,1,88,True,True,0.9991205334663391,0.005138617940247059,0.000993760593701154,0.47778382198885083,38,16,16,16,False,
finegym,val,A0xAXXysHUo_E_001292_001332_A_0013_0015,data/FineGym_data/videos/val/88/A0xAXXysHUo_E_001292_001332_A_0013_0015.mp4,88,16,100,1,76,False,False,0.9794140458106995,0.005936449044384062,0.000993760593701154,0.4721887849736959,54,16,16,16,False,
finegym,val,aN9hSsP6xTg_E_000178_000216_A_0011_0013,data/FineGym_data/videos/val/88/aN9hSsP6xTg_E_000178_000216_A_0011_0013.mp4,88,16,100,1,79,False,True,0.4014910161495209,0.00589372799731791,0.000993760593701154,0.46547764900606126,49,16,16,16,False,
finegym,val,BLzs5opw8uM_E_000621_000654_A_0015_0017,data/FineGym_data/videos/val/88/BLzs5opw8uM_E_000621_000654_A_0015_0017.mp4,88,16,100,1,88,True,True,0.9964113831520081,0.005922311916947365,0.000993760593701154,0.45876983902417123,60,16,16,16,False,
finegym,val,AZ4wWG6Rcak_E_003643_003675_A_0014_0016,data/FineGym_data/videos/val/88/AZ4wWG6Rcak_E_003643_003675_A_0014_0016.mp4,88,16,100,1,88,True,True,0.9993465542793274,0.0042005430441349745,0.000993760593701154,0.4520852629793808,43,16,16,16,False,
finegym,val,AZ4wWG6Rcak_E_003643_003675_A_0003_0005,data/FineGym_data/videos/val/88/AZ4wWG6Rcak_E_003643_003675_A_0003_0005.mp4,88,16,100,1,88,True,True,0.9980682730674744,0.004453598987311125,0.000993760593701154,0.4471192699857056,42,16,16,16,False,
finegym,val,aN9hSsP6xTg_E_001313_001352_A_0006_0007,data/FineGym_data/videos/val/88/aN9hSsP6xTg_E_001313_001352_A_0006_0007.mp4,88,16,100,1,88,True,True,0.9951131939888,0.004848862998187542,0.000993760593701154,0.44191408599726856,33,16,16,16,False,
finegym,val,AZ4wWG6Rcak_E_008901_008976_A_0016_0017,data/FineGym_data/videos/val/88/AZ4wWG6Rcak_E_008901_008976_A_0016_0017.mp4,88,16,100,1,88,True,True,0.9981495141983032,0.004228985984809697,0.000993760593701154,0.43632159498520195,44,16,16,16,False,
finegym,val,aN3PC4tJokk_E_000700_000733_A_0008_0010,data/FineGym_data/videos/val/88/aN3PC4tJokk_E_000700_000733_A_0008_0010.mp4,88,16,100,1,88,True,True,0.9949865341186523,0.004971303045749664,0.000993760593701154,0.43134654499590397,59,16,16,16,False,
finegym,val,aN9hSsP6xTg_E_001266_001302_A_0012_0014,data/FineGym_data/videos/val/88/aN9hSsP6xTg_E_001266_001302_A_0012_0014.mp4,88,16,100,1,88,True,True,0.6924018859863281,0.005085287964902818,0.000993760593701154,0.4256135290488601,48,16,16,16,False,
finegym,val,AZ4wWG6Rcak_E_008901_008976_A_0006_0007,data/FineGym_data/videos/val/88/AZ4wWG6Rcak_E_008901_008976_A_0006_0007.mp4,88,16,100,1,88,True,True,0.9965564012527466,0.004513212013989687,0.000993760593701154,0.41976270091254264,39,16,16,16,False,
finegym,val,aEZbP-Yephw_E_002570_002605_A_0013_0015,data/FineGym_data/videos/val/88/aEZbP-Yephw_E_002570_002605_A_0013_0015.mp4,88,16,100,1,88,True,True,0.7658513188362122,0.005135240964591503,0.000993760593701154,0.41450225410517305,43,16,16,16,False,
finegym,val,CUuRl0Bwbbc_E_000640_000678_A_0022_0023,data/FineGym_data/videos/val/89/CUuRl0Bwbbc_E_000640_000678_A_0022_0023.mp4,89,16,100,1,89,True,True,0.9981319308280945,0.004432489047758281,0.000993760593701154,0.40858841803856194,45,16,16,16,False,
finegym,val,AZ4wWG6Rcak_E_005995_006025_A_0018_0019,data/FineGym_data/videos/val/89/AZ4wWG6Rcak_E_005995_006025_A_0018_0019.mp4,89,16,100,1,89,True,True,0.9002702236175537,0.004077823017723858,0.000993760593701154,0.4033914909232408,40,16,16,16,False,
finegym,val,A0xAXXysHUo_E_001463_001500_A_0028_0030,data/FineGym_data/videos/val/89/A0xAXXysHUo_E_001463_001500_A_0028_0030.mp4,89,16,100,1,89,True,True,0.9960845708847046,0.004417420946992934,0.000993760593701154,0.39854021300561726,49,16,16,16,False,
finegym,val,DG7upbhB1bI_E_000790_000825_A_0013_0014,data/FineGym_data/videos/val/89/DG7upbhB1bI_E_000790_000825_A_0013_0014.mp4,89,16,100,1,90,False,True,0.8138850331306458,0.0046626030234619975,0.000993760593701154,0.39325616194400936,44,16,16,16,False,
finegym,val,0LtLS9wROrk_E_007196_007226_A_0006_0007,data/FineGym_data/videos/val/89/0LtLS9wROrk_E_007196_007226_A_0006_0007.mp4,89,16,100,1,89,True,True,0.7928704023361206,0.003875981899909675,0.000993760593701154,0.38780999497976154,45,16,16,16,False,
finegym,val,cWztehyIFkg_E_004940_004981_A_0019_0021,data/FineGym_data/videos/val/89/cWztehyIFkg_E_004940_004981_A_0019_0021.mp4,89,16,100,1,89,True,True,0.9961883425712585,0.0046757160453125834,0.000993760593701154,0.38315692101605237,40,16,16,16,False,
finegym,val,BLzs5opw8uM_E_004523_004561_A_0026_0027,data/FineGym_data/videos/val/89/BLzs5opw8uM_E_004523_004561_A_0026_0027.mp4,89,16,100,1,89,True,True,0.9928015470504761,0.0043396539986133575,0.000993760593701154,0.377713760943152,46,16,16,16,False,
finegym,val,cWztehyIFkg_E_004746_004783_A_0008_0010,data/FineGym_data/videos/val/89/cWztehyIFkg_E_004746_004783_A_0008_0010.mp4,89,16,100,1,89,True,True,0.9928255081176758,0.00463692401535809,0.000993760593701154,0.3726040070177987,37,16,16,16,False,
finegym,val,aEZbP-Yephw_E_001713_001750_A_0029_0030,data/FineGym_data/videos/val/89/aEZbP-Yephw_E_001713_001750_A_0029_0030.mp4,89,16,100,1,89,True,True,0.9967255592346191,0.004113008035346866,0.000993760593701154,0.36719877703581005,21,16,16,16,False,
finegym,val,A0xAXXysHUo_E_000945_000992_A_0020_0022,data/FineGym_data/videos/val/89/A0xAXXysHUo_E_000945_000992_A_0020_0022.mp4,89,16,100,1,89,True,True,0.9978735446929932,0.005004664999432862,0.000993760593701154,0.3623897299403325,47,16,16,16,False,
finegym,val,DG7upbhB1bI_E_001168_001204_A_0005_0007,data/FineGym_data/videos/val/89/DG7upbhB1bI_E_001168_001204_A_0005_0007.mp4,89,16,100,1,89,True,True,0.99647057056427,0.004818846005946398,0.000993760593701154,0.3567441990599036,43,16,16,16,False,
finegym,val,AZ4wWG6Rcak_E_005197_005262_A_0009_0010,data/FineGym_data/videos/val/89/AZ4wWG6Rcak_E_005197_005262_A_0009_0010.mp4,89,16,100,1,89,True,True,0.9890122413635254,0.0042972450610250235,0.000993760593701154,0.3514715180499479,40,16,16,16,False,
finegym,val,BLzs5opw8uM_E_003391_003423_A_0010_0011,data/FineGym_data/videos/val/89/BLzs5opw8uM_E_003391_003423_A_0010_0011.mp4,89,16,100,1,89,True,True,0.9649742245674133,0.004607788985595107,0.000993760593701154,0.34675380191765726,31,16,16,16,False,
finegym,val,A0xAXXysHUo_E_001875_001911_A_0024_0025,data/FineGym_data/videos/val/89/A0xAXXysHUo_E_001875_001911_A_0024_0025.mp4,89,16,100,1,89,True,True,0.9917080998420715,0.0045494199730455875,0.000993760593701154,0.3417340979212895,49,16,16,16,False,
finegym,val,BLzs5opw8uM_E_000368_000412_A_0013_0014,data/FineGym_data/videos/val/89/BLzs5opw8uM_E_000368_000412_A_0013_0014.mp4,89,16,100,1,89,True,True,0.9969109892845154,0.005984649993479252,0.0010666311354725622,0.7063091889722273,51,16,16,16,False,
finegym,val,aN3PC4tJokk_E_000137_000175_A_0014_0015,data/FineGym_data/videos/val/89/aN3PC4tJokk_E_000137_000175_A_0014_0015.mp4,89,16,100,1,89,True,True,0.9971387386322021,0.004736852017231286,0.0010666311354725622,0.6994968419894576,45,16,16,16,False,
finegym,val,BLzs5opw8uM_E_000621_000654_A_0011_0013,data/FineGym_data/videos/val/89/BLzs5opw8uM_E_000621_000654_A_0011_0013.mp4,89,16,100,1,89,True,True,0.9577230215072632,0.005076420959085226,0.0010666311354725622,0.6940146980341524,48,16,16,16,False,
finegym,val,aN9hSsP6xTg_E_001266_001302_A_0022_0023,data/FineGym_data/videos/val/89/aN9hSsP6xTg_E_001266_001302_A_0022_0023.mp4,89,16,100,1,89,True,True,0.9884738326072693,0.00454739504493773,0.0010666311354725622,0.6881972730625421,39,16,16,16,False,
finegym,val,aN9hSsP6xTg_E_000731_000766_A_0007_0008,data/FineGym_data/videos/val/89/aN9hSsP6xTg_E_000731_000766_A_0007_0008.mp4,89,16,100,1,89,True,True,0.9803481698036194,0.004239605972543359,0.0010666311354725622,0.6829076409339905,38,16,16,16,False,
finegym,val,0LtLS9wROrk_E_002710_002737_A_0007_0008,data/FineGym_data/videos/val/89/0LtLS9wROrk_E_002710_002737_A_0007_0008.mp4,89,16,100,1,89,True,True,0.9980555772781372,0.0039182319305837154,0.0010666311354725622,0.677809891058132,46,16,16,16,False,
finegym,val,DG7upbhB1bI_E_005602_005643_A_0012_0013,data/FineGym_data/videos/val/90/DG7upbhB1bI_E_005602_005643_A_0012_0013.mp4,90,16,100,1,89,False,True,0.9038084745407104,0.003927369019947946,0.0010666311354725622,0.6731625969987363,33,16,16,16,False,
finegym,val,aN9hSsP6xTg_E_000731_000766_A_0017_0019,data/FineGym_data/videos/val/90/aN9hSsP6xTg_E_000731_000766_A_0017_0019.mp4,90,16,100,1,90,True,True,0.8367190361022949,0.0037985359085723758,0.0010666311354725622,0.6685126189840958,27,16,16,16,False,
finegym,val,0LtLS9wROrk_E_007492_007516_A_0009_0010,data/FineGym_data/videos/val/90/0LtLS9wROrk_E_007492_007516_A_0009_0010.mp4,90,16,100,1,90,True,True,0.9900252819061279,0.003512128023430705,0.0010666311354725622,0.6640088259009644,34,16,16,16,False,
finegym,val,esQQbBhuXbM_E_001476_001512_A_0005_0006,data/FineGym_data/videos/val/90/esQQbBhuXbM_E_001476_001512_A_0005_0006.mp4,90,16,100,1,90,True,True,0.9991981387138367,0.003370060003362596,0.0010666311354725622,0.6597663830034435,27,16,16,16,False,
finegym,val,E3AHJ6-QS8M_E_003256_003294_A_0010_0012,data/FineGym_data/videos/val/90/E3AHJ6-QS8M_E_003256_003294_A_0010_0012.mp4,90,16,100,1,90,True,True,0.8979124426841736,0.004910779069177806,0.0010666311354725622,0.6556997729931027,39,16,16,16,False,
finegym,val,E3AHJ6-QS8M_E_002152_002186_A_0017_0019,data/FineGym_data/videos/val/90/E3AHJ6-QS8M_E_002152_002186_A_0017_0019.mp4,90,16,100,1,92,False,True,0.586213231086731,0.004921338986605406,0.0010666311354725622,0.6500557239633054,40,16,16,16,False,
finegym,val,aEZbP-Yephw_E_001836_001877_A_0027_0028,data/FineGym_data/videos/val/90/aEZbP-Yephw_E_001836_001877_A_0027_0028.mp4,90,16,100,1,92,False,True,0.6249281764030457,0.004863780923187733,0.0010666311354725622,0.6444121870445088,37,16,16,16,False,
finegym,val,A0xAXXysHUo_E_001292_001332_A_0009_0010,data/FineGym_data/videos/val/90/A0xAXXysHUo_E_001292_001332_A_0009_0010.mp4,90,16,100,1,92,False,True,0.8411562442779541,0.004269272089004517,0.0010666311354725622,0.6386976350331679,49,16,16,16,False,
finegym,val,eH-ZgOT8ASM_E_003426_003457_A_0004_0005,data/FineGym_data/videos/val/90/eH-ZgOT8ASM_E_003426_003457_A_0004_0005.mp4,90,16,100,1,90,True,True,0.9584440588951111,0.004084856016561389,0.0010666311354725622,0.6336876089917496,28,16,16,16,False,
finegym,val,C5Yfd1IWjmM_E_004167_004203_A_0020_0022,data/FineGym_data/videos/val/90/C5Yfd1IWjmM_E_004167_004203_A_0020_0022.mp4,90,16,100,1,90,True,True,0.8482198715209961,0.004074796917848289,0.0010666311354725622,0.628904871060513,33,16,16,16,False,
finegym,val,AZ4wWG6Rcak_E_003963_003992_A_0011_0012,data/FineGym_data/videos/val/90/AZ4wWG6Rcak_E_003963_003992_A_0011_0012.mp4,90,16,100,1,90,True,True,0.9209353923797607,0.00448578002396971,0.0010666311354725622,0.6241232350002974,40,16,16,16,False,
finegym,val,aEZbP-Yephw_E_001318_001359_A_0023_0024,data/FineGym_data/videos/val/90/aEZbP-Yephw_E_001318_001359_A_0023_0024.mp4,90,16,100,1,90,True,True,0.994209885597229,0.004253363003954291,0.0010666311354725622,0.6189219490624964,26,16,16,16,False,
finegym,val,aN3PC4tJokk_E_000137_000175_A_0019_0021,data/FineGym_data/videos/val/90/aN3PC4tJokk_E_000137_000175_A_0019_0021.mp4,90,16,100,1,90,True,True,0.9972871541976929,0.004446396022103727,0.0010666311354725622,0.6139708940172568,46,16,16,16,False,
finegym,val,C5Yfd1IWjmM_E_003703_003739_A_0011_0013,data/FineGym_data/videos/val/90/C5Yfd1IWjmM_E_003703_003739_A_0011_0013.mp4,90,16,100,1,90,True,True,0.9976905584335327,0.004086728906258941,0.0010666311354725622,0.6087809400632977,33,16,16,16,False,
finegym,val,C5Yfd1IWjmM_E_003905_003940_A_0019_0021,data/FineGym_data/videos/val/90/C5Yfd1IWjmM_E_003905_003940_A_0019_0021.mp4,90,16,100,1,90,True,True,0.9986020922660828,0.004430835950188339,0.0010666311354725622,0.603987341048196,45,16,16,16,False,
finegym,val,e3EsDlpNo0c_E_004808_004838_A_0009_0011,data/FineGym_data/videos/val/90/e3EsDlpNo0c_E_004808_004838_A_0009_0011.mp4,90,16,100,1,91,False,True,0.6736962199211121,0.004824617062695324,0.0010666311354725622,0.5988132969941944,47,16,16,16,False,
finegym,val,cWztehyIFkg_E_005378_005413_A_0004_0005,data/FineGym_data/videos/val/90/cWztehyIFkg_E_005378_005413_A_0004_0005.mp4,90,16,100,1,90,True,True,0.9863068461418152,0.004061010084114969,0.0010666311354725622,0.5932540179928765,28,16,16,16,False,
finegym,val,eH-ZgOT8ASM_E_002678_002721_A_0032_0033,data/FineGym_data/videos/val/90/eH-ZgOT8ASM_E_002678_002721_A_0032_0033.mp4,90,16,100,1,90,True,True,0.9692445397377014,0.004400257952511311,0.0010666311354725622,0.5884953850181773,40,16,16,16,False,
finegym,val,e3EsDlpNo0c_E_001952_001988_A_0020_0021,data/FineGym_data/videos/val/90/e3EsDlpNo0c_E_001952_001988_A_0020_0021.mp4,90,16,100,1,89,False,True,0.5497010946273804,0.004704050021246076,0.0010666311354725622,0.583364340942353,33,16,16,16,False,
finegym,val,esQQbBhuXbM_E_002759_002794_A_0020_0021,data/FineGym_data/videos/val/90/esQQbBhuXbM_E_002759_002794_A_0020_0021.mp4,90,16,100,1,90,True,True,0.9987801909446716,0.003510023932904005,0.0010666311354725622,0.5778469300130382,25,16,16,16,False,
finegym,val,cSh74jSRht8_E_000940_000974_A_0008_0010,data/FineGym_data/videos/val/91/cSh74jSRht8_E_000940_000974_A_0008_0010.mp4,91,16,100,1,92,False,True,0.563063383102417,0.004235868924297392,0.0010666311354725622,0.5736351170344278,39,16,16,16,False,
finegym,val,dqUNtY2GwW4_E_005804_005845_A_0019_0021,data/FineGym_data/videos/val/91/dqUNtY2GwW4_E_005804_005845_A_0019_0021.mp4,91,16,100,1,91,True,True,0.9983232617378235,0.004769454011693597,0.0010666311354725622,0.5686742729740217,39,16,16,16,False,
finegym,val,0LtLS9wROrk_E_004742_004771_A_0007_0008,data/FineGym_data/videos/val/91/0LtLS9wROrk_E_004742_004771_A_0007_0008.mp4,91,16,100,1,91,True,True,0.9468684792518616,0.004144017002545297,0.0010666311354725622,0.5631796250818297,44,16,16,16,False,
finegym,val,CUuRl0Bwbbc_E_000857_000923_A_0014_0015,data/FineGym_data/videos/val/91/CUuRl0Bwbbc_E_000857_000923_A_0014_0015.mp4,91,16,100,1,91,True,True,0.9951583743095398,0.0040689860470592976,0.0010666311354725622,0.5583026300882921,45,16,16,16,False,
finegym,val,aN9hSsP6xTg_E_000684_000719_A_0022_0024,data/FineGym_data/videos/val/91/aN9hSsP6xTg_E_000684_000719_A_0022_0024.mp4,91,16,100,1,91,True,True,0.9899545907974243,0.00444342999253422,0.0010666311354725622,0.5535041620023549,41,16,16,16,False,
finegym,val,aN3PC4tJokk_E_000700_000733_A_0013_0014,data/FineGym_data/videos/val/91/aN3PC4tJokk_E_000700_000733_A_0013_0014.mp4,91,16,100,1,91,True,True,0.9522005915641785,0.0046986599918454885,0.0010666311354725622,0.5483457969967276,44,16,16,16,False,
finegym,val,A0xAXXysHUo_E_000406_000449_A_0021_0022,data/FineGym_data/videos/val/91/A0xAXXysHUo_E_000406_000449_A_0021_0022.mp4,91,16,100,1,91,True,True,0.9902129769325256,0.004740778938867152,0.0010666311354725622,0.5429338649846613,46,16,16,16,False,
finegym,val,aN3PC4tJokk_E_000859_000897_A_0025_0026,data/FineGym_data/videos/val/91/aN3PC4tJokk_E_000859_000897_A_0025_0026.mp4,91,16,100,1,91,True,True,0.9986327290534973,0.004242761991918087,0.0010666311354725622,0.5375352889532223,45,16,16,16,False,
finegym,val,aEZbP-Yephw_E_002178_002219_A_0021_0023,data/FineGym_data/videos/val/91/aEZbP-Yephw_E_002178_002219_A_0021_0023.mp4,91,16,100,1,91,True,True,0.990097165107727,0.004657672950997949,0.0010666311354725622,0.5325494679855183,37,16,16,16,False,
finegym,val,DG7upbhB1bI_E_003410_003447_A_0013_0014,data/FineGym_data/videos/val/91/DG7upbhB1bI_E_003410_003447_A_0013_0014.mp4,91,16,100,1,91,True,True,0.6986650228500366,0.004715641960501671,0.0010666311354725622,0.5271225470351055,45,16,16,16,False,
finegym,val,DTedv-hhHU4_E_003057_003091_A_0023_0025,data/FineGym_data/videos/val/91/DTedv-hhHU4_E_003057_003091_A_0023_0025.mp4,91,16,100,1,91,True,True,0.998672604560852,0.0053551350720226765,0.0010666311354725622,0.5215268400497735,50,16,16,16,False,
finegym,val,A0xAXXysHUo_E_001463_001500_A_0021_0023,data/FineGym_data/videos/val/91/A0xAXXysHUo_E_001463_001500_A_0021_0023.mp4,91,16,100,1,91,True,True,0.6450570225715637,0.005727264913730323,0.0010666311354725622,0.5156141249462962,50,16,16,16,False,
finegym,val,DG7upbhB1bI_E_004686_004725_A_0011_0012,data/FineGym_data/videos/val/91/DG7upbhB1bI_E_004686_004725_A_0011_0012.mp4,91,16,100,1,91,True,True,0.9945490956306458,0.005475000012665987,0.0010666311354725622,0.5091650829417631,48,16,16,16,False,
finegym,val,CUuRl0Bwbbc_E_000425_000486_A_0007_0008,data/FineGym_data/videos/val/91/CUuRl0Bwbbc_E_000425_000486_A_0007_0008.mp4,91,16,100,1,91,True,True,0.9476824402809143,0.004865082912147045,0.0010666311354725622,0.5030265740351751,50,16,16,16,False,
finegym,val,DyZ2qj6x1UE_E_000886_000920_A_0024_0025,data/FineGym_data/videos/val/91/DyZ2qj6x1UE_E_000886_000920_A_0024_0025.mp4,91,16,100,1,91,True,True,0.9881887435913086,0.005281877936795354,0.0010666311354725622,0.4973664040444419,40,16,16,16,False,
finegym,val,BLzs5opw8uM_E_000368_000412_A_0020_0022,data/FineGym_data/videos/val/91/BLzs5opw8uM_E_000368_000412_A_0020_0022.mp4,91,16,100,1,91,True,True,0.9835996627807617,0.005047096055932343,0.0010666311354725622,0.49162087496370077,48,16,16,16,False,
finegym,val,aN9hSsP6xTg_E_000777_000817_A_0030_0031,data/FineGym_data/videos/val/91/aN9hSsP6xTg_E_000777_000817_A_0030_0031.mp4,91,16,100,1,91,True,True,0.9242244958877563,0.004958037985488772,0.0010666311354725622,0.48613670701161027,38,16,16,16,False,
finegym,val,0LtLS9wROrk_E_002407_002435_A_0006_0008,data/FineGym_data/videos/val/91/0LtLS9wROrk_E_002407_002435_A_0006_0008.mp4,91,16,100,1,91,True,True,0.9684621691703796,0.004635239951312542,0.0010666311354725622,0.48062297399155796,49,16,16,16,False,
finegym,val,aN3PC4tJokk_E_000460_000493_A_0011_0013,data/FineGym_data/videos/val/91/aN3PC4tJokk_E_000460_000493_A_0011_0013.mp4,91,16,100,1,91,True,True,0.9972051978111267,0.0052845029858872294,0.0010666311354725622,0.47504817496519536,47,16,16,16,False,
finegym,val,0LtLS9wROrk_E_006849_006876_A_0006_0007,data/FineGym_data/videos/val/91/0LtLS9wROrk_E_006849_006876_A_0006_0007.mp4,91,16,100,1,91,True,True,0.9884008169174194,0.004687007982283831,0.0010666311354725622,0.46926576597616076,45,16,16,16,False,
finegym,val,A0xAXXysHUo_E_000789_000829_A_0021_0023,data/FineGym_data/videos/val/92/A0xAXXysHUo_E_000789_000829_A_0021_0023.mp4,92,16,100,1,92,True,True,0.9958087205886841,0.005490990937687457,0.0010666311354725622,0.4640069219749421,42,16,16,16,False,
finegym,val,A0xAXXysHUo_E_002184_002237_A_0040_0042,data/FineGym_data/videos/val/92/A0xAXXysHUo_E_002184_002237_A_0040_0042.mp4,92,16,100,1,92,True,True,0.992250382900238,0.005357460002414882,0.0010666311354725622,0.4578108349815011,47,16,16,16,False,
finegym,val,aEZbP-Yephw_E_002380_002413_A_0014_0015,data/FineGym_data/videos/val/92/aEZbP-Yephw_E_002380_002413_A_0014_0015.mp4,92,16,100,1,92,True,True,0.9789823293685913,0.005829908070154488,0.0010666311354725622,0.4519392380025238,38,16,16,16,False,
finegym,val,DyZ2qj6x1UE_E_000365_000398_A_0015_0016,data/FineGym_data/videos/val/92/DyZ2qj6x1UE_E_000365_000398_A_0015_0016.mp4,92,16,100,1,92,True,True,0.9785030484199524,0.006799964001402259,0.0010666311354725622,0.4452820139704272,37,16,16,16,False,
finegym,val,CUuRl0Bwbbc_E_000640_000678_A_0014_0015,data/FineGym_data/videos/val/92/CUuRl0Bwbbc_E_000640_000678_A_0014_0015.mp4,92,16,100,1,92,True,True,0.9927788376808167,0.00585105805657804,0.0010666311354725622,0.4376053810119629,45,16,16,16,False,
finegym,val,cWztehyIFkg_E_004084_004142_A_0038_0039,data/FineGym_data/videos/val/92/cWztehyIFkg_E_004084_004142_A_0038_0039.mp4,92,16,100,1,92,True,True,0.9135531783103943,0.007424036972224712,0.0010666311354725622,0.4308456829749048,40,16,16,16,False,
finegym,val,cWztehyIFkg_E_004940_004981_A_0012_0014,data/FineGym_data/videos/val/92/cWztehyIFkg_E_004940_004981_A_0012_0014.mp4,92,16,100,1,92,True,True,0.9986182451248169,0.005316122085787356,0.0010666311354725622,0.4225223930552602,38,16,16,16,False,
finegym,val,cWztehyIFkg_E_004746_004783_A_0022_0024,data/FineGym_data/videos/val/92/cWztehyIFkg_E_004746_004783_A_0022_0024.mp4,92,16,100,1,92,True,True,0.620374858379364,0.004717927076853812,0.0010666311354725622,0.4166195369325578,38,16,16,16,False,
finegym,val,aN9hSsP6xTg_E_003184_003220_A_0018_0019,data/FineGym_data/videos/val/92/aN9hSsP6xTg_E_003184_003220_A_0018_0019.mp4,92,16,100,1,92,True,True,0.969193160533905,0.004334203898906708,0.0010666311354725622,0.41149872296955436,36,16,16,16,False,
finegym,val,AZ4wWG6Rcak_E_004423_004476_A_0023_0024,data/FineGym_data/videos/val/92/AZ4wWG6Rcak_E_004423_004476_A_0023_0024.mp4,92,16,100,1,92,True,True,0.9975766539573669,0.0042744220700114965,0.0010666311354725622,0.4067631440702826,39,16,16,16,False,
finegym,val,aN9hSsP6xTg_E_000112_000152_A_0023_0024,data/FineGym_data/videos/val/92/aN9hSsP6xTg_E_000112_000152_A_0023_0024.mp4,92,16,100,1,92,True,True,0.9929264187812805,0.0057630829978734255,0.0010666311354725622,0.402088678907603,39,16,16,16,False,
finegym,val,cWztehyIFkg_E_005165_005196_A_0018_0019,data/FineGym_data/videos/val/92/cWztehyIFkg_E_005165_005196_A_0018_0019.mp4,92,16,100,1,92,True,True,0.9957179427146912,0.005176068050786853,0.0010666311354725622,0.3956045199884102,39,16,16,16,False,
finegym,val,CUuRl0Bwbbc_E_000857_000923_A_0007_0008,data/FineGym_data/videos/val/92/CUuRl0Bwbbc_E_000857_000923_A_0007_0008.mp4,92,16,100,1,93,False,True,0.9356271028518677,0.004626333946362138,0.0010666311354725622,0.389869860955514,43,16,16,16,False,
finegym,val,cWztehyIFkg_E_003879_003921_A_0017_0018,data/FineGym_data/videos/val/92/cWztehyIFkg_E_003879_003921_A_0017_0018.mp4,92,16,100,1,92,True,True,0.9985557198524475,0.0043857109267264605,0.0010666311354725622,0.3848302399273962,40,16,16,16,False,
finegym,val,aEZbP-Yephw_E_000092_000132_A_0011_0012,data/FineGym_data/videos/val/92/aEZbP-Yephw_E_000092_000132_A_0011_0012.mp4,92,16,100,1,92,True,True,0.9940279722213745,0.004599062027409673,0.0010666311354725622,0.38003013900015503,35,16,16,16,False,
finegym,val,aN9hSsP6xTg_E_002376_002416_A_0007_0008,data/FineGym_data/videos/val/92/aN9hSsP6xTg_E_002376_002416_A_0007_0008.mp4,92,16,100,1,92,True,True,0.9582055807113647,0.0045451209880411625,0.0010666311354725622,0.37487212498672307,38,16,16,16,False,
finegym,val,cWztehyIFkg_E_004517_004557_A_0026_0027,data/FineGym_data/videos/val/92/cWztehyIFkg_E_004517_004557_A_0026_0027.mp4,92,16,100,1,92,True,True,0.9974479675292969,0.004419925040565431,0.0010666311354725622,0.3698612570296973,37,16,16,16,False,
finegym,val,DyZ2qj6x1UE_E_002396_002438_A_0011_0012,data/FineGym_data/videos/val/92/DyZ2qj6x1UE_E_002396_002438_A_0011_0012.mp4,92,16,100,1,92,True,True,0.9563140273094177,0.0046853950479999185,0.0010666311354725622,0.3649907730286941,36,16,16,16,False,
finegym,val,0LtLS9wROrk_E_005073_005097_A_0004_0006,data/FineGym_data/videos/val/93/0LtLS9wROrk_E_005073_005097_A_0004_0006.mp4,93,16,100,1,92,False,True,0.7602795958518982,0.004556702915579081,0.0010666311354725622,0.35991423204541206,50,16,16,16,False,
finegym,val,AZ4wWG6Rcak_E_005197_005262_A_0010_0012,data/FineGym_data/videos/val/94/AZ4wWG6Rcak_E_005197_005262_A_0010_0012.mp4,94,16,100,1,94,True,True,0.9963735938072205,0.003980459063313901,0.0010666311354725622,0.3549411060521379,35,16,16,16,False,
finegym,val,aN3PC4tJokk_E_000137_000175_A_0021_0022,data/FineGym_data/videos/val/94/aN3PC4tJokk_E_000137_000175_A_0021_0022.mp4,94,16,100,1,94,True,True,0.998431384563446,0.004910869989544153,0.0010666311354725622,0.3505574780283496,46,16,16,16,False,
finegym,val,aEZbP-Yephw_E_001836_001877_A_0007_0008,data/FineGym_data/videos/val/94/aEZbP-Yephw_E_001836_001877_A_0007_0008.mp4,94,16,100,1,94,True,True,0.9985779523849487,0.005254155956208706,0.0010666311354725622,0.3451977949589491,36,16,16,16,False,
finegym,val,DG7upbhB1bI_E_001168_001204_A_0010_0012,data/FineGym_data/videos/val/94/DG7upbhB1bI_E_001168_001204_A_0010_0012.mp4,94,16,100,1,94,True,True,0.9976471066474915,0.004521616967394948,0.0010666311354725622,0.3389990619616583,42,16,16,16,False,
finegym,val,CUuRl0Bwbbc_E_000103_000171_A_0014_0015,data/FineGym_data/videos/val/94/CUuRl0Bwbbc_E_000103_000171_A_0014_0015.mp4,94,16,100,1,94,True,True,0.9964038133621216,0.0037494340213015676,0.0010666311354725622,0.33404108497779816,28,16,16,16,False,
finegym,val,C5Yfd1IWjmM_E_003905_003940_A_0021_0022,data/FineGym_data/videos/val/94/C5Yfd1IWjmM_E_003905_003940_A_0021_0022.mp4,94,16,100,1,94,True,True,0.9956130981445312,0.00422515906393528,0.0010666311354725622,0.32989392208401114,47,16,16,16,False,
finegym,val,cWztehyIFkg_E_004084_004142_A_0039_0041,data/FineGym_data/videos/val/94/cWztehyIFkg_E_004084_004142_A_0039_0041.mp4,94,16,100,1,94,True,True,0.995119571685791,0.0043150680139660835,0.0010666311354725622,0.3252197781112045,33,16,16,16,False,
finegym,val,CUuRl0Bwbbc_E_000857_000923_A_0054_0055,data/FineGym_data/videos/val/94/CUuRl0Bwbbc_E_000857_000923_A_0054_0055.mp4,94,16,100,1,94,True,True,0.995884358882904,0.0038760119350627065,0.0010666311354725622,0.320512241916731,34,16,16,16,False,
finegym,val,0LtLS9wROrk_E_006254_006273_A_0007_0008,data/FineGym_data/videos/val/94/0LtLS9wROrk_E_006254_006273_A_0007_0008.mp4,94,16,100,1,94,True,True,0.9983008503913879,0.0037385739851742983,0.0010666311354725622,0.3161990870721638,32,16,16,16,False,
finegym,val,0LtLS9wROrk_E_002407_002435_A_0012_0013,data/FineGym_data/videos/val/94/0LtLS9wROrk_E_002407_002435_A_0012_0013.mp4,94,16,100,1,94,True,True,0.9983094930648804,0.0032675270922482014,0.0010666311354725622,0.3120299329748377,27,16,16,16,False,
finegym,val,A0xAXXysHUo_E_000600_000641_A_0027_0028,data/FineGym_data/videos/val/94/A0xAXXysHUo_E_000600_000641_A_0027_0028.mp4,94,16,100,1,94,True,True,0.9965183734893799,0.003918342059478164,0.0010666311354725622,0.30836606002412736,34,16,16,16,False,
finegym,val,AZ4wWG6Rcak_E_005726_005763_A_0010_0011,data/FineGym_data/videos/val/94/AZ4wWG6Rcak_E_005726_005763_A_0010_0011.mp4,94,16,100,1,94,True,True,0.9977986216545105,0.0034920499892905354,0.0010666311354725622,0.30403502203989774,28,16,16,16,False,
finegym,val,dqUNtY2GwW4_E_005500_005536_A_0022_0023,data/FineGym_data/videos/val/94/dqUNtY2GwW4_E_005500_005536_A_0022_0023.mp4,94,16,100,1,94,True,True,0.9887827038764954,0.0038496420020237565,0.0010666311354725622,0.3001362360082567,20,16,16,16,False,
finegym,val,cSh74jSRht8_E_001441_001472_A_0006_0008,data/FineGym_data/videos/val/94/cSh74jSRht8_E_001441_001472_A_0006_0008.mp4,94,16,100,1,94,True,True,0.9900473952293396,0.004248033044859767,0.0010666311354725622,0.2959070090437308,40,16,16,16,False,
finegym,val,aN9hSsP6xTg_E_000777_000817_A_0016_0017,data/FineGym_data/videos/val/94/aN9hSsP6xTg_E_000777_000817_A_0016_0017.mp4,94,16,100,1,94,True,True,0.9964817762374878,0.0048200879245996475,0.0010666311354725622,0.2911623730324209,36,16,16,16,False,
finegym,val,0LtLS9wROrk_E_003606_003635_A_0013_0014,data/FineGym_data/videos/val/94/0LtLS9wROrk_E_003606_003635_A_0013_0014.mp4,94,16,100,1,94,True,True,0.9968118071556091,0.004231069935485721,0.0010666311354725622,0.2856121809454635,46,16,16,16,False,
finegym,val,aN9hSsP6xTg_E_001313_001352_A_0017_0018,data/FineGym_data/videos/val/94/aN9hSsP6xTg_E_001313_001352_A_0017_0018.mp4,94,16,100,1,94,True,True,0.9706968665122986,0.004495428060181439,0.0010666311354725622,0.2809345900313929,28,16,16,16,False,
finegym,val,AZ4wWG6Rcak_E_008901_008976_A_0058_0059,data/FineGym_data/videos/val/94/AZ4wWG6Rcak_E_008901_008976_A_0058_0059.mp4,94,16,100,1,94,True,True,0.9974567294120789,0.005353792919777334,0.0010666311354725622,0.27597055095247924,42,16,16,16,False,
finegym,val,0LtLS9wROrk_E_006849_006876_A_0013_0014,data/FineGym_data/videos/val/94/0LtLS9wROrk_E_006849_006876_A_0013_0014.mp4,94,16,100,1,94,True,True,0.9980042576789856,0.0037119039334356785,0.0010666311354725622,0.2698741810163483,28,16,16,16,False,
finegym,val,AZ4wWG6Rcak_E_003643_003675_A_0017_0018,data/FineGym_data/videos/val/94/AZ4wWG6Rcak_E_003643_003675_A_0017_0018.mp4,94,16,100,1,94,True,True,0.9970420002937317,0.004891482996754348,0.0010666311354725622,0.2657333799870685,21,16,16,16,False,
finegym,val,cSh74jSRht8_E_000875_000899_A_0004_0005,data/FineGym_data/videos/val/95/cSh74jSRht8_E_000875_000899_A_0004_0005.mp4,95,16,100,1,95,True,True,0.9971177577972412,0.005218427977524698,0.0010666311354725622,0.26003749505616724,31,16,16,16,False,
finegym,val,AZ4wWG6Rcak_E_008901_008976_A_0064_0064,data/FineGym_data/videos/val/95/AZ4wWG6Rcak_E_008901_008976_A_0064_0064.mp4,95,16,100,1,95,True,True,0.9973704814910889,0.0036861749831587076,0.0010666311354725622,0.2541871969588101,17,16,16,16,False,
finegym,val,cSh74jSRht8_E_002458_002483_A_0011_0012,data/FineGym_data/videos/val/95/cSh74jSRht8_E_002458_002483_A_0011_0012.mp4,95,16,100,1,95,True,True,0.9988086223602295,0.003936916938982904,0.0010666311354725622,0.25003880308941007,31,16,16,16,False,
finegym,val,cWztehyIFkg_E_004517_004557_A_0010_0011,data/FineGym_data/videos/val/95/cWztehyIFkg_E_004517_004557_A_0010_0011.mp4,95,16,100,1,95,True,True,0.9977839589118958,0.0035026799887418747,0.0010666311354725622,0.24568855902180076,16,16,16,16,False,
finegym,val,aN9hSsP6xTg_E_000178_000216_A_0013_0015,data/FineGym_data/videos/val/95/aN9hSsP6xTg_E_000178_000216_A_0013_0015.mp4,95,16,100,1,95,True,True,0.9893038272857666,0.004785733995959163,0.0010666311354725622,0.24183058005291969,35,16,16,16,False,
finegym,val,A0xAXXysHUo_E_001875_001911_A_0010_0011,data/FineGym_data/videos/val/95/A0xAXXysHUo_E_001875_001911_A_0010_0011.mp4,95,16,100,1,95,True,True,0.9972496628761292,0.0036417910596355796,0.0010666311354725622,0.2366501339711249,22,16,16,16,False,
finegym,val,aEZbP-Yephw_E_002178_002219_A_0031_0032,data/FineGym_data/videos/val/95/aEZbP-Yephw_E_002178_002219_A_0031_0032.mp4,95,16,100,1,95,True,True,0.9976547956466675,0.004593351972289383,0.0010666311354725622,0.23260116600431502,28,16,16,16,False,
finegym,val,aEZbP-Yephw_E_002380_002413_A_0023_0024,data/FineGym_data/videos/val/95/aEZbP-Yephw_E_002380_002413_A_0023_0024.mp4,95,16,100,1,95,True,True,0.9911904335021973,0.005418934975750744,0.0010666311354725622,0.22761252999771386,30,16,16,16,False,
finegym,val,aEZbP-Yephw_E_002029_002064_A_0023_0024,data/FineGym_data/videos/val/95/aEZbP-Yephw_E_002029_002064_A_0023_0024.mp4,95,16,100,1,95,True,True,0.9979990124702454,0.005172821925953031,0.0010666311354725622,0.22141945897601545,31,16,16,16,False,
finegym,val,cWztehyIFkg_E_004517_004557_A_0018_0019,data/FineGym_data/videos/val/95/cWztehyIFkg_E_004517_004557_A_0018_0019.mp4,95,16,100,1,95,True,True,0.997474730014801,0.004281976027414203,0.0010666311354725622,0.21570243197493255,19,16,16,16,False,
finegym,val,A0xAXXysHUo_E_000406_000449_A_0033_0034,data/FineGym_data/videos/val/95/A0xAXXysHUo_E_000406_000449_A_0033_0034.mp4,95,16,100,1,95,True,True,0.9964859485626221,0.005230420967563987,0.0010666311354725622,0.2105052740080282,40,16,16,16,False,
finegym,val,C5Yfd1IWjmM_E_003905_003940_A_0025_0027,data/FineGym_data/videos/val/95/C5Yfd1IWjmM_E_003905_003940_A_0025_0027.mp4,95,16,100,1,95,True,True,0.996549129486084,0.005421940935775638,0.0007000625773798674,0.7076282210182399,39,16,16,16,False,
finegym,val,0LtLS9wROrk_E_007492_007516_A_0005_0005,data/FineGym_data/videos/val/95/0LtLS9wROrk_E_007492_007516_A_0005_0005.mp4,95,16,100,1,95,True,True,0.9989558458328247,0.0036496870452538133,0.0007000625773798674,0.7013312340714037,23,16,16,16,False,
finegym,val,DG7upbhB1bI_E_002345_002379_A_0017_0018,data/FineGym_data/videos/val/95/DG7upbhB1bI_E_002345_002379_A_0017_0018.mp4,95,16,100,1,95,True,True,0.965901255607605,0.004755045985803008,0.0007000625773798674,0.6969148849602789,40,16,16,16,False,
finegym,val,A0xAXXysHUo_E_000789_000829_A_0029_0030,data/FineGym_data/videos/val/95/A0xAXXysHUo_E_000789_000829_A_0029_0030.mp4,95,16,100,1,95,True,True,0.9983699917793274,0.005427561001852155,0.0007000625773798674,0.6915614730678499,40,16,16,16,False,
finegym,val,A0xAXXysHUo_E_001875_001911_A_0016_0017,data/FineGym_data/videos/val/95/A0xAXXysHUo_E_001875_001911_A_0016_0017.mp4,95,16,100,1,95,True,True,0.9982579350471497,0.005265315994620323,0.0007000625773798674,0.6854745110031217,38,16,16,16,False,
finegym,val,aN9hSsP6xTg_E_003184_003220_A_0011_0012,data/FineGym_data/videos/val/95/aN9hSsP6xTg_E_003184_003220_A_0011_0012.mp4,95,16,100,1,95,True,True,0.9898031949996948,0.005023720907047391,0.0007000625773798674,0.6792380679398775,32,16,16,16,False,
finegym,val,aN9hSsP6xTg_E_000112_000152_A_0004_0005,data/FineGym_data/videos/val/95/aN9hSsP6xTg_E_000112_000152_A_0004_0005.mp4,95,16,100,1,95,True,True,0.997296154499054,0.0048102999571710825,0.0007000625773798674,0.6736018940573558,19,16,16,16,False,
finegym,val,dqUNtY2GwW4_E_005951_005985_A_0005_0005,data/FineGym_data/videos/val/95/dqUNtY2GwW4_E_005951_005985_A_0005_0005.mp4,95,16,100,1,95,True,True,0.9965957999229431,0.004280052031390369,0.0007000625773798674,0.6681450580945238,18,16,16,16,False,
finegym,val,CUuRl0Bwbbc_E_000857_000923_A_0056_0057,data/FineGym_data/videos/val/95/CUuRl0Bwbbc_E_000857_000923_A_0056_0057.mp4,95,16,100,1,95,True,True,0.998915433883667,0.00469514389988035,0.0007000625773798674,0.663366466993466,38,16,16,16,False,
finegym,val,dqUNtY2GwW4_E_005633_005671_A_0034_0038,data/FineGym_data/videos/val/96/dqUNtY2GwW4_E_005633_005671_A_0034_0038.mp4,96,16,100,1,96,True,True,0.967102587223053,0.008443073951639235,0.0007000625773798674,0.6581677459180355,91,16,16,16,False,
finegym,val,DG7upbhB1bI_E_004686_004725_A_0036_0038,data/FineGym_data/videos/val/96/DG7upbhB1bI_E_004686_004725_A_0036_0038.mp4,96,16,100,1,96,True,True,0.9959436058998108,0.005355556029826403,0.0007000625773798674,0.6492150929989293,71,16,16,16,False,
finegym,val,cWztehyIFkg_E_004517_004557_A_0036_0039,data/FineGym_data/videos/val/96/cWztehyIFkg_E_004517_004557_A_0036_0039.mp4,96,16,100,1,96,True,True,0.9968945980072021,0.006454052985645831,0.0007000625773798674,0.6433601570315659,73,16,16,16,False,
finegym,val,DTedv-hhHU4_E_003057_003091_A_0030_0034,data/FineGym_data/videos/val/96/DTedv-hhHU4_E_003057_003091_A_0030_0034.mp4,96,16,100,1,96,True,True,0.9986585378646851,0.007090960047207773,0.0007000625773798674,0.6361220791004598,94,16,16,16,False,
finegym,val,AZ4wWG6Rcak_E_008901_008976_A_0073_0075,data/FineGym_data/videos/val/96/AZ4wWG6Rcak_E_008901_008976_A_0073_0075.mp4,96,16,100,1,97,False,True,0.7436043620109558,0.006458631018176675,0.0007000625773798674,0.628515908960253,51,16,16,16,False,
finegym,val,BLzs5opw8uM_E_000368_000412_A_0040_0044,data/FineGym_data/videos/val/96/BLzs5opw8uM_E_000368_000412_A_0040_0044.mp4,96,16,100,1,96,True,True,0.9974349141120911,0.008844409952871501,0.0007000625773798674,0.6213313930202276,118,16,16,16,False,
finegym,val,aEZbP-Yephw_E_002029_002064_A_0031_0034,data/FineGym_data/videos/val/96/aEZbP-Yephw_E_002029_002064_A_0031_0034.mp4,96,16,100,1,96,True,True,0.9972783923149109,0.006719572003930807,0.0007000625773798674,0.6120267460355535,71,16,16,16,False,
finegym,val,aN3PC4tJokk_E_001213_001258_A_0042_0045,data/FineGym_data/videos/val/96/aN3PC4tJokk_E_001213_001258_A_0042_0045.mp4,96,16,100,1,96,True,True,0.9934950470924377,0.00936072098556906,0.0007000625773798674,0.6045935919973999,82,16,16,16,False,
finegym,val,C5Yfd1IWjmM_E_003905_003940_A_0033_0035,data/FineGym_data/videos/val/96/C5Yfd1IWjmM_E_003905_003940_A_0033_0035.mp4,96,16,100,1,96,True,True,0.9972991347312927,0.007600849959999323,0.0007000625773798674,0.5936792779248208,63,16,16,16,False,
finegym,val,0LtLS9wROrk_E_005369_005394_A_0021_0024,data/FineGym_data/videos/val/96/0LtLS9wROrk_E_005369_005394_A_0021_0024.mp4,96,16,100,1,96,True,True,0.9819557070732117,0.009426975972019136,0.0007000625773798674,0.5849051899276674,111,16,16,16,False,
finegym,val,A0xAXXysHUo_E_002184_002237_A_0050_0052,data/FineGym_data/videos/val/96/A0xAXXysHUo_E_002184_002237_A_0050_0052.mp4,96,16,100,1,96,True,True,0.997492790222168,0.008022613008506596,0.0007000625773798674,0.5744034819072112,85,16,16,16,False,
finegym,val,DG7upbhB1bI_E_005602_005643_A_0035_0039,data/FineGym_data/videos/val/96/DG7upbhB1bI_E_005602_005643_A_0035_0039.mp4,96,16,100,1,96,True,True,0.9974672794342041,0.007930640946142375,0.0007000625773798674,0.5651308359811082,91,16,16,16,False,
finegym,val,AZ4wWG6Rcak_E_003643_003675_A_0029_0032,data/FineGym_data/videos/val/96/AZ4wWG6Rcak_E_003643_003675_A_0029_0032.mp4,96,16,100,1,96,True,True,0.990656852722168,0.006789413979277015,0.0007000625773798674,0.5562221560394391,71,16,16,16,False,
finegym,val,DG7upbhB1bI_E_001168_001204_A_0033_0035,data/FineGym_data/videos/val/96/DG7upbhB1bI_E_001168_001204_A_0033_0035.mp4,96,16,100,1,96,True,True,0.9965852499008179,0.00742060097400099,0.0007000625773798674,0.5483780379872769,77,16,16,16,False,
finegym,val,C5Yfd1IWjmM_E_003703_003739_A_0033_0035,data/FineGym_data/videos/val/96/C5Yfd1IWjmM_E_003703_003739_A_0033_0035.mp4,96,16,100,1,96,True,True,0.9876009225845337,0.007721276953816414,0.0007000625773798674,0.5398593910504133,79,16,16,16,False,
finegym,val,aN9hSsP6xTg_E_001266_001302_A_0033_0035,data/FineGym_data/videos/val/96/aN9hSsP6xTg_E_001266_001302_A_0033_0035.mp4,96,16,100,1,96,True,True,0.9558122754096985,0.00752026797272265,0.0007000625773798674,0.5310396569548175,53,16,16,16,False,
finegym,val,0LtLS9wROrk_E_006547_006577_A_0026_0029,data/FineGym_data/videos/val/96/0LtLS9wROrk_E_006547_006577_A_0026_0029.mp4,96,16,100,1,96,True,True,0.9866369962692261,0.0076841170666739345,0.0007000625773798674,0.5223897739779204,80,16,16,16,False,
finegym,val,A0xAXXysHUo_E_000406_000449_A_0040_0043,data/FineGym_data/videos/val/96/A0xAXXysHUo_E_000406_000449_A_0040_0043.mp4,96,16,100,1,96,True,True,0.9973087310791016,0.008742348058149219,0.0007000625773798674,0.5135616150218993,97,16,16,16,False,
finegym,val,cWztehyIFkg_E_005378_005413_A_0031_0035,data/FineGym_data/videos/val/96/cWztehyIFkg_E_005378_005413_A_0031_0035.mp4,96,16,100,1,96,True,True,0.9952291250228882,0.007550535025075078,0.0007000625773798674,0.5038516259519383,77,16,16,16,False,
finegym,val,A0xAXXysHUo_E_000789_000829_A_0037_0039,data/FineGym_data/videos/val/96/A0xAXXysHUo_E_000789_000829_A_0037_0039.mp4,96,16,100,1,96,True,True,0.9993247985839844,0.008934990037232637,0.0007000625773798674,0.49514531600289047,81,16,16,16,False,
finegym,val,0LtLS9wROrk_E_003015_003034_A_0016_0018,data/FineGym_data/videos/val/97/0LtLS9wROrk_E_003015_003034_A_0016_0018.mp4,97,16,100,1,96,False,True,0.7680637836456299,0.020752012031152844,0.0007000625773798674,0.48354666505474597,65,16,16,16,False,
finegym,val,0LtLS9wROrk_E_004742_004771_A_0024_0028,data/FineGym_data/videos/val/97/0LtLS9wROrk_E_004742_004771_A_0024_0028.mp4,97,16,100,1,96,False,True,0.9826986789703369,0.013732596067711711,0.0007000625773798674,0.45943903794977814,106,16,16,16,False,
finegym,val,BLzs5opw8uM_E_000621_000654_A_0029_0032,data/FineGym_data/videos/val/97/BLzs5opw8uM_E_000621_000654_A_0029_0032.mp4,97,16,100,1,96,False,True,0.7901736497879028,0.007656074012629688,0.0007000625773798674,0.4449011270189658,85,16,16,16,False,
finegym,val,e3EsDlpNo0c_E_005904_005938_A_0030_0034,data/FineGym_data/videos/val/97/e3EsDlpNo0c_E_005904_005938_A_0030_0034.mp4,97,16,100,1,96,False,True,0.8731738924980164,0.011530644027516246,0.0007000625773798674,0.43661583797074854,119,16,16,16,False,
finegym,val,cWztehyIFkg_E_003879_003921_A_0038_0041,data/FineGym_data/videos/val/97/cWztehyIFkg_E_003879_003921_A_0038_0041.mp4,97,16,100,1,97,True,True,0.9901491403579712,0.009750504978001118,0.0007000625773798674,0.42330091795884073,81,16,16,16,False,
finegym,val,aN9hSsP6xTg_E_000178_000216_A_0035_0038,data/FineGym_data/videos/val/97/aN9hSsP6xTg_E_000178_000216_A_0035_0038.mp4,97,16,100,1,96,False,True,0.5151543617248535,0.00770382396876812,0.0007000625773798674,0.41209445404820144,66,16,16,16,False,
finegym,val,aEZbP-Yephw_E_001713_001750_A_0033_0036,data/FineGym_data/videos/val/97/aEZbP-Yephw_E_001713_001750_A_0033_0036.mp4,97,16,100,1,97,True,True,0.9918638467788696,0.007414320018142462,0.0007000625773798674,0.40378907800186425,70,16,16,16,False,
finegym,val,aN3PC4tJokk_E_000460_000493_A_0029_0032,data/FineGym_data/videos/val/97/aN3PC4tJokk_E_000460_000493_A_0029_0032.mp4,97,16,100,1,96,False,True,0.9573025703430176,0.007110637961886823,0.0007000625773798674,0.3958794679492712,101,16,16,16,False,
finegym,val,A0xAXXysHUo_E_000945_000992_A_0042_0046,data/FineGym_data/videos/val/97/A0xAXXysHUo_E_000945_000992_A_0042_0046.mp4,97,16,100,1,96,False,True,0.9281710982322693,0.013364995014853776,0.0007000625773798674,0.3882683370029554,147,16,16,16,False,
finegym,val,e3EsDlpNo0c_E_006779_006810_A_0029_0031,data/FineGym_data/videos/val/97/e3EsDlpNo0c_E_006779_006810_A_0029_0031.mp4,97,16,100,1,96,False,True,0.9906251430511475,0.005799701088108122,0.0007000625773798674,0.3742885160027072,74,16,16,16,False,
finegym,val,AZ4wWG6Rcak_E_005995_006025_A_0027_0029,data/FineGym_data/videos/val/97/AZ4wWG6Rcak_E_005995_006025_A_0027_0029.mp4,97,16,100,1,96,False,True,0.9505431652069092,0.004773220047354698,0.0007000625773798674,0.36766203900333494,56,16,16,16,False,
finegym,val,aEZbP-Yephw_E_000786_000822_A_0033_0036,data/FineGym_data/videos/val/97/aEZbP-Yephw_E_000786_000822_A_0033_0036.mp4,97,16,100,1,96,False,True,0.9886370301246643,0.007177012972533703,0.0007000625773798674,0.36210473300889134,78,16,16,16,False,
finegym,val,aN9hSsP6xTg_E_000112_000152_A_0037_0040,data/FineGym_data/videos/val/97/aN9hSsP6xTg_E_000112_000152_A_0037_0040.mp4,97,16,100,1,97,True,True,0.831727921962738,0.005955294007435441,0.0007000625773798674,0.35436329897493124,63,16,16,16,False,
finegym,val,aN9hSsP6xTg_E_002376_002416_A_0036_0039,data/FineGym_data/videos/val/97/aN9hSsP6xTg_E_002376_002416_A_0036_0039.mp4,97,16,100,1,97,True,True,0.829521656036377,0.006130954017862678,0.0007000625773798674,0.3476288589881733,70,16,16,16,False,
finegym,val,A0xAXXysHUo_E_001463_001500_A_0034_0037,data/FineGym_data/videos/val/97/A0xAXXysHUo_E_001463_001500_A_0034_0037.mp4,97,16,100,1,96,False,True,0.861588716506958,0.00668737106025219,0.0007000625773798674,0.3407247099094093,95,16,16,16,False,
finegym,val,CUuRl0Bwbbc_E_000425_000486_A_0057_0060,data/FineGym_data/videos/val/97/CUuRl0Bwbbc_E_000425_000486_A_0057_0060.mp4,97,16,100,1,96,False,True,0.8453105092048645,0.006281839101575315,0.0007000625773798674,0.3332324030343443,80,16,16,16,False,
finegym,val,0LtLS9wROrk_E_002407_002435_A_0023_0028,data/FineGym_data/videos/val/98/0LtLS9wROrk_E_002407_002435_A_0023_0028.mp4,98,16,100,1,96,False,True,0.9610726237297058,0.007534074946306646,0.0007000625773798674,0.3262578109279275,127,16,16,16,False,
finegym,val,0LtLS9wROrk_E_007492_007516_A_0021_0024,data/FineGym_data/videos/val/98/0LtLS9wROrk_E_007492_007516_A_0021_0024.mp4,98,16,100,1,98,True,True,0.9982328414916992,0.006142897997051477,0.0007000625773798674,0.3178095470648259,84,16,16,16,False,
finegym,val,DG7upbhB1bI_E_003569_003600_A_0028_0031,data/FineGym_data/videos/val/98/DG7upbhB1bI_E_003569_003600_A_0028_0031.mp4,98,16,100,1,98,True,True,0.9929210543632507,0.005635843030177057,0.0007000625773798674,0.31105970696080476,68,16,16,16,False,
finegym,val,0LtLS9wROrk_E_003606_003635_A_0027_0028,data/FineGym_data/videos/val/98/0LtLS9wROrk_E_003606_003635_A_0027_0028.mp4,98,16,100,1,98,True,True,0.9697661399841309,0.004777387948706746,0.0007000625773798674,0.304990287986584,57,16,16,16,False,
finegym,val,AZ4wWG6Rcak_E_003963_003992_A_0026_0028,data/FineGym_data/videos/val/98/AZ4wWG6Rcak_E_003963_003992_A_0026_0028.mp4,98,16,100,1,98,True,True,0.989065408706665,0.00477762904483825,0.0007000625773798674,0.29971757798921317,54,16,16,16,False,
finegym,val,cSh74jSRht8_E_000875_000899_A_0021_0024,data/FineGym_data/videos/val/98/cSh74jSRht8_E_000875_000899_A_0021_0024.mp4,98,16,100,1,96,False,True,0.5185467600822449,0.004961373982951045,0.0007000625773798674,0.2945228449534625,72,16,16,16,False,
finegym,val,0LtLS9wROrk_E_005073_005097_A_0022_0024,data/FineGym_data/videos/val/98/0LtLS9wROrk_E_005073_005097_A_0022_0024.mp4,98,16,100,1,98,True,True,0.9824599027633667,0.004590066033415496,0.0007000625773798674,0.28911546105518937,57,16,16,16,False,
finegym,val,aEZbP-Yephw_E_002570_002605_A_0032_0035,data/FineGym_data/videos/val/98/aEZbP-Yephw_E_002570_002605_A_0032_0035.mp4,98,16,100,1,98,True,True,0.7422503232955933,0.00606252602301538,0.0007000625773798674,0.2841040240600705,56,16,16,16,False,
finegym,val,aN9hSsP6xTg_E_003184_003220_A_0033_0035,data/FineGym_data/videos/val/98/aN9hSsP6xTg_E_003184_003220_A_0033_0035.mp4,98,16,100,1,98,True,True,0.993835985660553,0.005809479975141585,0.0007000625773798674,0.27758840506430715,47,16,16,16,False,
finegym,val,cSh74jSRht8_E_001089_001124_A_0033_0035,data/FineGym_data/videos/val/98/cSh74jSRht8_E_001089_001124_A_0033_0035.mp4,98,16,100,1,98,True,True,0.8938954472541809,0.005312144057825208,0.0007000625773798674,0.27134590002242476,59,16,16,16,False,
finegym,val,0LtLS9wROrk_E_004420_004441_A_0018_0020,data/FineGym_data/videos/val/98/0LtLS9wROrk_E_004420_004441_A_0018_0020.mp4,98,16,100,1,96,False,True,0.9931380152702332,0.004989267094060779,0.0007000625773798674,0.2655949699692428,65,16,16,16,False,
finegym,val,BLzs5opw8uM_E_004523_004561_A_0034_0037,data/FineGym_data/videos/val/98/BLzs5opw8uM_E_004523_004561_A_0034_0037.mp4,98,16,100,1,98,True,True,0.5837324261665344,0.00819864496588707,0.0007000625773798674,0.2602001999039203,91,16,16,16,False,
finegym,val,dqUNtY2GwW4_E_005804_005845_A_0038_0041,data/FineGym_data/videos/val/98/dqUNtY2GwW4_E_005804_005845_A_0038_0041.mp4,98,16,100,1,98,True,True,0.9582726955413818,0.0062188999727368355,0.0007000625773798674,0.2511494819773361,64,16,16,16,False,
finegym,val,0LtLS9wROrk_E_007196_007226_A_0026_0030,data/FineGym_data/videos/val/98/0LtLS9wROrk_E_007196_007226_A_0026_0030.mp4,98,16,100,1,98,True,True,0.9845560789108276,0.0058765559224411845,0.0007000625773798674,0.2441385219572112,99,16,16,16,False,
finegym,val,aEZbP-Yephw_E_000092_000132_A_0037_0039,data/FineGym_data/videos/val/98/aEZbP-Yephw_E_000092_000132_A_0037_0039.mp4,98,16,100,1,98,True,True,0.9973141551017761,0.005822113947942853,0.0007000625773798674,0.2374511699890718,56,16,16,16,False,
finegym,val,A0xAXXysHUo_E_001292_001332_A_0037_0040,data/FineGym_data/videos/val/98/A0xAXXysHUo_E_001292_001332_A_0037_0040.mp4,98,16,100,1,98,True,True,0.9842648506164551,0.007395933964289725,0.0007000625773798674,0.2308518250938505,87,16,16,16,False,
finegym,val,DG7upbhB1bI_E_003410_003447_A_0034_0037,data/FineGym_data/videos/val/98/DG7upbhB1bI_E_003410_003447_A_0034_0037.mp4,98,16,100,1,96,False,True,0.6173609495162964,0.005848212982527912,0.0007000625773798674,0.2229252209654078,70,16,16,16,False,
finegym,val,aN9hSsP6xTg_E_000777_000817_A_0038_0040,data/FineGym_data/videos/val/98/aN9hSsP6xTg_E_000777_000817_A_0038_0040.mp4,98,16,100,1,98,True,True,0.9715399146080017,0.005571653018705547,0.0007000625773798674,0.21626561204902828,53,16,16,16,False,
finegym,val,A0xAXXysHUo_E_000600_000641_A_0038_0040,data/FineGym_data/videos/val/98/A0xAXXysHUo_E_000600_000641_A_0038_0040.mp4,98,16,100,1,98,True,True,0.9982689619064331,0.0059292149962857366,0.0007000625773798674,0.20983635599259287,82,16,16,16,False,
