dataset,split,video_id,video_path,label_id,budget,coverage,stride,pred_id,correct_top1,correct_top5,confidence,decode_time_s,inference_time_s,total_time_s,source_frames,candidate_frames,processed_frames,model_input_frames,skipped,error
driveact,val,vp15_run1_2018-05-30-13-05-35_10394_10415,data/DriveAct_data/clips/closing_bottle/vp15_run1_2018-05-30-13-05-35_10394_10415.mp4,0,16,50,4,10,False,True,0.198921799659729,0.010720524936914444,0.0011586956898099743,0.3300373360980302,21,3,16,16,False,
driveact,val,vp14_run1_2018-05-30-10-11-09_6012_6033,data/DriveAct_data/clips/closing_bottle/vp14_run1_2018-05-30-10-11-09_6012_6033.mp4,0,16,50,4,10,False,True,0.2766484320163727,0.006881864042952657,0.0011586956898099743,0.3168925507925451,21,3,16,16,False,
driveact,val,vp14_run1_2018-05-30-10-11-09_5966_6012,data/DriveAct_data/clips/closing_bottle/vp14_run1_2018-05-30-10-11-09_5966_6012.mp4,0,16,50,4,5,False,True,0.17222850024700165,0.008257945068180561,0.0011586956898099743,0.30838847695849836,47,6,16,16,False,
driveact,val,vp14_run2_2018-05-30-10-42-33_3887_3915,data/DriveAct_data/clips/closing_bottle/vp14_run2_2018-05-30-10-42-33_3887_3915.mp4,0,16,50,4,5,False,True,0.11337625235319138,0.00714300898835063,0.0011586956898099743,0.2984750368632376,29,4,16,16,False,
driveact,val,vp14_run2_2018-05-30-10-42-33_3842_3887,data/DriveAct_data/clips/closing_bottle/vp14_run2_2018-05-30-10-42-33_3842_3887.mp4,0,16,50,4,5,False,True,0.22763632237911224,0.007944924989715219,0.0011586956898099743,0.2898310599848628,45,6,16,16,False,
driveact,val,vp15_run1_2018-05-30-13-05-35_10300_10347,data/DriveAct_data/clips/closing_bottle/vp15_run1_2018-05-30-13-05-35_10300_10347.mp4,0,16,50,4,10,False,True,0.20364627242088318,0.008114685071632266,0.0011586956898099743,0.2802697999868542,46,6,16,16,False,
driveact,val,vp15_run2_2018-05-30-13-34-33_5786_5802,data/DriveAct_data/clips/closing_bottle/vp15_run2_2018-05-30-13-34-33_5786_5802.mp4,0,16,50,4,5,False,True,0.4039941132068634,0.0061112381517887115,0.0011586956898099743,0.270546694053337,17,2,16,16,False,
driveact,val,vp14_run2_2018-05-30-10-42-33_16271_16309,data/DriveAct_data/clips/closing_bottle/vp14_run2_2018-05-30-10-42-33_16271_16309.mp4,0,16,50,4,5,False,True,0.3265573978424072,0.007534852949902415,0.0011586956898099743,0.2628846049774438,38,5,16,16,False,
driveact,val,vp15_run2_2018-05-30-13-34-33_6488_6516,data/DriveAct_data/clips/closing_bottle/vp15_run2_2018-05-30-13-34-33_6488_6516.mp4,0,16,50,4,0,True,True,0.21507208049297333,0.007076975889503956,0.0011586956898099743,0.25377043010666966,29,4,16,16,False,
driveact,val,vp15_run1_2018-05-30-13-05-35_10347_10394,data/DriveAct_data/clips/closing_bottle/vp15_run1_2018-05-30-13-05-35_10347_10394.mp4,0,16,50,4,10,False,True,0.2227659374475479,0.007951356004923582,0.0011586956898099743,0.24515541293658316,47,6,16,16,False,
driveact,val,vp14_run1_2018-05-30-10-11-09_12052_12093,data/DriveAct_data/clips/closing_bottle/vp14_run1_2018-05-30-10-11-09_12052_12093.mp4,0,16,50,4,0,True,True,0.1904764026403427,0.00745968078263104,0.0011586956898099743,0.23561523482203484,40,5,16,16,False,
driveact,val,vp14_run2_2018-05-30-10-42-33_20272_20317,data/DriveAct_data/clips/closing_bottle/vp14_run2_2018-05-30-10-42-33_20272_20317.mp4,0,16,50,4,0,True,True,0.28063473105430603,0.007843872997909784,0.0011586956898099743,0.22647976502776146,44,6,16,16,False,
driveact,val,vp15_run1_2018-05-30-13-05-35_5045_5090,data/DriveAct_data/clips/closing_bottle/vp15_run1_2018-05-30-13-05-35_5045_5090.mp4,0,16,50,4,5,False,True,0.32436928153038025,0.007811555173248053,0.0011586956898099743,0.2169716979842633,45,6,16,16,False,
driveact,val,vp14_run1_2018-05-30-10-11-09_104_124,data/DriveAct_data/clips/closing_door_inside/vp14_run1_2018-05-30-10-11-09_104_124.mp4,1,16,50,4,1,True,True,0.30190929770469666,0.006749751977622509,0.0011586956898099743,0.20758054708130658,20,3,16,16,False,
driveact,val,vp15_run2_2018-05-30-13-34-33_169_183,data/DriveAct_data/clips/closing_door_inside/vp15_run2_2018-05-30-13-34-33_169_183.mp4,1,16,50,4,1,True,True,0.3155962824821472,0.005337218986824155,0.0011586956898099743,0.19945834507234395,13,2,16,16,False,
driveact,val,vp15_run1_2018-05-30-13-05-35_144_160,data/DriveAct_data/clips/closing_door_inside/vp15_run1_2018-05-30-13-05-35_144_160.mp4,1,16,50,4,14,False,True,0.193093940615654,0.005144198890775442,0.0011586956898099743,0.19302721484564245,17,2,16,16,False,
driveact,val,vp14_run2_2018-05-30-10-42-33_114_128,data/DriveAct_data/clips/closing_door_inside/vp14_run2_2018-05-30-10-42-33_114_128.mp4,1,16,50,4,33,False,True,0.2514142394065857,0.005397194065153599,0.0011586956898099743,0.18661739793606102,14,2,16,16,False,
driveact,val,vp14_run1_2018-05-30-10-11-09_24557_24581,data/DriveAct_data/clips/closing_door_outside/vp14_run1_2018-05-30-10-11-09_24557_24581.mp4,2,16,50,4,2,True,True,0.42271971702575684,0.007404051022604108,0.0011586956898099743,0.17990674008615315,24,3,16,16,False,
driveact,val,vp15_run1_2018-05-30-13-05-35_18818_18841,data/DriveAct_data/clips/closing_door_outside/vp15_run1_2018-05-30-13-05-35_18818_18841.mp4,2,16,50,4,7,False,True,0.643755316734314,0.00678597018122673,0.0011586956898099743,0.17105757002718747,23,3,16,16,False,
driveact,val,vp15_run2_2018-05-30-13-34-33_19707_19726,data/DriveAct_data/clips/closing_door_outside/vp15_run2_2018-05-30-13-34-33_19707_19726.mp4,2,16,50,4,7,False,True,0.6946194767951965,0.006450586020946503,0.0011586956898099743,0.16275486699305475,20,3,16,16,False,
driveact,val,vp14_run2_2018-05-30-10-42-33_22339_22349,data/DriveAct_data/clips/closing_door_outside/vp14_run2_2018-05-30-10-42-33_22339_22349.mp4,2,16,50,4,2,True,True,0.29038092494010925,0.005441644927486777,0.0011586956898099743,0.15479000099003315,10,2,16,16,False,
driveact,val,vp14_run1_2018-05-30-10-11-09_23166_23211,data/DriveAct_data/clips/closing_laptop/vp14_run1_2018-05-30-10-11-09_23166_23211.mp4,3,16,50,4,32,False,False,0.24874648451805115,0.00800176803022623,0.0011586956898099743,0.14799038087949157,45,6,16,16,False,
driveact,val,vp14_run2_2018-05-30-10-42-33_13691_13733,data/DriveAct_data/clips/closing_laptop/vp14_run2_2018-05-30-10-42-33_13691_13733.mp4,3,16,50,4,17,False,True,0.4297369122505188,0.007848063949495554,0.0011586956898099743,0.13841017009690404,42,6,16,16,False,
driveact,val,vp15_run1_2018-05-30-13-05-35_6441_6476,data/DriveAct_data/clips/closing_laptop/vp15_run1_2018-05-30-13-05-35_6441_6476.mp4,3,16,50,4,32,False,True,0.35383516550064087,0.007482550805434585,0.0011586956898099743,0.12875159294344485,35,5,16,16,False,
driveact,val,vp14_run1_2018-05-30-10-11-09_23211_23244,data/DriveAct_data/clips/closing_laptop/vp14_run1_2018-05-30-10-11-09_23211_23244.mp4,3,16,50,4,9,False,True,0.23180198669433594,0.006973746931180358,0.0011586956898099743,0.11956741008907557,33,4,16,16,False,
driveact,val,vp14_run1_2018-05-30-10-11-09_23119_23166,data/DriveAct_data/clips/closing_laptop/vp14_run1_2018-05-30-10-11-09_23119_23166.mp4,3,16,50,4,9,False,False,0.2076997607946396,0.00805936916731298,0.0011586956898099743,0.11101353703998029,46,6,16,16,False,
driveact,val,vp15_run1_2018-05-30-13-05-35_6768_6800,data/DriveAct_data/clips/closing_laptop/vp15_run1_2018-05-30-13-05-35_6768_6800.mp4,3,16,50,4,9,False,True,0.15979823470115662,0.007163102040067315,0.0011586956898099743,0.10131228505633771,32,4,16,16,False,
driveact,val,vp15_run2_2018-05-30-13-34-33_7678_7702,data/DriveAct_data/clips/closing_laptop/vp15_run2_2018-05-30-13-34-33_7678_7702.mp4,3,16,50,4,10,False,False,0.0903022512793541,0.006587473908439279,0.0011586956898099743,0.09261252405121922,23,3,16,16,False,
driveact,val,vp14_run2_2018-05-30-10-42-33_20205_20251,data/DriveAct_data/clips/drinking/vp14_run2_2018-05-30-10-42-33_20205_20251.mp4,4,16,50,4,5,False,True,0.31840723752975464,0.008090461837127805,0.0011586956898099743,0.08458346198312938,47,6,16,16,False,
driveact,val,vp14_run2_2018-05-30-10-42-33_20115_20160,data/DriveAct_data/clips/drinking/vp14_run2_2018-05-30-10-42-33_20115_20160.mp4,4,16,50,4,5,False,True,0.35250476002693176,0.008000134024769068,0.0011586956898099743,0.07487516407854855,45,6,16,16,False,
driveact,val,vp14_run2_2018-05-30-10-42-33_3770_3816,data/DriveAct_data/clips/drinking/vp14_run2_2018-05-30-10-42-33_3770_3816.mp4,4,16,50,4,5,False,True,0.3297419548034668,0.007897877134382725,0.0011586956898099743,0.06523386691696942,47,6,16,16,False,
driveact,val,vp14_run2_2018-05-30-10-42-33_16194_16240,data/DriveAct_data/clips/drinking/vp14_run2_2018-05-30-10-42-33_16194_16240.mp4,4,16,50,4,4,True,True,0.2423241287469864,0.007884419988840818,0.0011586956898099743,0.05576257384382188,47,6,16,16,False,
driveact,val,vp15_run2_2018-05-30-13-34-33_6443_6488,data/DriveAct_data/clips/drinking/vp15_run2_2018-05-30-13-34-33_6443_6488.mp4,4,16,50,4,5,False,True,0.4225216805934906,0.012476441916078329,0.0010365831913077272,0.33916383399628103,45,6,16,16,False,
driveact,val,vp14_run1_2018-05-30-10-11-09_5918_5963,data/DriveAct_data/clips/drinking/vp14_run1_2018-05-30-10-11-09_5918_5963.mp4,4,16,50,4,4,True,True,0.33324018120765686,0.008900670101866126,0.0010365831913077272,0.3246974879875779,45,6,16,16,False,
driveact,val,vp15_run1_2018-05-30-13-05-35_4994_5040,data/DriveAct_data/clips/drinking/vp15_run1_2018-05-30-13-05-35_4994_5040.mp4,4,16,50,4,5,False,True,0.6774203777313232,0.008291225181892514,0.0010365831913077272,0.3138577570207417,47,6,16,16,False,
driveact,val,vp15_run1_2018-05-30-13-05-35_10269_10300,data/DriveAct_data/clips/drinking/vp15_run1_2018-05-30-13-05-35_10269_10300.mp4,4,16,50,4,25,False,True,0.4354146122932434,0.00719384104013443,0.0010365831913077272,0.30387066514231265,32,4,16,16,False,
driveact,val,vp15_run1_2018-05-30-13-05-35_4554_4563,data/DriveAct_data/clips/drinking/vp15_run1_2018-05-30-13-05-35_4554_4563.mp4,4,16,50,4,5,False,True,0.771882951259613,0.005523742875084281,0.0010365831913077272,0.29498580913059413,9,1,16,16,False,
driveact,val,vp14_run2_2018-05-30-10-42-33_3816_3842,data/DriveAct_data/clips/drinking/vp14_run2_2018-05-30-10-42-33_3816_3842.mp4,4,16,50,4,5,False,True,0.4169464707374573,0.007035221206024289,0.0010365831913077272,0.2881262309383601,26,4,16,16,False,
driveact,val,vp15_run1_2018-05-30-13-05-35_10223_10269,data/DriveAct_data/clips/drinking/vp15_run1_2018-05-30-13-05-35_10223_10269.mp4,4,16,50,4,9,False,False,0.49409613013267517,0.007755127968266606,0.0010365831913077272,0.27958888513967395,47,6,16,16,False,
driveact,val,vp15_run2_2018-05-30-13-34-33_5728_5773,data/DriveAct_data/clips/drinking/vp15_run2_2018-05-30-13-34-33_5728_5773.mp4,4,16,50,4,5,False,True,0.5527414083480835,0.007873201044276357,0.0010365831913077272,0.27025008806958795,44,6,16,16,False,
driveact,val,vp14_run1_2018-05-30-10-11-09_5873_5918,data/DriveAct_data/clips/drinking/vp14_run1_2018-05-30-10-11-09_5873_5918.mp4,4,16,50,4,4,True,True,0.35106053948402405,0.007709193974733353,0.0010365831913077272,0.26081433799117804,45,6,16,16,False,
driveact,val,vp14_run2_2018-05-30-10-42-33_20160_20205,data/DriveAct_data/clips/drinking/vp14_run2_2018-05-30-10-42-33_20160_20205.mp4,4,16,50,4,4,True,True,0.41714784502983093,0.007940615061670542,0.0010365831913077272,0.2515621369238943,45,6,16,16,False,
driveact,val,vp14_run1_2018-05-30-10-11-09_12044_12052,data/DriveAct_data/clips/drinking/vp14_run1_2018-05-30-10-11-09_12044_12052.mp4,4,16,50,4,9,False,True,0.20903952419757843,0.004366904962807894,0.0010365831913077272,0.24192251497879624,8,1,16,16,False,
driveact,val,vp15_run2_2018-05-30-13-34-33_5773_5786,data/DriveAct_data/clips/drinking/vp15_run2_2018-05-30-13-34-33_5773_5786.mp4,4,16,50,4,5,False,False,0.5713462233543396,0.00575509387999773,0.0010365831913077272,0.2364567699842155,13,2,16,16,False,
driveact,val,vp14_run2_2018-05-30-10-42-33_16240_16271,data/DriveAct_data/clips/drinking/vp14_run2_2018-05-30-10-42-33_16240_16271.mp4,4,16,50,4,4,True,True,0.4114460349082947,0.007341808872297406,0.0010365831913077272,0.22936425800435245,31,4,16,16,False,
driveact,val,vp14_run2_2018-05-30-10-42-33_20251_20272,data/DriveAct_data/clips/drinking/vp14_run2_2018-05-30-10-42-33_20251_20272.mp4,4,16,50,4,5,False,True,0.37263020873069763,0.006761582102626562,0.0010365831913077272,0.22046332200989127,20,3,16,16,False,
driveact,val,vp15_run1_2018-05-30-13-05-35_4508_4554,data/DriveAct_data/clips/drinking/vp15_run1_2018-05-30-13-05-35_4508_4554.mp4,4,16,50,4,5,False,True,0.8555077910423279,0.007656275061890483,0.0010365831913077272,0.21229437296278775,47,6,16,16,False,
driveact,val,vp14_run1_2018-05-30-10-11-09_11998_12044,data/DriveAct_data/clips/drinking/vp14_run1_2018-05-30-10-11-09_11998_12044.mp4,4,16,50,4,5,False,True,0.16109102964401245,0.008107434958219528,0.0010365831913077272,0.203030918026343,46,6,16,16,False,
driveact,val,vp14_run2_2018-05-30-10-42-33_17604_17649,data/DriveAct_data/clips/eating/vp14_run2_2018-05-30-10-42-33_17604_17649.mp4,5,16,50,4,5,True,True,0.2282431572675705,0.008062723092734814,0.0010365831913077272,0.19309021602384746,45,6,16,16,False,
driveact,val,vp15_run2_2018-05-30-13-34-33_5597_5627,data/DriveAct_data/clips/eating/vp15_run2_2018-05-30-13-34-33_5597_5627.mp4,5,16,50,4,23,False,True,0.10233922302722931,0.007290182868018746,0.0010365831913077272,0.18348700203932822,30,4,16,16,False,
driveact,val,vp14_run1_2018-05-30-10-11-09_20057_20102,data/DriveAct_data/clips/eating/vp14_run1_2018-05-30-10-11-09_20057_20102.mp4,5,16,50,4,10,False,False,0.27797365188598633,0.007823359919711947,0.0010365831913077272,0.17470582900568843,45,6,16,16,False,
driveact,val,vp14_run1_2018-05-30-10-11-09_17724_17771,data/DriveAct_data/clips/eating/vp14_run1_2018-05-30-10-11-09_17724_17771.mp4,5,16,50,4,5,True,True,0.4167763590812683,0.00793265993706882,0.0010365831913077272,0.165306898066774,47,6,16,16,False,
driveact,val,vp14_run1_2018-05-30-10-11-09_17453_17498,data/DriveAct_data/clips/eating/vp14_run1_2018-05-30-10-11-09_17453_17498.mp4,5,16,50,4,5,True,True,0.16186079382896423,0.007899383082985878,0.0010365831913077272,0.15579785010777414,45,6,16,16,False,
driveact,val,vp14_run1_2018-05-30-10-11-09_20467_20513,data/DriveAct_data/clips/eating/vp14_run1_2018-05-30-10-11-09_20467_20513.mp4,5,16,50,4,32,False,True,0.2238791435956955,0.00793612701818347,0.0010365831913077272,0.14635519008152187,46,6,16,16,False,
driveact,val,vp14_run2_2018-05-30-10-42-33_15688_15699,data/DriveAct_data/clips/eating/vp14_run2_2018-05-30-10-42-33_15688_15699.mp4,5,16,50,4,5,True,True,0.22167037427425385,0.005680066999047995,0.0010365831913077272,0.13684437912888825,10,2,16,16,False,
driveact,val,vp14_run1_2018-05-30-10-11-09_17863_17908,data/DriveAct_data/clips/eating/vp14_run1_2018-05-30-10-11-09_17863_17908.mp4,5,16,50,4,5,True,True,0.4620078504085541,0.008056555176153779,0.0010365831913077272,0.12973096291534603,44,6,16,16,False,
driveact,val,vp14_run1_2018-05-30-10-11-09_20513_20558,data/DriveAct_data/clips/eating/vp14_run1_2018-05-30-10-11-09_20513_20558.mp4,5,16,50,4,5,True,True,0.49803027510643005,0.008285562973469496,0.0010365831913077272,0.12015156215056777,45,6,16,16,False,
driveact,val,vp14_run1_2018-05-30-10-11-09_18091_18136,data/DriveAct_data/clips/eating/vp14_run1_2018-05-30-10-11-09_18091_18136.mp4,5,16,50,4,5,True,True,0.23168249428272247,0.008186672115698457,0.0010365831913077272,0.11025412403978407,44,6,16,16,False,
driveact,val,vp14_run2_2018-05-30-10-42-33_17831_17876,data/DriveAct_data/clips/eating/vp14_run2_2018-05-30-10-42-33_17831_17876.mp4,5,16,50,4,5,True,True,0.20201194286346436,0.007978760870173573,0.0010365831913077272,0.10060508199967444,45,6,16,16,False,
driveact,val,vp14_run2_2018-05-30-10-42-33_15551_15597,data/DriveAct_data/clips/eating/vp14_run2_2018-05-30-10-42-33_15551_15597.mp4,5,16,50,4,5,True,True,0.4764578938484192,0.008139955112710595,0.0010365831913077272,0.09069093898870051,47,6,16,16,False,
driveact,val,vp14_run2_2018-05-30-10-42-33_18689_18734,data/DriveAct_data/clips/eating/vp14_run2_2018-05-30-10-42-33_18689_18734.mp4,5,16,50,4,25,False,True,0.4136117994785309,0.007964166812598705,0.0010365831913077272,0.0809116770979017,45,6,16,16,False,
driveact,val,vp14_run2_2018-05-30-10-42-33_17649_17694,data/DriveAct_data/clips/eating/vp14_run2_2018-05-30-10-42-33_17649_17694.mp4,5,16,50,4,29,False,True,0.09909151494503021,0.008116743993014097,0.0010365831913077272,0.07135799387469888,45,6,16,16,False,
driveact,val,vp14_run1_2018-05-30-10-11-09_19691_19738,data/DriveAct_data/clips/eating/vp14_run1_2018-05-30-10-11-09_19691_19738.mp4,5,16,50,4,5,True,True,0.22405092418193817,0.008078961167484522,0.0010365831913077272,0.06164354202337563,47,6,16,16,False,
driveact,val,vp14_run2_2018-05-30-10-42-33_17694_17739,data/DriveAct_data/clips/eating/vp14_run2_2018-05-30-10-42-33_17694_17739.mp4,5,16,50,4,5,True,True,0.17749279737472534,0.008203560020774603,0.0010365831913077272,0.051963543985038996,45,6,16,16,False,
driveact,val,vp14_run2_2018-05-30-10-42-33_17512_17558,data/DriveAct_data/clips/eating/vp14_run2_2018-05-30-10-42-33_17512_17558.mp4,5,16,50,4,5,True,True,0.30562350153923035,0.01299848104827106,0.0009947577200364321,0.3414146238937974,46,6,16,16,False,
driveact,val,vp14_run1_2018-05-30-10-11-09_20240_20285,data/DriveAct_data/clips/eating/vp14_run1_2018-05-30-10-11-09_20240_20285.mp4,5,16,50,4,5,True,True,0.26057758927345276,0.007949696155264974,0.0009947577200364321,0.3260906729847193,45,6,16,16,False,
driveact,val,vp14_run2_2018-05-30-10-42-33_15415_15461,data/DriveAct_data/clips/eating/vp14_run2_2018-05-30-10-42-33_15415_15461.mp4,5,16,50,4,23,False,True,0.19868208467960358,0.00815477012656629,0.0009947577200364321,0.3164842880796641,46,6,16,16,False,
driveact,val,vp14_run1_2018-05-30-10-11-09_17771_17817,data/DriveAct_data/clips/eating/vp14_run1_2018-05-30-10-11-09_17771_17817.mp4,5,16,50,4,5,True,True,0.49698519706726074,0.008133210008963943,0.0009947577200364321,0.3066351490560919,47,6,16,16,False,
driveact,val,vp15_run2_2018-05-30-13-34-33_120_166,data/DriveAct_data/clips/entering_car/vp15_run2_2018-05-30-13-34-33_120_166.mp4,6,16,50,4,6,True,True,0.902037501335144,0.006586254108697176,0.0009947577200364321,0.29662478202953935,47,6,16,16,False,
driveact,val,vp14_run2_2018-05-30-10-42-33_74_114,data/DriveAct_data/clips/entering_car/vp14_run2_2018-05-30-10-42-33_74_114.mp4,6,16,50,4,6,True,True,0.6172731518745422,0.00711667095310986,0.0009947577200364321,0.2886225760448724,41,5,16,16,False,
driveact,val,vp15_run1_2018-05-30-13-05-35_87_132,data/DriveAct_data/clips/entering_car/vp15_run1_2018-05-30-13-05-35_87_132.mp4,6,16,50,4,6,True,True,0.41101697087287903,0.008120829937979579,0.0009947577200364321,0.27969658887013793,45,6,16,16,False,
driveact,val,vp14_run1_2018-05-30-10-11-09_82_104,data/DriveAct_data/clips/entering_car/vp14_run1_2018-05-30-10-11-09_82_104.mp4,6,16,50,4,6,True,True,0.7010970711708069,0.006743901874870062,0.0009947577200364321,0.2699659389909357,22,3,16,16,False,
driveact,val,vp15_run1_2018-05-30-13-05-35_132_144,data/DriveAct_data/clips/entering_car/vp15_run1_2018-05-30-13-05-35_132_144.mp4,6,16,50,4,17,False,False,0.14323869347572327,0.005932527827098966,0.0009947577200364321,0.261724635027349,12,2,16,16,False,
driveact,val,vp15_run1_2018-05-30-13-05-35_18755_18801,data/DriveAct_data/clips/exiting_car/vp15_run1_2018-05-30-13-05-35_18755_18801.mp4,7,16,50,4,14,False,True,0.28477224707603455,0.007941490039229393,0.0009947577200364321,0.254229289945215,47,6,16,16,False,
driveact,val,vp15_run2_2018-05-30-13-34-33_19680_19702,data/DriveAct_data/clips/exiting_car/vp15_run2_2018-05-30-13-34-33_19680_19702.mp4,7,16,50,4,7,True,True,0.6484423279762268,0.00691043701954186,0.0009947577200364321,0.24469164200127125,23,3,16,16,False,
driveact,val,vp14_run2_2018-05-30-10-42-33_22295_22339,data/DriveAct_data/clips/exiting_car/vp14_run2_2018-05-30-10-42-33_22295_22339.mp4,7,16,50,4,7,True,True,0.5785912275314331,0.008007460040971637,0.0009947577200364321,0.23622943297959864,44,6,16,16,False,
driveact,val,vp14_run1_2018-05-30-10-11-09_24520_24557,data/DriveAct_data/clips/exiting_car/vp14_run1_2018-05-30-10-11-09_24520_24557.mp4,7,16,50,4,7,True,True,0.5058952569961548,0.007688476936891675,0.0009947577200364321,0.22660970501601696,37,5,16,16,False,
driveact,val,vp15_run1_2018-05-30-13-05-35_18801_18818,data/DriveAct_data/clips/exiting_car/vp15_run1_2018-05-30-13-05-35_18801_18818.mp4,7,16,50,4,7,True,True,0.34636664390563965,0.006714362883940339,0.0009947577200364321,0.21718064206652343,17,2,16,16,False,
driveact,val,vp15_run2_2018-05-30-13-34-33_19635_19680,data/DriveAct_data/clips/exiting_car/vp15_run2_2018-05-30-13-34-33_19635_19680.mp4,7,16,50,4,7,True,True,0.3592384159564972,0.007992957020178437,0.0009947577200364321,0.2089331690222025,45,6,16,16,False,
driveact,val,vp14_run1_2018-05-30-10-11-09_24474_24520,data/DriveAct_data/clips/exiting_car/vp14_run1_2018-05-30-10-11-09_24474_24520.mp4,7,16,50,4,33,False,False,0.09827373921871185,0.00822288915514946,0.0009947577200364321,0.1992715501692146,47,6,16,16,False,
driveact,val,vp14_run1_2018-05-30-10-11-09_12362_12407,data/DriveAct_data/clips/fastening_seat_belt/vp14_run1_2018-05-30-10-11-09_12362_12407.mp4,8,16,50,4,17,False,False,0.09747559577226639,0.008007292868569493,0.0009947577200364321,0.18939174991101027,45,6,16,16,False,
driveact,val,vp14_run1_2018-05-30-10-11-09_124_170,data/DriveAct_data/clips/fastening_seat_belt/vp14_run1_2018-05-30-10-11-09_124_170.mp4,8,16,50,4,8,True,True,0.14018969237804413,0.0079279700294137,0.0009947577200364321,0.17967146495357156,46,6,16,16,False,
driveact,val,vp14_run1_2018-05-30-10-11-09_13161_13207,data/DriveAct_data/clips/fastening_seat_belt/vp14_run1_2018-05-30-10-11-09_13161_13207.mp4,8,16,50,4,17,False,False,0.24809867143630981,0.008369805058464408,0.0009947577200364321,0.16975731193087995,47,6,16,16,False,
driveact,val,vp14_run2_2018-05-30-10-42-33_142_188,data/DriveAct_data/clips/fastening_seat_belt/vp14_run2_2018-05-30-10-42-33_142_188.mp4,8,16,50,4,17,False,True,0.13299551606178284,0.007603646023198962,0.0009947577200364321,0.15982311987318099,46,6,16,16,False,
driveact,val,vp14_run1_2018-05-30-10-11-09_12407_12452,data/DriveAct_data/clips/fastening_seat_belt/vp14_run1_2018-05-30-10-11-09_12407_12452.mp4,8,16,50,4,17,False,True,0.12191333621740341,0.007721778005361557,0.0009947577200364321,0.15070591820403934,45,6,16,16,False,
driveact,val,vp14_run1_2018-05-30-10-11-09_170_215,data/DriveAct_data/clips/fastening_seat_belt/vp14_run1_2018-05-30-10-11-09_170_215.mp4,8,16,50,4,8,True,True,0.5284976959228516,0.007590617053210735,0.0009947577200364321,0.14133663708344102,45,6,16,16,False,
driveact,val,vp14_run2_2018-05-30-10-42-33_188_234,data/DriveAct_data/clips/fastening_seat_belt/vp14_run2_2018-05-30-10-42-33_188_234.mp4,8,16,50,4,3,False,True,0.14596374332904816,0.007890519918873906,0.0009947577200364321,0.13217046298086643,47,6,16,16,False,
driveact,val,vp15_run1_2018-05-30-13-05-35_256_301,data/DriveAct_data/clips/fastening_seat_belt/vp15_run1_2018-05-30-13-05-35_256_301.mp4,8,16,50,4,9,False,True,0.16294319927692413,0.007875232957303524,0.0009947577200364321,0.12272779480554163,44,6,16,16,False,
driveact,val,vp14_run1_2018-05-30-10-11-09_215_248,data/DriveAct_data/clips/fastening_seat_belt/vp14_run1_2018-05-30-10-11-09_215_248.mp4,8,16,50,4,17,False,True,0.28286322951316833,0.007206064881756902,0.0009947577200364321,0.11310470104217529,33,4,16,16,False,
driveact,val,vp15_run1_2018-05-30-13-05-35_301_346,data/DriveAct_data/clips/fastening_seat_belt/vp15_run1_2018-05-30-13-05-35_301_346.mp4,8,16,50,4,8,True,True,0.6029654741287231,0.007929468993097544,0.0009947577200364321,0.1043515088967979,44,6,16,16,False,
driveact,val,vp15_run1_2018-05-30-13-05-35_346_354,data/DriveAct_data/clips/fastening_seat_belt/vp15_run1_2018-05-30-13-05-35_346_354.mp4,8,16,50,4,8,True,True,0.41084393858909607,0.005247198045253754,0.0009947577200364321,0.09474779712036252,7,1,16,16,False,
driveact,val,vp15_run2_2018-05-30-13-34-33_242_288,data/DriveAct_data/clips/fastening_seat_belt/vp15_run2_2018-05-30-13-34-33_242_288.mp4,8,16,50,4,8,True,True,0.8092872500419617,0.007665086071938276,0.0009947577200364321,0.08828200586140156,47,6,16,16,False,
driveact,val,vp15_run2_2018-05-30-13-34-33_197_242,data/DriveAct_data/clips/fastening_seat_belt/vp15_run2_2018-05-30-13-34-33_197_242.mp4,8,16,50,4,9,False,False,0.09585803002119064,0.007783988025039434,0.0009947577200364321,0.07876688102260232,45,6,16,16,False,
driveact,val,vp15_run1_2018-05-30-13-05-35_15668_15713,data/DriveAct_data/clips/fetching_an_object/vp15_run1_2018-05-30-13-05-35_15668_15713.mp4,9,16,50,4,27,False,False,0.26852482557296753,0.00817164103500545,0.0009947577200364321,0.06929050595499575,45,6,16,16,False,
driveact,val,vp14_run2_2018-05-30-10-42-33_15699_15745,data/DriveAct_data/clips/fetching_an_object/vp14_run2_2018-05-30-10-42-33_15699_15745.mp4,9,16,50,4,9,True,True,0.4064483046531677,0.007680982816964388,0.0009947577200364321,0.059490535175427794,47,6,16,16,False,
driveact,val,vp14_run1_2018-05-30-10-11-09_11904_11942,data/DriveAct_data/clips/fetching_an_object/vp14_run1_2018-05-30-10-11-09_11904_11942.mp4,9,16,50,4,17,False,True,0.38893455266952515,0.007689625956118107,0.0009947577200364321,0.05021417513489723,38,5,16,16,False,
driveact,val,vp14_run1_2018-05-30-10-11-09_22306_22351,data/DriveAct_data/clips/fetching_an_object/vp14_run1_2018-05-30-10-11-09_22306_22351.mp4,9,16,50,4,17,False,True,0.35249507427215576,0.010931693948805332,0.0014646335621364415,0.3625828390941024,44,6,16,16,False,
driveact,val,vp14_run1_2018-05-30-10-11-09_10272_10292,data/DriveAct_data/clips/fetching_an_object/vp14_run1_2018-05-30-10-11-09_10272_10292.mp4,9,16,50,4,31,False,True,0.21435429155826569,0.009532883064821362,0.0014646335621364415,0.34371885913424194,20,3,16,16,False,
driveact,val,vp14_run1_2018-05-30-10-11-09_21666_21711,data/DriveAct_data/clips/fetching_an_object/vp14_run1_2018-05-30-10-11-09_21666_21711.mp4,9,16,50,4,9,True,True,0.2593114972114563,0.00817531906068325,0.0014646335621364415,0.3320427860599011,45,6,16,16,False,
driveact,val,vp15_run2_2018-05-30-13-34-33_6781_6800,data/DriveAct_data/clips/fetching_an_object/vp15_run2_2018-05-30-13-34-33_6781_6800.mp4,9,16,50,4,5,False,True,0.1513550579547882,0.007582212099805474,0.0014646335621364415,0.32212731894105673,19,3,16,16,False,
driveact,val,vp15_run1_2018-05-30-13-05-35_6374_6385,data/DriveAct_data/clips/fetching_an_object/vp15_run1_2018-05-30-13-05-35_6374_6385.mp4,9,16,50,4,10,False,True,0.32719147205352783,0.00540413917042315,0.0014646335621364415,0.31301104999147356,11,2,16,16,False,
driveact,val,vp15_run1_2018-05-30-13-05-35_4575_4609,data/DriveAct_data/clips/fetching_an_object/vp15_run1_2018-05-30-13-05-35_4575_4609.mp4,9,16,50,4,5,False,True,0.20347411930561066,0.007574572926387191,0.0014646335621364415,0.3062382200732827,35,5,16,16,False,
driveact,val,vp15_run1_2018-05-30-13-05-35_7194_7239,data/DriveAct_data/clips/fetching_an_object/vp15_run1_2018-05-30-13-05-35_7194_7239.mp4,9,16,50,4,9,True,True,0.4411286413669586,0.007697933120653033,0.0014646335621364415,0.2970448441337794,45,6,16,16,False,
driveact,val,vp14_run2_2018-05-30-10-42-33_12363_12379,data/DriveAct_data/clips/fetching_an_object/vp14_run2_2018-05-30-10-42-33_12363_12379.mp4,9,16,50,4,10,False,False,0.2798449397087097,0.006597279105335474,0.0014646335621364415,0.2875078080687672,17,2,16,16,False,
driveact,val,vp14_run2_2018-05-30-10-42-33_12226_12270,data/DriveAct_data/clips/fetching_an_object/vp14_run2_2018-05-30-10-42-33_12226_12270.mp4,9,16,50,4,9,True,True,0.14253169298171997,0.007750467862933874,0.0014646335621364415,0.279487889027223,43,6,16,16,False,
driveact,val,vp14_run2_2018-05-30-10-42-33_8133_8178,data/DriveAct_data/clips/fetching_an_object/vp14_run2_2018-05-30-10-42-33_8133_8178.mp4,9,16,50,4,17,False,True,0.5373224020004272,0.00807265006005764,0.0014646335621364415,0.2699939999729395,45,6,16,16,False,
driveact,val,vp14_run1_2018-05-30-10-11-09_21527_21573,data/DriveAct_data/clips/fetching_an_object/vp14_run1_2018-05-30-10-11-09_21527_21573.mp4,9,16,50,4,19,False,True,0.26481515169143677,0.007856843993067741,0.0014646335621364415,0.26035274704918265,47,6,16,16,False,
driveact,val,vp14_run2_2018-05-30-10-42-33_21057_21103,data/DriveAct_data/clips/fetching_an_object/vp14_run2_2018-05-30-10-42-33_21057_21103.mp4,9,16,50,4,17,False,True,0.5085034370422363,0.007934726076200604,0.0014646335621364415,0.25085215806029737,47,6,16,16,False,
driveact,val,vp14_run2_2018-05-30-10-42-33_20000_20030,data/DriveAct_data/clips/fetching_an_object/vp14_run2_2018-05-30-10-42-33_20000_20030.mp4,9,16,50,4,17,False,True,0.5536873936653137,0.0073770948220044374,0.0014646335621364415,0.24129695584997535,30,4,16,16,False,
driveact,val,vp14_run1_2018-05-30-10-11-09_6973_7018,data/DriveAct_data/clips/fetching_an_object/vp14_run1_2018-05-30-10-11-09_6973_7018.mp4,9,16,50,4,9,True,True,0.5269277691841125,0.007610994158312678,0.0014646335621364415,0.23236761498264968,44,6,16,16,False,
driveact,val,vp15_run2_2018-05-30-13-34-33_7002_7047,data/DriveAct_data/clips/fetching_an_object/vp15_run2_2018-05-30-13-34-33_7002_7047.mp4,9,16,50,4,17,False,True,0.28526771068573,0.007770593976601958,0.0014646335621364415,0.2231570309959352,45,6,16,16,False,
driveact,val,vp14_run1_2018-05-30-10-11-09_5633_5678,data/DriveAct_data/clips/fetching_an_object/vp14_run1_2018-05-30-10-11-09_5633_5678.mp4,9,16,50,4,17,False,True,0.1650119125843048,0.007963713025674224,0.0014646335621364415,0.21379442606121302,45,6,16,16,False,
driveact,val,vp14_run1_2018-05-30-10-11-09_7107_7131,data/DriveAct_data/clips/fetching_an_object/vp14_run1_2018-05-30-10-11-09_7107_7131.mp4,9,16,50,4,9,True,True,0.399934858083725,0.006592925870791078,0.0014646335621364415,0.20415140502154827,24,3,16,16,False,
driveact,val,vp14_run1_2018-05-30-10-11-09_22953_23000,data/DriveAct_data/clips/interacting_with_phone/vp14_run1_2018-05-30-10-11-09_22953_23000.mp4,10,16,50,4,10,True,True,0.8480282425880432,0.007800867082551122,0.0014646335621364415,0.19607163802720606,47,6,16,16,False,
driveact,val,vp14_run2_2018-05-30-10-42-33_21239_21283,data/DriveAct_data/clips/interacting_with_phone/vp14_run2_2018-05-30-10-42-33_21239_21283.mp4,10,16,50,4,10,True,True,0.5155492424964905,0.007972432067617774,0.0014646335621364415,0.18651693291030824,44,6,16,16,False,
driveact,val,vp14_run1_2018-05-30-10-11-09_22545_22590,data/DriveAct_data/clips/interacting_with_phone/vp14_run1_2018-05-30-10-11-09_22545_22590.mp4,10,16,50,4,10,True,True,0.9200125336647034,0.007997897919267416,0.0014646335621364415,0.1769594899378717,45,6,16,16,False,
driveact,val,vp15_run1_2018-05-30-13-05-35_6752_6768,data/DriveAct_data/clips/interacting_with_phone/vp15_run1_2018-05-30-13-05-35_6752_6768.mp4,10,16,50,4,10,True,True,0.6995172500610352,0.006381043000146747,0.0014646335621364415,0.1674064639955759,17,2,16,16,False,
driveact,val,vp14_run2_2018-05-30-10-42-33_21374_21420,data/DriveAct_data/clips/interacting_with_phone/vp14_run2_2018-05-30-10-42-33_21374_21420.mp4,10,16,50,4,10,True,True,0.4912015199661255,0.007843459025025368,0.0014646335621364415,0.15949941100552678,47,6,16,16,False,
driveact,val,vp14_run2_2018-05-30-10-42-33_13102_13147,data/DriveAct_data/clips/interacting_with_phone/vp14_run2_2018-05-30-10-42-33_13102_13147.mp4,10,16,50,4,10,True,True,0.8091705441474915,0.0077362030278891325,0.0014646335621364415,0.1500629549846053,44,6,16,16,False,
driveact,val,vp14_run2_2018-05-30-10-42-33_21148_21193,data/DriveAct_data/clips/interacting_with_phone/vp14_run2_2018-05-30-10-42-33_21148_21193.mp4,10,16,50,4,10,True,True,0.6224604845046997,0.00802745996043086,0.0014646335621364415,0.14070236100815237,44,6,16,16,False,
driveact,val,vp14_run1_2018-05-30-10-11-09_12714_12743,data/DriveAct_data/clips/interacting_with_phone/vp14_run1_2018-05-30-10-11-09_12714_12743.mp4,10,16,50,4,32,False,True,0.17213107645511627,0.007305664010345936,0.0014646335621364415,0.1310620680451393,29,4,16,16,False,
driveact,val,vp14_run2_2018-05-30-10-42-33_8273_8318,data/DriveAct_data/clips/interacting_with_phone/vp14_run2_2018-05-30-10-42-33_8273_8318.mp4,10,16,50,4,10,True,True,0.7825740575790405,0.008883005008101463,0.0014646335621364415,0.12226351909339428,45,6,16,16,False,
driveact,val,vp15_run2_2018-05-30-13-34-33_7067_7112,data/DriveAct_data/clips/interacting_with_phone/vp15_run2_2018-05-30-13-34-33_7067_7112.mp4,10,16,50,4,10,True,True,0.2947142422199249,0.007961647119373083,0.0014646335621364415,0.11167912604287267,45,6,16,16,False,
driveact,val,vp15_run2_2018-05-30-13-34-33_7350_7395,data/DriveAct_data/clips/interacting_with_phone/vp15_run2_2018-05-30-13-34-33_7350_7395.mp4,10,16,50,4,10,True,True,0.5969516038894653,0.007674637017771602,0.0014646335621364415,0.10207842895761132,45,6,16,16,False,
driveact,val,vp14_run2_2018-05-30-10-42-33_13193_13238,data/DriveAct_data/clips/interacting_with_phone/vp14_run2_2018-05-30-10-42-33_13193_13238.mp4,10,16,50,4,10,True,True,0.7378544211387634,0.006653038086369634,0.0014646335621364415,0.09279592498205602,45,6,16,16,False,
driveact,val,vp14_run2_2018-05-30-10-42-33_13374_13420,data/DriveAct_data/clips/interacting_with_phone/vp14_run2_2018-05-30-10-42-33_13374_13420.mp4,10,16,50,4,10,True,True,0.7884253859519958,0.007889301050454378,0.0014646335621364415,0.08471859595738351,47,6,16,16,False,
driveact,val,vp14_run1_2018-05-30-10-11-09_22818_22862,data/DriveAct_data/clips/interacting_with_phone/vp14_run1_2018-05-30-10-11-09_22818_22862.mp4,10,16,50,4,10,True,True,0.9399163722991943,0.007965147029608488,0.0014646335621364415,0.07526612607762218,44,6,16,16,False,
driveact,val,vp14_run2_2018-05-30-10-42-33_13465_13510,data/DriveAct_data/clips/interacting_with_phone/vp14_run2_2018-05-30-10-42-33_13465_13510.mp4,10,16,50,4,10,True,True,0.789192795753479,0.007917026989161968,0.0014646335621364415,0.0656129780691117,44,6,16,16,False,
driveact,val,vp14_run1_2018-05-30-10-11-09_3681_3727,data/DriveAct_data/clips/interacting_with_phone/vp14_run1_2018-05-30-10-11-09_3681_3727.mp4,10,16,50,4,10,True,True,0.3193542957305908,0.01230057398788631,0.0009937438735505566,0.33357351808808744,47,6,16,16,False,
driveact,val,vp15_run2_2018-05-30-13-34-33_7442_7487,data/DriveAct_data/clips/interacting_with_phone/vp15_run2_2018-05-30-13-34-33_7442_7487.mp4,10,16,50,4,10,True,True,0.6267879009246826,0.008301392197608948,0.0009937438735505566,0.3188671451061964,45,6,16,16,False,
driveact,val,vp15_run1_2018-05-30-13-05-35_6549_6595,data/DriveAct_data/clips/interacting_with_phone/vp15_run1_2018-05-30-13-05-35_6549_6595.mp4,10,16,50,4,10,True,True,0.12972211837768555,0.008272198028862476,0.0009937438735505566,0.3089674429502338,47,6,16,16,False,
driveact,val,vp14_run1_2018-05-30-10-11-09_13394_13432,data/DriveAct_data/clips/interacting_with_phone/vp14_run1_2018-05-30-10-11-09_13394_13432.mp4,10,16,50,4,10,True,True,0.6677171587944031,0.008176774950698018,0.0009937438735505566,0.29911281587556005,38,5,16,16,False,
driveact,val,vp15_run1_2018-05-30-13-05-35_6615_6662,data/DriveAct_data/clips/interacting_with_phone/vp15_run1_2018-05-30-13-05-35_6615_6662.mp4,10,16,50,4,10,True,True,0.4658966064453125,0.008142212172970176,0.0009937438735505566,0.2893042501527816,47,6,16,16,False,
driveact,val,vp15_run2_2018-05-30-13-34-33_7945_7958,data/DriveAct_data/clips/looking_or_moving_around (e.g. searching)/vp15_run2_2018-05-30-13-34-33_7945_7958.mp4,11,16,50,4,25,False,True,0.8921986818313599,0.006192675093188882,0.0009937438735505566,0.2793821939267218,13,2,16,16,False,
driveact,val,vp15_run1_2018-05-30-13-05-35_6175_6220,data/DriveAct_data/clips/looking_or_moving_around (e.g. searching)/vp15_run1_2018-05-30-13-05-35_6175_6220.mp4,11,16,50,4,32,False,False,0.32905539870262146,0.008128240006044507,0.0009937438735505566,0.271611793898046,44,6,16,16,False,
driveact,val,vp15_run1_2018-05-30-13-05-35_6220_6262,data/DriveAct_data/clips/looking_or_moving_around (e.g. searching)/vp15_run1_2018-05-30-13-05-35_6220_6262.mp4,11,16,50,4,32,False,False,0.4016856551170349,0.007713489001616836,0.0009937438735505566,0.2617412409745157,41,5,16,16,False,
driveact,val,vp14_run2_2018-05-30-10-42-33_8491_8533,data/DriveAct_data/clips/looking_or_moving_around (e.g. searching)/vp14_run2_2018-05-30-10-42-33_8491_8533.mp4,11,16,50,4,17,False,True,0.3556572198867798,0.0076566399075090885,0.0009937438735505566,0.2522492599673569,41,5,16,16,False,
driveact,val,vp14_run2_2018-05-30-10-42-33_12164_12210,data/DriveAct_data/clips/looking_or_moving_around (e.g. searching)/vp14_run2_2018-05-30-10-42-33_12164_12210.mp4,11,16,50,4,25,False,True,0.2608650326728821,0.008009964134544134,0.0009937438735505566,0.24294949509203434,47,6,16,16,False,
driveact,val,vp14_run2_2018-05-30-10-42-33_12210_12226,data/DriveAct_data/clips/looking_or_moving_around (e.g. searching)/vp14_run2_2018-05-30-10-42-33_12210_12226.mp4,11,16,50,4,25,False,False,0.2286779284477234,0.006493410095572472,0.0009937438735505566,0.23325330903753638,17,2,16,16,False,
driveact,val,vp15_run2_2018-05-30-13-34-33_7900_7945,data/DriveAct_data/clips/looking_or_moving_around (e.g. searching)/vp15_run2_2018-05-30-13-34-33_7900_7945.mp4,11,16,50,4,25,False,True,0.26242196559906006,0.007704385090619326,0.0009937438735505566,0.22529087704606354,44,6,16,16,False,
driveact,val,vp15_run2_2018-05-30-13-34-33_13529_13546,data/DriveAct_data/clips/looking_or_moving_around (e.g. searching)/vp15_run2_2018-05-30-13-34-33_13529_13546.mp4,11,16,50,4,25,False,False,0.7436290979385376,0.00631665694527328,0.0009937438735505566,0.21588532999157906,17,2,16,16,False,
driveact,val,vp14_run2_2018-05-30-10-42-33_8445_8491,data/DriveAct_data/clips/looking_or_moving_around (e.g. searching)/vp14_run2_2018-05-30-10-42-33_8445_8491.mp4,11,16,50,4,17,False,True,0.4001307785511017,0.007921888958662748,0.0009937438735505566,0.20808731182478368,47,6,16,16,False,
driveact,val,vp15_run2_2018-05-30-13-34-33_10121_10158,data/DriveAct_data/clips/looking_or_moving_around (e.g. searching)/vp15_run2_2018-05-30-13-34-33_10121_10158.mp4,11,16,50,4,9,False,False,0.28652188181877136,0.007405651034787297,0.0009937438735505566,0.1985599969048053,38,5,16,16,False,
driveact,val,vp15_run2_2018-05-30-13-34-33_6702_6735,data/DriveAct_data/clips/looking_or_moving_around (e.g. searching)/vp15_run2_2018-05-30-13-34-33_6702_6735.mp4,11,16,50,4,9,False,True,0.3112187385559082,0.007093040971085429,0.0009937438735505566,0.18959666695445776,33,4,16,16,False,
driveact,val,vp15_run2_2018-05-30-13-34-33_5715_5728,data/DriveAct_data/clips/opening_bottle/vp15_run2_2018-05-30-13-34-33_5715_5728.mp4,13,16,50,4,9,False,False,0.11557614058256149,0.006122963968664408,0.0009937438735505566,0.18103771097958088,14,2,16,16,False,
driveact,val,vp14_run1_2018-05-30-10-11-09_11942_11987,data/DriveAct_data/clips/opening_bottle/vp14_run1_2018-05-30-10-11-09_11942_11987.mp4,13,16,50,4,10,False,True,0.14299193024635315,0.007744329050183296,0.0009937438735505566,0.1735261029098183,45,6,16,16,False,
driveact,val,vp14_run2_2018-05-30-10-42-33_20055_20100,data/DriveAct_data/clips/opening_bottle/vp14_run2_2018-05-30-10-42-33_20055_20100.mp4,13,16,50,4,0,False,False,0.2725130319595337,0.007854672148823738,0.0009937438735505566,0.16419900488108397,45,6,16,16,False,
driveact,val,vp15_run1_2018-05-30-13-05-35_10155_10200,data/DriveAct_data/clips/opening_bottle/vp15_run1_2018-05-30-13-05-35_10155_10200.mp4,13,16,50,4,10,False,True,0.18775849044322968,0.007848117966204882,0.0009937438735505566,0.15466409199871123,45,6,16,16,False,
driveact,val,vp14_run2_2018-05-30-10-42-33_20100_20115,data/DriveAct_data/clips/opening_bottle/vp14_run2_2018-05-30-10-42-33_20100_20115.mp4,13,16,50,4,0,False,True,0.130738765001297,0.0062170380260795355,0.0009937438735505566,0.14509530714713037,15,2,16,16,False,
driveact,val,vp14_run2_2018-05-30-10-42-33_16169_16194,data/DriveAct_data/clips/opening_bottle/vp14_run2_2018-05-30-10-42-33_16169_16194.mp4,13,16,50,4,0,False,True,0.18321625888347626,0.006436884170398116,0.0009937438735505566,0.13749686093069613,26,4,16,16,False,
driveact,val,vp15_run2_2018-05-30-13-34-33_5669_5715,data/DriveAct_data/clips/opening_bottle/vp15_run2_2018-05-30-13-34-33_5669_5715.mp4,13,16,50,4,9,False,False,0.15183371305465698,0.006815414875745773,0.0009937438735505566,0.1298472450580448,47,6,16,16,False,
driveact,val,vp15_run2_2018-05-30-13-34-33_6415_6443,data/DriveAct_data/clips/opening_bottle/vp15_run2_2018-05-30-13-34-33_6415_6443.mp4,13,16,50,4,0,False,True,0.1732754409313202,0.006633923854678869,0.0009937438735505566,0.12150286603718996,28,4,16,16,False,
driveact,val,vp14_run1_2018-05-30-10-11-09_5855_5873,data/DriveAct_data/clips/opening_bottle/vp14_run1_2018-05-30-10-11-09_5855_5873.mp4,13,16,50,4,5,False,False,0.24467770755290985,0.006843562005087733,0.0009937438735505566,0.11334689613431692,18,3,16,16,False,
driveact,val,vp14_run2_2018-05-30-10-42-33_3685_3731,data/DriveAct_data/clips/opening_bottle/vp14_run2_2018-05-30-10-42-33_3685_3731.mp4,13,16,50,4,5,False,True,0.39663171768188477,0.008121002931147814,0.0009937438735505566,0.10493374709039927,46,6,16,16,False,
driveact,val,vp15_run1_2018-05-30-13-05-35_4451_4497,data/DriveAct_data/clips/opening_bottle/vp15_run1_2018-05-30-13-05-35_4451_4497.mp4,13,16,50,4,5,False,True,0.3563372492790222,0.00832345406524837,0.0009937438735505566,0.09523982717655599,47,6,16,16,False,
driveact,val,vp14_run1_2018-05-30-10-11-09_11987_11998,data/DriveAct_data/clips/opening_bottle/vp14_run1_2018-05-30-10-11-09_11987_11998.mp4,13,16,50,4,10,False,True,0.32007336616516113,0.005822842009365559,0.0009937438735505566,0.08542174100875854,11,2,16,16,False,
driveact,val,vp14_run2_2018-05-30-10-42-33_3731_3770,data/DriveAct_data/clips/opening_bottle/vp14_run2_2018-05-30-10-42-33_3731_3770.mp4,13,16,50,4,5,False,True,0.16774874925613403,0.00750254699960351,0.0009937438735505566,0.0782510198187083,39,5,16,16,False,
driveact,val,vp14_run1_2018-05-30-10-11-09_5763_5809,data/DriveAct_data/clips/opening_bottle/vp14_run1_2018-05-30-10-11-09_5763_5809.mp4,13,16,50,4,5,False,False,0.2972051799297333,0.007844891864806414,0.0009937438735505566,0.06914716819301248,47,6,16,16,False,
driveact,val,vp14_run2_2018-05-30-10-42-33_16124_16169,data/DriveAct_data/clips/opening_bottle/vp14_run2_2018-05-30-10-42-33_16124_16169.mp4,13,16,50,4,5,False,False,0.18407805263996124,0.007766790920868516,0.0009937438735505566,0.05960143404081464,45,6,16,16,False,
driveact,val,vp14_run1_2018-05-30-10-11-09_5809_5855,data/DriveAct_data/clips/opening_bottle/vp14_run1_2018-05-30-10-11-09_5809_5855.mp4,13,16,50,4,5,False,False,0.6566376090049744,0.007833695970475674,0.0009937438735505566,0.050227644853293896,46,6,16,16,False,
driveact,val,vp15_run1_2018-05-30-13-05-35_4497_4508,data/DriveAct_data/clips/opening_bottle/vp15_run1_2018-05-30-13-05-35_4497_4508.mp4,13,16,50,4,5,False,True,0.5762943625450134,0.008442969061434269,0.0011358733754605055,0.3315196849871427,11,2,16,16,False,
driveact,val,vp15_run1_2018-05-30-13-05-35_10200_10223,data/DriveAct_data/clips/opening_bottle/vp15_run1_2018-05-30-13-05-35_10200_10223.mp4,13,16,50,4,0,False,True,0.1891735941171646,0.0070855929516255856,0.0011358733754605055,0.32100610597990453,23,3,16,16,False,
driveact,val,vp14_run2_2018-05-30-10-42-33_22235_22280,data/DriveAct_data/clips/opening_door_inside/vp14_run2_2018-05-30-10-42-33_22235_22280.mp4,14,16,50,4,14,True,True,0.1604936271905899,0.00813009706325829,0.0011358733754605055,0.3123859129846096,45,6,16,16,False,
driveact,val,vp15_run2_2018-05-30-13-34-33_19604_19635,data/DriveAct_data/clips/opening_door_inside/vp15_run2_2018-05-30-13-34-33_19604_19635.mp4,14,16,50,4,14,True,True,0.11297067999839783,0.0075984979048371315,0.0011358733754605055,0.3025894919410348,32,4,16,16,False,
driveact,val,vp14_run1_2018-05-30-10-11-09_24456_24474,data/DriveAct_data/clips/opening_door_inside/vp14_run1_2018-05-30-10-11-09_24456_24474.mp4,14,16,50,4,10,False,True,0.14418919384479523,0.006662341998890042,0.0011358733754605055,0.29338939511217177,18,3,16,16,False,
driveact,val,vp14_run1_2018-05-30-10-11-09_24410_24456,data/DriveAct_data/clips/opening_door_inside/vp14_run1_2018-05-30-10-11-09_24410_24456.mp4,14,16,50,4,14,True,True,0.18716701865196228,0.007981627015396953,0.0011358733754605055,0.28528164187446237,47,6,16,16,False,
driveact,val,vp15_run1_2018-05-30-13-05-35_18724_18755,data/DriveAct_data/clips/opening_door_inside/vp15_run1_2018-05-30-13-05-35_18724_18755.mp4,14,16,50,4,14,True,True,0.17850983142852783,0.007298602955415845,0.0011358733754605055,0.27566754585132003,31,4,16,16,False,
driveact,val,vp14_run2_2018-05-30-10-42-33_22280_22295,data/DriveAct_data/clips/opening_door_inside/vp14_run2_2018-05-30-10-42-33_22280_22295.mp4,14,16,50,4,33,False,True,0.1818852573633194,0.006357789039611816,0.0011358733754605055,0.2667911050375551,15,2,16,16,False,
driveact,val,vp14_run1_2018-05-30-10-11-09_61_82,data/DriveAct_data/clips/opening_door_outside/vp14_run1_2018-05-30-10-11-09_61_82.mp4,15,16,50,4,15,True,True,0.7270572781562805,0.006577138090506196,0.0011358733754605055,0.25902979308739305,20,3,16,16,False,
driveact,val,vp15_run1_2018-05-30-13-05-35_61_87,data/DriveAct_data/clips/opening_door_outside/vp15_run1_2018-05-30-13-05-35_61_87.mp4,15,16,50,4,15,True,True,0.5828357934951782,0.006500511895865202,0.0011358733754605055,0.2509377980604768,25,3,16,16,False,
driveact,val,vp14_run2_2018-05-30-10-42-33_44_74,data/DriveAct_data/clips/opening_door_outside/vp14_run2_2018-05-30-10-42-33_44_74.mp4,15,16,50,4,15,True,True,0.697274923324585,0.007085619028657675,0.0011358733754605055,0.24294255999848247,30,4,16,16,False,
driveact,val,vp15_run2_2018-05-30-13-34-33_99_120,data/DriveAct_data/clips/opening_door_outside/vp15_run2_2018-05-30-13-34-33_99_120.mp4,15,16,50,4,15,True,True,0.8117288947105408,0.006671138107776642,0.0011358733754605055,0.23430108791217208,21,3,16,16,False,
driveact,val,vp15_run1_2018-05-30-13-05-35_6599_6615,data/DriveAct_data/clips/opening_laptop/vp15_run1_2018-05-30-13-05-35_6599_6615.mp4,16,16,50,4,10,False,False,0.4767635464668274,0.006598400883376598,0.0011358733754605055,0.22585767414420843,17,2,16,16,False,
driveact,val,vp14_run1_2018-05-30-10-11-09_21830_21875,data/DriveAct_data/clips/opening_laptop/vp14_run1_2018-05-30-10-11-09_21830_21875.mp4,16,16,50,4,9,False,True,0.2662053108215332,0.008362188003957272,0.0011358733754605055,0.21774093294516206,45,6,16,16,False,
driveact,val,vp15_run2_2018-05-30-13-34-33_6800_6847,data/DriveAct_data/clips/opening_laptop/vp15_run2_2018-05-30-13-34-33_6800_6847.mp4,16,16,50,4,10,False,False,0.18308663368225098,0.007738541113212705,0.0011358733754605055,0.2077614429872483,47,6,16,16,False,
driveact,val,vp15_run1_2018-05-30-13-05-35_5948_5960,data/DriveAct_data/clips/opening_laptop/vp15_run1_2018-05-30-13-05-35_5948_5960.mp4,16,16,50,4,10,False,False,0.2753889262676239,0.0057392369490116835,0.0011358733754605055,0.19837576802819967,12,2,16,16,False,
driveact,val,vp14_run2_2018-05-30-10-42-33_12428_12468,data/DriveAct_data/clips/opening_laptop/vp14_run2_2018-05-30-10-42-33_12428_12468.mp4,16,16,50,4,25,False,True,0.23125118017196655,0.00798883312381804,0.0011358733754605055,0.1912694580387324,41,5,16,16,False,
driveact,val,vp14_run1_2018-05-30-10-11-09_21784_21830,data/DriveAct_data/clips/opening_laptop/vp14_run1_2018-05-30-10-11-09_21784_21830.mp4,16,16,50,4,32,False,True,0.543050229549408,0.006620250875130296,0.0011358733754605055,0.18184767081402242,46,6,16,16,False,
driveact,val,vp15_run2_2018-05-30-13-34-33_6847_6885,data/DriveAct_data/clips/opening_laptop/vp15_run2_2018-05-30-13-34-33_6847_6885.mp4,16,16,50,4,9,False,True,0.26166296005249023,0.007380319060757756,0.0011358733754605055,0.17383600398898125,37,5,16,16,False,
driveact,val,vp14_run1_2018-05-30-10-11-09_21875_21919,data/DriveAct_data/clips/opening_laptop/vp14_run1_2018-05-30-10-11-09_21875_21919.mp4,16,16,50,4,32,False,True,0.40651971101760864,0.00797949405387044,0.0011358733754605055,0.1649223519489169,44,6,16,16,False,
driveact,val,vp14_run1_2018-05-30-10-11-09_21740_21784,data/DriveAct_data/clips/opening_laptop/vp14_run1_2018-05-30-10-11-09_21740_21784.mp4,16,16,50,4,9,False,False,0.28641924262046814,0.007883850019425154,0.0011358733754605055,0.1554277080576867,44,6,16,16,False,
driveact,val,vp15_run1_2018-05-30-13-05-35_5874_5909,data/DriveAct_data/clips/opening_laptop/vp15_run1_2018-05-30-13-05-35_5874_5909.mp4,16,16,50,4,9,False,True,0.18555721640586853,0.007923393044620752,0.0011358733754605055,0.1458920028526336,35,5,16,16,False,
driveact,val,vp15_run1_2018-05-30-13-05-35_5828_5874,data/DriveAct_data/clips/opening_laptop/vp15_run1_2018-05-30-13-05-35_5828_5874.mp4,16,16,50,4,32,False,False,0.13753704726696014,0.007895873859524727,0.0011358733754605055,0.1362206870689988,47,6,16,16,False,
driveact,val,vp14_run2_2018-05-30-10-42-33_13778_13820,data/DriveAct_data/clips/placing_an_object/vp14_run2_2018-05-30-10-42-33_13778_13820.mp4,17,16,50,4,9,False,True,0.6015034317970276,0.008114340947940946,0.0011358733754605055,0.1266116180922836,42,6,16,16,False,
driveact,val,vp15_run2_2018-05-30-13-34-33_9246_9292,data/DriveAct_data/clips/placing_an_object/vp15_run2_2018-05-30-13-34-33_9246_9292.mp4,17,16,50,4,9,False,True,0.2005404531955719,0.007399549940600991,0.0011358733754605055,0.11670721205882728,47,6,16,16,False,
driveact,val,vp15_run2_2018-05-30-13-34-33_7747_7769,data/DriveAct_data/clips/placing_an_object/vp15_run2_2018-05-30-13-34-33_7747_7769.mp4,17,16,50,4,11,False,True,0.09910906851291656,0.006353737786412239,0.0011358733754605055,0.10771653498522937,22,3,16,16,False,
driveact,val,vp14_run2_2018-05-30-10-42-33_11982_12001,data/DriveAct_data/clips/placing_an_object/vp14_run2_2018-05-30-10-42-33_11982_12001.mp4,17,16,50,4,9,False,True,0.2546573877334595,0.006702611921355128,0.0011358733754605055,0.09981275489553809,20,3,16,16,False,
driveact,val,vp14_run2_2018-05-30-10-42-33_19252_19297,data/DriveAct_data/clips/placing_an_object/vp14_run2_2018-05-30-10-42-33_19252_19297.mp4,17,16,50,4,17,True,True,0.16147778928279877,0.008037282852455974,0.0011358733754605055,0.09158892696723342,44,6,16,16,False,
driveact,val,vp15_run1_2018-05-30-13-05-35_6385_6421,data/DriveAct_data/clips/placing_an_object/vp15_run1_2018-05-30-13-05-35_6385_6421.mp4,17,16,50,4,17,True,True,0.3733367919921875,0.007418608060106635,0.0011358733754605055,0.08187025296501815,35,5,16,16,False,
driveact,val,vp14_run2_2018-05-30-10-42-33_20324_20345,data/DriveAct_data/clips/placing_an_object/vp14_run2_2018-05-30-10-42-33_20324_20345.mp4,17,16,50,4,17,True,True,0.9475985765457153,0.006686490029096603,0.0011358733754605055,0.07289066701196134,21,3,16,16,False,
driveact,val,vp14_run1_2018-05-30-10-11-09_10035_10080,data/DriveAct_data/clips/placing_an_object/vp14_run1_2018-05-30-10-11-09_10035_10080.mp4,17,16,50,4,17,True,True,0.6589751243591309,0.007898871088400483,0.0011358733754605055,0.06472072098404169,45,6,16,16,False,
driveact,val,vp14_run1_2018-05-30-10-11-09_23244_23290,data/DriveAct_data/clips/placing_an_object/vp14_run1_2018-05-30-10-11-09_23244_23290.mp4,17,16,50,4,32,False,False,0.41235724091529846,0.007993179140612483,0.0011358733754605055,0.055123717058449984,47,6,16,16,False,
driveact,val,vp14_run1_2018-05-30-10-11-09_20839_20884,data/DriveAct_data/clips/placing_an_object/vp14_run1_2018-05-30-10-11-09_20839_20884.mp4,17,16,50,4,17,True,True,0.8315613269805908,0.01301121711730957,0.0010626506264088675,0.32166435988619924,44,6,16,16,False,
driveact,val,vp14_run1_2018-05-30-10-11-09_6033_6078,data/DriveAct_data/clips/placing_an_object/vp14_run1_2018-05-30-10-11-09_6033_6078.mp4,17,16,50,4,17,True,True,0.5059360265731812,0.00841114204376936,0.0010626506264088675,0.30593616398982704,45,6,16,16,False,
driveact,val,vp14_run2_2018-05-30-10-42-33_10144_10189,data/DriveAct_data/clips/placing_an_object/vp14_run2_2018-05-30-10-42-33_10144_10189.mp4,17,16,50,4,17,True,True,0.4741367697715759,0.007764833047986031,0.0010626506264088675,0.295868064975366,44,6,16,16,False,
driveact,val,vp14_run1_2018-05-30-10-11-09_3899_3918,data/DriveAct_data/clips/placing_an_object/vp14_run1_2018-05-30-10-11-09_3899_3918.mp4,17,16,50,4,9,False,True,0.35778480768203735,0.00651884195394814,0.0010626506264088675,0.2863365220837295,20,3,16,16,False,
driveact,val,vp15_run1_2018-05-30-13-05-35_17835_17878,data/DriveAct_data/clips/placing_an_object/vp15_run1_2018-05-30-13-05-35_17835_17878.mp4,17,16,50,4,9,False,True,0.221250981092453,0.007667468162253499,0.0010626506264088675,0.2782844752073288,44,6,16,16,False,
driveact,val,vp15_run1_2018-05-30-13-05-35_15124_15161,data/DriveAct_data/clips/placing_an_object/vp15_run1_2018-05-30-13-05-35_15124_15161.mp4,17,16,50,4,17,True,True,0.5032505393028259,0.007371378131210804,0.0010626506264088675,0.2690903458278626,37,5,16,16,False,
driveact,val,vp14_run1_2018-05-30-10-11-09_23063_23108,data/DriveAct_data/clips/placing_an_object/vp14_run1_2018-05-30-10-11-09_23063_23108.mp4,17,16,50,4,17,True,True,0.4007546603679657,0.007540761027485132,0.0010626506264088675,0.26015050802379847,45,6,16,16,False,
driveact,val,vp14_run1_2018-05-30-10-11-09_3808_3854,data/DriveAct_data/clips/placing_an_object/vp14_run1_2018-05-30-10-11-09_3808_3854.mp4,17,16,50,4,17,True,True,0.16939710080623627,0.008026259951293468,0.0010626506264088675,0.2508731661364436,46,6,16,16,False,
driveact,val,vp14_run1_2018-05-30-10-11-09_6921_6966,data/DriveAct_data/clips/placing_an_object/vp14_run1_2018-05-30-10-11-09_6921_6966.mp4,17,16,50,4,9,False,True,0.22202661633491516,0.007898200070485473,0.0010626506264088675,0.24116243585012853,45,6,16,16,False,
driveact,val,vp15_run2_2018-05-30-13-34-33_12431_12451,data/DriveAct_data/clips/placing_an_object/vp15_run2_2018-05-30-13-34-33_12431_12451.mp4,17,16,50,4,0,False,False,0.181624174118042,0.006202916149049997,0.0010626506264088675,0.23161968914791942,20,3,16,16,False,
driveact,val,vp15_run2_2018-05-30-13-34-33_6516_6526,data/DriveAct_data/clips/placing_an_object/vp15_run2_2018-05-30-13-34-33_6516_6526.mp4,17,16,50,4,9,False,False,0.17558921873569489,0.004944885848090053,0.0010626506264088675,0.22425926104187965,11,2,16,16,False,
driveact,val,vp15_run1_2018-05-30-13-05-35_4173_4218,data/DriveAct_data/clips/preparing_food/vp15_run1_2018-05-30-13-05-35_4173_4218.mp4,18,16,50,4,5,False,True,0.5939779281616211,0.007964689983054996,0.0010626506264088675,0.21806692611426115,45,6,16,16,False,
driveact,val,vp15_run1_2018-05-30-13-05-35_4218_4263,data/DriveAct_data/clips/preparing_food/vp15_run1_2018-05-30-13-05-35_4218_4263.mp4,18,16,50,4,5,False,True,0.15324343740940094,0.00818380806595087,0.0010626506264088675,0.20843644812703133,45,6,16,16,False,
driveact,val,vp15_run2_2018-05-30-13-34-33_5458_5503,data/DriveAct_data/clips/preparing_food/vp15_run2_2018-05-30-13-34-33_5458_5503.mp4,18,16,50,4,9,False,False,0.25662702322006226,0.008148798951879144,0.0010626506264088675,0.19850469892844558,44,6,16,16,False,
driveact,val,vp15_run1_2018-05-30-13-05-35_4263_4274,data/DriveAct_data/clips/preparing_food/vp15_run1_2018-05-30-13-05-35_4263_4274.mp4,18,16,50,4,5,False,True,0.5435687303543091,0.0057599719148129225,0.0010626506264088675,0.1887235390022397,11,2,16,16,False,
driveact,val,vp15_run2_2018-05-30-13-34-33_5412_5458,data/DriveAct_data/clips/preparing_food/vp15_run2_2018-05-30-13-34-33_5412_5458.mp4,18,16,50,4,9,False,True,0.28627297282218933,0.008054171921685338,0.0010626506264088675,0.18147695995867252,47,6,16,16,False,
driveact,val,vp14_run1_2018-05-30-10-11-09_6100_6135,data/DriveAct_data/clips/pressing_automation_button/vp14_run1_2018-05-30-10-11-09_6100_6135.mp4,19,16,50,4,19,True,True,0.8857042789459229,0.007802892010658979,0.0010626506264088675,0.17170200496912003,34,5,16,16,False,
driveact,val,vp15_run1_2018-05-30-13-05-35_5603_5614,data/DriveAct_data/clips/pressing_automation_button/vp15_run1_2018-05-30-13-05-35_5603_5614.mp4,19,16,50,4,19,True,True,0.9564224481582642,0.006067486014217138,0.0010626506264088675,0.1623526238836348,11,2,16,16,False,
driveact,val,vp14_run1_2018-05-30-10-11-09_19092_19109,data/DriveAct_data/clips/pressing_automation_button/vp14_run1_2018-05-30-10-11-09_19092_19109.mp4,19,16,50,4,19,True,True,0.8491423726081848,0.006574111990630627,0.0010626506264088675,0.15492439409717917,17,2,16,16,False,
driveact,val,vp14_run1_2018-05-30-10-11-09_23828_23868,data/DriveAct_data/clips/pressing_automation_button/vp14_run1_2018-05-30-10-11-09_23828_23868.mp4,19,16,50,4,19,True,True,0.9283313155174255,0.007651671068742871,0.0010626506264088675,0.14676232007332146,41,5,16,16,False,
driveact,val,vp14_run2_2018-05-30-10-42-33_21617_21626,data/DriveAct_data/clips/pressing_automation_button/vp14_run2_2018-05-30-10-42-33_21617_21626.mp4,19,16,50,4,19,True,True,0.8095929622650146,0.0053169389721006155,0.0010626506264088675,0.13760536280460656,9,1,16,16,False,
driveact,val,vp14_run1_2018-05-30-10-11-09_6532_6545,data/DriveAct_data/clips/pressing_automation_button/vp14_run1_2018-05-30-10-11-09_6532_6545.mp4,19,16,50,4,19,True,True,0.9677285552024841,0.006125615909695625,0.0010626506264088675,0.13096645288169384,13,2,16,16,False,
driveact,val,vp15_run2_2018-05-30-13-34-33_3486_3530,data/DriveAct_data/clips/pressing_automation_button/vp15_run2_2018-05-30-13-34-33_3486_3530.mp4,19,16,50,4,19,True,True,0.8804817795753479,0.007872713962569833,0.0010626506264088675,0.12349430401809514,44,6,16,16,False,
driveact,val,vp15_run2_2018-05-30-13-34-33_3530_3551,data/DriveAct_data/clips/pressing_automation_button/vp15_run2_2018-05-30-13-34-33_3530_3551.mp4,19,16,50,4,19,True,True,0.900128185749054,0.00693781697191298,0.0010626506264088675,0.1140403130557388,21,3,16,16,False,
driveact,val,vp14_run2_2018-05-30-10-42-33_14307_14319,data/DriveAct_data/clips/pressing_automation_button/vp14_run2_2018-05-30-10-42-33_14307_14319.mp4,19,16,50,4,19,True,True,0.8573538661003113,0.005875851027667522,0.0010626506264088675,0.10552646382711828,12,2,16,16,False,
driveact,val,vp14_run2_2018-05-30-10-42-33_9619_9627,data/DriveAct_data/clips/pressing_automation_button/vp14_run2_2018-05-30-10-42-33_9619_9627.mp4,19,16,50,4,19,True,True,0.531548023223877,0.005150996847078204,0.0010626506264088675,0.09832479595206678,7,1,16,16,False,
driveact,val,vp14_run2_2018-05-30-10-42-33_13931_13976,data/DriveAct_data/clips/pressing_automation_button/vp14_run2_2018-05-30-10-42-33_13931_13976.mp4,19,16,50,4,19,True,True,0.8952058553695679,0.00784700596705079,0.0010626506264088675,0.09190295194275677,45,6,16,16,False,
driveact,val,vp15_run1_2018-05-30-13-05-35_9434_9445,data/DriveAct_data/clips/pressing_automation_button/vp15_run1_2018-05-30-13-05-35_9434_9445.mp4,19,16,50,4,19,True,True,0.8568544983863831,0.005786441965028644,0.0010626506264088675,0.08226566691882908,11,2,16,16,False,
driveact,val,vp14_run2_2018-05-30-10-42-33_21572_21617,data/DriveAct_data/clips/pressing_automation_button/vp14_run2_2018-05-30-10-42-33_21572_21617.mp4,19,16,50,4,19,True,True,0.8328287601470947,0.007952499901875854,0.0010626506264088675,0.07499420293606818,45,6,16,16,False,
driveact,val,vp14_run1_2018-05-30-10-11-09_11725_11733,data/DriveAct_data/clips/pressing_automation_button/vp14_run1_2018-05-30-10-11-09_11725_11733.mp4,19,16,50,4,19,True,True,0.8767155408859253,0.005282687954604626,0.0010626506264088675,0.0652717228513211,7,1,16,16,False,
driveact,val,vp14_run2_2018-05-30-10-42-33_19945_19955,data/DriveAct_data/clips/pressing_automation_button/vp14_run2_2018-05-30-10-42-33_19945_19955.mp4,19,16,50,4,19,True,True,0.8779309391975403,0.0054833428002893925,0.0010626506264088675,0.0584527300670743,10,2,16,16,False,
driveact,val,vp14_run1_2018-05-30-10-11-09_11236_11262,data/DriveAct_data/clips/pressing_automation_button/vp14_run1_2018-05-30-10-11-09_11236_11262.mp4,19,16,50,4,19,True,True,0.849358081817627,0.006962581072002649,0.0010626506264088675,0.05167909408919513,25,3,16,16,False,
driveact,val,vp14_run1_2018-05-30-10-11-09_5067_5077,data/DriveAct_data/clips/pressing_automation_button/vp14_run1_2018-05-30-10-11-09_5067_5077.mp4,19,16,50,4,19,True,True,0.9810076355934143,0.00866000703535974,0.0009531670657452196,0.34206345002166927,11,2,16,16,False,
driveact,val,vp14_run1_2018-05-30-10-11-09_3350_3362,data/DriveAct_data/clips/pressing_automation_button/vp14_run1_2018-05-30-10-11-09_3350_3362.mp4,19,16,50,4,19,True,True,0.9478949904441833,0.006243138108402491,0.0009531670657452196,0.33128663594834507,12,2,16,16,False,
driveact,val,vp14_run2_2018-05-30-10-42-33_15003_15038,data/DriveAct_data/clips/pressing_automation_button/vp14_run2_2018-05-30-10-42-33_15003_15038.mp4,19,16,50,4,19,True,True,0.9056957960128784,0.00796067900955677,0.0009531670657452196,0.3236289480701089,35,5,16,16,False,
driveact,val,vp14_run1_2018-05-30-10-11-09_11041_11086,data/DriveAct_data/clips/pressing_automation_button/vp14_run1_2018-05-30-10-11-09_11041_11086.mp4,19,16,50,4,19,True,True,0.6854012608528137,0.008257050067186356,0.0009531670657452196,0.3141031991690397,44,6,16,16,False,
driveact,val,vp15_run1_2018-05-30-13-05-35_6828_6873,data/DriveAct_data/clips/putting_laptop_into_backpack/vp15_run1_2018-05-30-13-05-35_6828_6873.mp4,20,16,50,4,17,False,False,0.6207223534584045,0.008143566083163023,0.0009531670657452196,0.30440436606295407,45,6,16,16,False,
driveact,val,vp15_run1_2018-05-30-13-05-35_14404_14450,data/DriveAct_data/clips/putting_on_jacket/vp15_run1_2018-05-30-13-05-35_14404_14450.mp4,21,16,50,4,21,True,True,0.22042758762836456,0.007866590050980449,0.0009531670657452196,0.2946301398333162,46,6,16,16,False,
driveact,val,vp15_run1_2018-05-30-13-05-35_14360_14404,data/DriveAct_data/clips/putting_on_jacket/vp15_run1_2018-05-30-13-05-35_14360_14404.mp4,21,16,50,4,9,False,True,0.12339936941862106,0.007012940943241119,0.0009531670657452196,0.28502136608585715,44,6,16,16,False,
driveact,val,vp15_run1_2018-05-30-13-05-35_14495_14540,data/DriveAct_data/clips/putting_on_jacket/vp15_run1_2018-05-30-13-05-35_14495_14540.mp4,21,16,50,4,8,False,False,0.16953861713409424,0.007794250966981053,0.0009531670657452196,0.27642397210001945,45,6,16,16,False,
driveact,val,vp14_run2_2018-05-30-10-42-33_6651_6696,data/DriveAct_data/clips/putting_on_jacket/vp14_run2_2018-05-30-10-42-33_6651_6696.mp4,21,16,50,4,17,False,False,0.2996767461299896,0.008626884082332253,0.0009531670657452196,0.26708136801607907,45,6,16,16,False,
driveact,val,vp14_run2_2018-05-30-10-42-33_6787_6832,data/DriveAct_data/clips/putting_on_jacket/vp14_run2_2018-05-30-10-42-33_6787_6832.mp4,21,16,50,4,17,False,True,0.7484470009803772,0.007787836017087102,0.0009531670657452196,0.2567510511726141,44,6,16,16,False,
driveact,val,vp15_run2_2018-05-30-13-34-33_13832_13877,data/DriveAct_data/clips/putting_on_jacket/vp15_run2_2018-05-30-13-34-33_13832_13877.mp4,21,16,50,4,9,False,True,0.3010546863079071,0.008328509982675314,0.0009531670657452196,0.24740729294717312,45,6,16,16,False,
driveact,val,vp15_run1_2018-05-30-13-05-35_14314_14360,data/DriveAct_data/clips/putting_on_jacket/vp15_run1_2018-05-30-13-05-35_14314_14360.mp4,21,16,50,4,21,True,True,0.25478553771972656,0.007954349974170327,0.0009531670657452196,0.2374779439996928,46,6,16,16,False,
driveact,val,vp15_run1_2018-05-30-13-05-35_14131_14177,data/DriveAct_data/clips/putting_on_jacket/vp15_run1_2018-05-30-13-05-35_14131_14177.mp4,21,16,50,4,9,False,True,0.2104189693927765,0.008479658048599958,0.0009531670657452196,0.22770216106437147,46,6,16,16,False,
driveact,val,vp15_run2_2018-05-30-13-34-33_13785_13832,data/DriveAct_data/clips/putting_on_jacket/vp15_run2_2018-05-30-13-34-33_13785_13832.mp4,21,16,50,4,17,False,True,0.2050868421792984,0.007909746142104268,0.0009531670657452196,0.2176735841203481,47,6,16,16,False,
driveact,val,vp14_run2_2018-05-30-10-42-33_7195_7243,data/DriveAct_data/clips/putting_on_jacket/vp14_run2_2018-05-30-10-42-33_7195_7243.mp4,21,16,50,4,21,True,True,0.25125008821487427,0.007870713016018271,0.0009531670657452196,0.20812090300023556,47,6,16,16,False,
driveact,val,vp15_run2_2018-05-30-13-34-33_13603_13648,data/DriveAct_data/clips/putting_on_jacket/vp15_run2_2018-05-30-13-34-33_13603_13648.mp4,21,16,50,4,9,False,True,0.13099782168865204,0.00783836585469544,0.0009531670657452196,0.19865406001918018,44,6,16,16,False,
driveact,val,vp15_run1_2018-05-30-13-05-35_14540_14585,data/DriveAct_data/clips/putting_on_jacket/vp15_run1_2018-05-30-13-05-35_14540_14585.mp4,21,16,50,4,17,False,True,0.2431326061487198,0.007809259928762913,0.0009531670657452196,0.1891527681145817,45,6,16,16,False,
driveact,val,vp14_run2_2018-05-30-10-42-33_7288_7333,data/DriveAct_data/clips/putting_on_jacket/vp14_run2_2018-05-30-10-42-33_7288_7333.mp4,21,16,50,4,17,False,False,0.1363055258989334,0.008003526134416461,0.0009531670657452196,0.17969737015664577,44,6,16,16,False,
driveact,val,vp14_run2_2018-05-30-10-42-33_7150_7195,data/DriveAct_data/clips/putting_on_jacket/vp14_run2_2018-05-30-10-42-33_7150_7195.mp4,21,16,50,4,17,False,False,0.11274567246437073,0.007876678137108684,0.0009531670657452196,0.16993072093464434,44,6,16,16,False,
driveact,val,vp14_run2_2018-05-30-10-42-33_6696_6742,data/DriveAct_data/clips/putting_on_jacket/vp14_run2_2018-05-30-10-42-33_6696_6742.mp4,21,16,50,4,9,False,False,0.36670517921447754,0.008275074884295464,0.0009531670657452196,0.16048789396882057,47,6,16,16,False,
driveact,val,vp14_run2_2018-05-30-10-42-33_7105_7150,data/DriveAct_data/clips/putting_on_jacket/vp14_run2_2018-05-30-10-42-33_7105_7150.mp4,21,16,50,4,29,False,False,0.21978016197681427,0.007952778832986951,0.0009531670657452196,0.1506089959293604,44,6,16,16,False,
driveact,val,vp14_run2_2018-05-30-10-42-33_6742_6787,data/DriveAct_data/clips/putting_on_jacket/vp14_run2_2018-05-30-10-42-33_6742_6787.mp4,21,16,50,4,9,False,False,0.18698352575302124,0.008024167036637664,0.0009531670657452196,0.14088410302065313,44,6,16,16,False,
driveact,val,vp14_run2_2018-05-30-10-42-33_6878_6924,data/DriveAct_data/clips/putting_on_jacket/vp14_run2_2018-05-30-10-42-33_6878_6924.mp4,21,16,50,4,17,False,True,0.2843899726867676,0.007756961975246668,0.0009531670657452196,0.13104090583510697,47,6,16,16,False,
driveact,val,vp15_run2_2018-05-30-13-34-33_13968_14013,data/DriveAct_data/clips/putting_on_jacket/vp15_run2_2018-05-30-13-34-33_13968_14013.mp4,21,16,50,4,21,True,True,0.27184006571769714,0.0077687150333076715,0.0009531670657452196,0.12169115105643868,45,6,16,16,False,
driveact,val,vp14_run2_2018-05-30-10-42-33_6832_6878,data/DriveAct_data/clips/putting_on_jacket/vp14_run2_2018-05-30-10-42-33_6832_6878.mp4,21,16,50,4,17,False,True,0.37895458936691284,0.007803444983437657,0.0009531670657452196,0.11231681099161506,46,6,16,16,False,
driveact,val,vp15_run2_2018-05-30-13-34-33_12749_12795,data/DriveAct_data/clips/putting_on_sunglasses/vp15_run2_2018-05-30-13-34-33_12749_12795.mp4,22,16,50,4,9,False,True,0.2653828263282776,0.00792672298848629,0.0009531670657452196,0.10287142707966268,47,6,16,16,False,
driveact,val,vp14_run1_2018-05-30-10-11-09_10292_10334,data/DriveAct_data/clips/putting_on_sunglasses/vp14_run1_2018-05-30-10-11-09_10292_10334.mp4,22,16,50,4,32,False,False,0.2728130519390106,0.008039607899263501,0.0009531670657452196,0.09330861596390605,42,6,16,16,False,
driveact,val,vp15_run1_2018-05-30-13-05-35_8577_8623,data/DriveAct_data/clips/putting_on_sunglasses/vp15_run1_2018-05-30-13-05-35_8577_8623.mp4,22,16,50,4,10,False,False,0.22826099395751953,0.007757978979498148,0.0009531670657452196,0.08369220816530287,47,6,16,16,False,
driveact,val,vp15_run1_2018-05-30-13-05-35_8623_8664,data/DriveAct_data/clips/putting_on_sunglasses/vp15_run1_2018-05-30-13-05-35_8623_8664.mp4,22,16,50,4,4,False,True,0.21513955295085907,0.007730917073786259,0.0009531670657452196,0.07422456704080105,40,5,16,16,False,
driveact,val,vp15_run2_2018-05-30-13-34-33_12795_12805,data/DriveAct_data/clips/putting_on_sunglasses/vp15_run2_2018-05-30-13-34-33_12795_12805.mp4,22,16,50,4,4,False,True,0.28440478444099426,0.005670994054526091,0.0009531670657452196,0.06477721384726465,11,2,16,16,False,
driveact,val,vp14_run1_2018-05-30-10-11-09_10107_10133,data/DriveAct_data/clips/putting_on_sunglasses/vp14_run1_2018-05-30-10-11-09_10107_10133.mp4,22,16,50,4,4,False,True,0.16990496218204498,0.007432699901983142,0.0009531670657452196,0.05776504194363952,26,4,16,16,False,
driveact,val,vp15_run2_2018-05-30-13-34-33_12366_12398,data/DriveAct_data/clips/putting_on_sunglasses/vp15_run2_2018-05-30-13-34-33_12366_12398.mp4,22,16,50,4,9,False,False,0.36700087785720825,0.007467552088201046,0.0009531670657452196,0.048814669949933887,32,4,16,16,False,
driveact,val,vp15_run1_2018-05-30-13-05-35_8808_8831,data/DriveAct_data/clips/putting_on_sunglasses/vp15_run1_2018-05-30-13-05-35_8808_8831.mp4,22,16,50,4,4,False,True,0.560968816280365,0.009562339866533875,0.0009793774952413514,0.3434259039349854,23,3,16,16,False,
driveact,val,vp15_run2_2018-05-30-13-34-33_12451_12495,data/DriveAct_data/clips/putting_on_sunglasses/vp15_run2_2018-05-30-13-34-33_12451_12495.mp4,22,16,50,4,22,True,True,0.2598607838153839,0.007890919223427773,0.0009793774952413514,0.3315868671052158,43,6,16,16,False,
driveact,val,vp15_run1_2018-05-30-13-05-35_9084_9108,data/DriveAct_data/clips/putting_on_sunglasses/vp15_run1_2018-05-30-13-05-35_9084_9108.mp4,22,16,50,4,4,False,True,0.3341398239135742,0.0071990531869232655,0.0009793774952413514,0.3220484971534461,24,3,16,16,False,
driveact,val,vp14_run2_2018-05-30-10-42-33_10444_10476,data/DriveAct_data/clips/putting_on_sunglasses/vp14_run2_2018-05-30-10-42-33_10444_10476.mp4,22,16,50,4,17,False,False,0.17790071666240692,0.007370672887191176,0.0009793774952413514,0.3132706410251558,31,4,16,16,False,
driveact,val,vp14_run2_2018-05-30-10-42-33_7944_7989,data/DriveAct_data/clips/putting_on_sunglasses/vp14_run2_2018-05-30-10-42-33_7944_7989.mp4,22,16,50,4,10,False,False,0.45453888177871704,0.00804122001864016,0.0009793774952413514,0.30431413697078824,45,6,16,16,False,
driveact,val,vp14_run2_2018-05-30-10-42-33_8556_8573,data/DriveAct_data/clips/putting_on_sunglasses/vp14_run2_2018-05-30-10-42-33_8556_8573.mp4,22,16,50,4,10,False,False,0.25215357542037964,0.006487356033176184,0.0009793774952413514,0.29468414606526494,17,2,16,16,False,
driveact,val,vp14_run1_2018-05-30-10-11-09_13628_13659,data/DriveAct_data/clips/putting_on_sunglasses/vp14_run1_2018-05-30-10-11-09_13628_13659.mp4,22,16,50,4,32,False,False,0.2622130215167999,0.007444511167705059,0.0009793774952413514,0.2866838851477951,32,4,16,16,False,
driveact,val,vp14_run2_2018-05-30-10-42-33_14897_14938,data/DriveAct_data/clips/putting_on_sunglasses/vp14_run2_2018-05-30-10-42-33_14897_14938.mp4,22,16,50,4,10,False,False,0.3195227384567261,0.007753100013360381,0.0009793774952413514,0.27772051002830267,41,5,16,16,False,
driveact,val,vp15_run2_2018-05-30-13-34-33_11074_11119,data/DriveAct_data/clips/reading_magazine/vp15_run2_2018-05-30-13-34-33_11074_11119.mp4,23,16,50,4,23,True,True,0.7956866025924683,0.007759653031826019,0.0009793774952413514,0.2682418010663241,44,6,16,16,False,
driveact,val,vp14_run2_2018-05-30-10-42-33_10388_10407,data/DriveAct_data/clips/reading_magazine/vp14_run2_2018-05-30-10-42-33_10388_10407.mp4,23,16,50,4,23,True,True,0.9207828640937805,0.006807294907048345,0.0009793774952413514,0.2588571049273014,20,3,16,16,False,
driveact,val,vp15_run2_2018-05-30-13-34-33_11304_11349,data/DriveAct_data/clips/reading_magazine/vp15_run2_2018-05-30-13-34-33_11304_11349.mp4,23,16,50,4,23,True,True,0.7433997392654419,0.007926371181383729,0.0009793774952413514,0.2505697528831661,45,6,16,16,False,
driveact,val,vp14_run1_2018-05-30-10-11-09_14027_14072,data/DriveAct_data/clips/reading_magazine/vp14_run1_2018-05-30-10-11-09_14027_14072.mp4,23,16,50,4,23,True,True,0.8512371778488159,0.007981979986652732,0.0009793774952413514,0.24098830693401396,45,6,16,16,False,
driveact,val,vp14_run1_2018-05-30-10-11-09_14662_14707,data/DriveAct_data/clips/reading_magazine/vp14_run1_2018-05-30-10-11-09_14662_14707.mp4,23,16,50,4,23,True,True,0.3108538091182709,0.007979193003848195,0.0009793774952413514,0.23138172109611332,44,6,16,16,False,
driveact,val,vp14_run1_2018-05-30-10-11-09_15888_15933,data/DriveAct_data/clips/reading_magazine/vp14_run1_2018-05-30-10-11-09_15888_15933.mp4,23,16,50,4,23,True,True,0.8880241513252258,0.00788874994032085,0.0009793774952413514,0.22136001382023096,45,6,16,16,False,
driveact,val,vp14_run1_2018-05-30-10-11-09_13706_13753,data/DriveAct_data/clips/reading_magazine/vp14_run1_2018-05-30-10-11-09_13706_13753.mp4,23,16,50,4,23,True,True,0.5157280564308167,0.007841935846954584,0.0009793774952413514,0.21191123290918767,47,6,16,16,False,
driveact,val,vp14_run1_2018-05-30-10-11-09_15933_15961,data/DriveAct_data/clips/reading_magazine/vp14_run1_2018-05-30-10-11-09_15933_15961.mp4,23,16,50,4,23,True,True,0.8574975728988647,0.007405753014609218,0.0009793774952413514,0.2025264531839639,29,4,16,16,False,
driveact,val,vp14_run1_2018-05-30-10-11-09_15208_15253,data/DriveAct_data/clips/reading_magazine/vp14_run1_2018-05-30-10-11-09_15208_15253.mp4,23,16,50,4,23,True,True,0.7395786046981812,0.00803093914873898,0.0009793774952413514,0.19355947407893836,44,6,16,16,False,
driveact,val,vp15_run2_2018-05-30-13-34-33_11439_11485,data/DriveAct_data/clips/reading_magazine/vp15_run2_2018-05-30-13-34-33_11439_11485.mp4,23,16,50,4,23,True,True,0.6120800375938416,0.008165735052898526,0.0009793774952413514,0.1837544331792742,47,6,16,16,False,
driveact,val,vp15_run2_2018-05-30-13-34-33_10619_10665,data/DriveAct_data/clips/reading_magazine/vp15_run2_2018-05-30-13-34-33_10619_10665.mp4,23,16,50,4,23,True,True,0.35256427526474,0.007963594049215317,0.0009793774952413514,0.17401356296613812,47,6,16,16,False,
driveact,val,vp14_run2_2018-05-30-10-42-33_10761_10808,data/DriveAct_data/clips/reading_magazine/vp14_run2_2018-05-30-10-42-33_10761_10808.mp4,23,16,50,4,23,True,True,0.8519124388694763,0.008090703980997205,0.0009793774952413514,0.16430835402570665,47,6,16,16,False,
driveact,val,vp14_run1_2018-05-30-10-11-09_15342_15387,data/DriveAct_data/clips/reading_magazine/vp14_run1_2018-05-30-10-11-09_15342_15387.mp4,23,16,50,4,23,True,True,0.8698815703392029,0.0080157401971519,0.0009793774952413514,0.15456928312778473,45,6,16,16,False,
driveact,val,vp14_run2_2018-05-30-10-42-33_10579_10624,data/DriveAct_data/clips/reading_magazine/vp14_run2_2018-05-30-10-42-33_10579_10624.mp4,23,16,50,4,23,True,True,0.8820607662200928,0.008321777218952775,0.0009793774952413514,0.14495720085687935,44,6,16,16,False,
driveact,val,vp15_run1_2018-05-30-13-05-35_17520_17566,data/DriveAct_data/clips/reading_magazine/vp15_run1_2018-05-30-13-05-35_17520_17566.mp4,23,16,50,4,23,True,True,0.22115767002105713,0.008155554067343473,0.0009793774952413514,0.13488457491621375,47,6,16,16,False,
driveact,val,vp15_run2_2018-05-30-13-34-33_10300_10346,data/DriveAct_data/clips/reading_magazine/vp15_run2_2018-05-30-13-34-33_10300_10346.mp4,23,16,50,4,23,True,True,0.7758973240852356,0.00776654900982976,0.0009793774952413514,0.12501302896998823,46,6,16,16,False,
driveact,val,vp14_run2_2018-05-30-10-42-33_11353_11399,data/DriveAct_data/clips/reading_magazine/vp14_run2_2018-05-30-10-42-33_11353_11399.mp4,23,16,50,4,23,True,True,0.8814200162887573,0.008148695109412074,0.0009793774952413514,0.1156456689350307,46,6,16,16,False,
driveact,val,vp15_run1_2018-05-30-13-05-35_17214_17260,data/DriveAct_data/clips/reading_magazine/vp15_run1_2018-05-30-13-05-35_17214_17260.mp4,23,16,50,4,23,True,True,0.4394862651824951,0.008204694138839841,0.0009793774952413514,0.10593451699241996,47,6,16,16,False,
driveact,val,vp15_run2_2018-05-30-13-34-33_10208_10254,data/DriveAct_data/clips/reading_magazine/vp15_run2_2018-05-30-13-34-33_10208_10254.mp4,23,16,50,4,24,False,True,0.1589985489845276,0.007973389932885766,0.0009793774952413514,0.09613138483837247,47,6,16,16,False,
driveact,val,vp14_run2_2018-05-30-10-42-33_10945_10990,data/DriveAct_data/clips/reading_magazine/vp14_run2_2018-05-30-10-42-33_10945_10990.mp4,23,16,50,4,23,True,True,0.73286372423172,0.007880933117121458,0.0009793774952413514,0.08646566397510469,44,6,16,16,False,
driveact,val,vp14_run1_2018-05-30-10-11-09_7990_8035,data/DriveAct_data/clips/reading_newspaper/vp14_run1_2018-05-30-10-11-09_7990_8035.mp4,24,16,50,4,24,True,True,0.9394584894180298,0.008229881059378386,0.0009793774952413514,0.076892773155123,44,6,16,16,False,
driveact,val,vp14_run1_2018-05-30-10-11-09_8221_8266,data/DriveAct_data/clips/reading_newspaper/vp14_run1_2018-05-30-10-11-09_8221_8266.mp4,24,16,50,4,24,True,True,0.9413020610809326,0.007869760040193796,0.0009793774952413514,0.06705064605921507,44,6,16,16,False,
driveact,val,vp14_run1_2018-05-30-10-11-09_8811_8857,data/DriveAct_data/clips/reading_newspaper/vp14_run1_2018-05-30-10-11-09_8811_8857.mp4,24,16,50,4,24,True,True,0.9672167301177979,0.00704492605291307,0.0009793774952413514,0.05742784310132265,47,6,16,16,False,
driveact,val,vp14_run1_2018-05-30-10-11-09_8357_8402,data/DriveAct_data/clips/reading_newspaper/vp14_run1_2018-05-30-10-11-09_8357_8402.mp4,24,16,50,4,24,True,True,0.7316715717315674,0.0071031448896974325,0.0009793774952413514,0.04907071287743747,45,6,16,16,False,
driveact,val,vp14_run1_2018-05-30-10-11-09_7447_7491,data/DriveAct_data/clips/reading_newspaper/vp14_run1_2018-05-30-10-11-09_7447_7491.mp4,24,16,50,4,24,True,True,0.9444298148155212,0.013218096923083067,0.0009953232220141217,0.35089621413499117,43,6,16,16,False,
driveact,val,vp14_run2_2018-05-30-10-42-33_5079_5125,data/DriveAct_data/clips/reading_newspaper/vp14_run2_2018-05-30-10-42-33_5079_5125.mp4,24,16,50,4,24,True,True,0.8683678507804871,0.008434930117800832,0.0009953232220141217,0.33555207098834217,47,6,16,16,False,
driveact,val,vp15_run2_2018-05-30-13-34-33_8001_8047,data/DriveAct_data/clips/reading_newspaper/vp15_run2_2018-05-30-13-34-33_8001_8047.mp4,24,16,50,4,24,True,True,0.21406665444374084,0.007924816105514765,0.0009953232220141217,0.32552817510440946,47,6,16,16,False,
driveact,val,vp14_run2_2018-05-30-10-42-33_4851_4897,data/DriveAct_data/clips/reading_newspaper/vp14_run2_2018-05-30-10-42-33_4851_4897.mp4,24,16,50,4,24,True,True,0.5268929600715637,0.008182869059965014,0.0009953232220141217,0.3159739759285003,47,6,16,16,False,
driveact,val,vp15_run2_2018-05-30-13-34-33_8047_8092,data/DriveAct_data/clips/reading_newspaper/vp15_run2_2018-05-30-13-34-33_8047_8092.mp4,24,16,50,4,24,True,True,0.8797199130058289,0.007892961148172617,0.0009953232220141217,0.305981351993978,44,6,16,16,False,
driveact,val,vp14_run1_2018-05-30-10-11-09_8947_8992,data/DriveAct_data/clips/reading_newspaper/vp14_run1_2018-05-30-10-11-09_8947_8992.mp4,24,16,50,4,24,True,True,0.8630557060241699,0.008035980863496661,0.0009953232220141217,0.2964795290026814,44,6,16,16,False,
driveact,val,vp14_run1_2018-05-30-10-11-09_7401_7447,data/DriveAct_data/clips/reading_newspaper/vp14_run1_2018-05-30-10-11-09_7401_7447.mp4,24,16,50,4,24,True,True,0.9313377737998962,0.00811476306989789,0.0009953232220141217,0.286789194913581,47,6,16,16,False,
driveact,val,vp14_run2_2018-05-30-10-42-33_4484_4530,data/DriveAct_data/clips/reading_newspaper/vp14_run2_2018-05-30-10-42-33_4484_4530.mp4,24,16,50,4,24,True,True,0.7013615965843201,0.008315524086356163,0.0009953232220141217,0.27703668107278645,47,6,16,16,False,
driveact,val,vp14_run2_2018-05-30-10-42-33_4621_4667,data/DriveAct_data/clips/reading_newspaper/vp14_run2_2018-05-30-10-42-33_4621_4667.mp4,24,16,50,4,24,True,True,0.5210716724395752,0.007831085938960314,0.0009953232220141217,0.26692652492783964,46,6,16,16,False,
driveact,val,vp15_run2_2018-05-30-13-34-33_8686_8731,data/DriveAct_data/clips/reading_newspaper/vp15_run2_2018-05-30-13-34-33_8686_8731.mp4,24,16,50,4,24,True,True,0.8930193781852722,0.00780469598248601,0.0009953232220141217,0.257522878004238,44,6,16,16,False,
driveact,val,vp14_run2_2018-05-30-10-42-33_4760_4806,data/DriveAct_data/clips/reading_newspaper/vp14_run2_2018-05-30-10-42-33_4760_4806.mp4,24,16,50,4,24,True,True,0.5513911247253418,0.008044976042583585,0.0009953232220141217,0.24816259695217013,47,6,16,16,False,
driveact,val,vp14_run1_2018-05-30-10-11-09_8035_8082,data/DriveAct_data/clips/reading_newspaper/vp14_run1_2018-05-30-10-11-09_8035_8082.mp4,24,16,50,4,24,True,True,0.9485266208648682,0.007942344062030315,0.0009953232220141217,0.23854729998856783,46,6,16,16,False,
driveact,val,vp14_run2_2018-05-30-10-42-33_4667_4713,data/DriveAct_data/clips/reading_newspaper/vp14_run2_2018-05-30-10-42-33_4667_4713.mp4,24,16,50,4,24,True,True,0.5414310097694397,0.008032683981582522,0.0009953232220141217,0.22906683501787484,47,6,16,16,False,
driveact,val,vp14_run1_2018-05-30-10-11-09_7583_7628,data/DriveAct_data/clips/reading_newspaper/vp14_run1_2018-05-30-10-11-09_7583_7628.mp4,24,16,50,4,24,True,True,0.9490355849266052,0.007952525978907943,0.0009953232220141217,0.21942427498288453,45,6,16,16,False,
driveact,val,vp15_run2_2018-05-30-13-34-33_8640_8686,data/DriveAct_data/clips/reading_newspaper/vp15_run2_2018-05-30-13-34-33_8640_8686.mp4,24,16,50,4,24,True,True,0.7576223015785217,0.007879654876887798,0.0009953232220141217,0.20991284400224686,47,6,16,16,False,
driveact,val,vp14_run1_2018-05-30-10-11-09_8175_8221,data/DriveAct_data/clips/reading_newspaper/vp14_run1_2018-05-30-10-11-09_8175_8221.mp4,24,16,50,4,24,True,True,0.8864262700080872,0.007851779228076339,0.0009953232220141217,0.2003561349119991,47,6,16,16,False,
driveact,val,vp14_run2_2018-05-30-10-42-33_7688_7734,data/DriveAct_data/clips/sitting_still/vp14_run2_2018-05-30-10-42-33_7688_7734.mp4,25,16,50,4,25,True,True,0.846408486366272,0.00790413306094706,0.0009953232220141217,0.19088937202468514,47,6,16,16,False,
driveact,val,vp14_run2_2018-05-30-10-42-33_7643_7688,data/DriveAct_data/clips/sitting_still/vp14_run2_2018-05-30-10-42-33_7643_7688.mp4,25,16,50,4,25,True,True,0.9191572666168213,0.008057317929342389,0.0009953232220141217,0.18132246495224535,45,6,16,16,False,
driveact,val,vp15_run1_2018-05-30-13-05-35_12174_12219,data/DriveAct_data/clips/sitting_still/vp15_run1_2018-05-30-13-05-35_12174_12219.mp4,25,16,50,4,25,True,True,0.29077768325805664,0.0079182970803231,0.0009953232220141217,0.17166189197450876,45,6,16,16,False,
driveact,val,vp15_run2_2018-05-30-13-34-33_15454_15499,data/DriveAct_data/clips/sitting_still/vp15_run2_2018-05-30-13-34-33_15454_15499.mp4,25,16,50,4,10,False,True,0.16187071800231934,0.008070699870586395,0.0009953232220141217,0.16198387113399804,44,6,16,16,False,
driveact,val,vp15_run1_2018-05-30-13-05-35_4069_4114,data/DriveAct_data/clips/sitting_still/vp15_run1_2018-05-30-13-05-35_4069_4114.mp4,25,16,50,4,25,True,True,0.5354833006858826,0.007756141014397144,0.0009953232220141217,0.15231394511647522,44,6,16,16,False,
driveact,val,vp15_run1_2018-05-30-13-05-35_12465_12511,data/DriveAct_data/clips/sitting_still/vp15_run1_2018-05-30-13-05-35_12465_12511.mp4,25,16,50,4,25,True,True,0.36975201964378357,0.007516955025494099,0.0009953232220141217,0.1429458330385387,47,6,16,16,False,
driveact,val,vp14_run2_2018-05-30-10-42-33_6133_6179,data/DriveAct_data/clips/sitting_still/vp14_run2_2018-05-30-10-42-33_6133_6179.mp4,25,16,50,4,25,True,True,0.5917758941650391,0.006661413004621863,0.0009953232220141217,0.1341496140230447,46,6,16,16,False,
driveact,val,vp14_run2_2018-05-30-10-42-33_14371_14416,data/DriveAct_data/clips/sitting_still/vp14_run2_2018-05-30-10-42-33_14371_14416.mp4,25,16,50,4,25,True,True,0.9670978784561157,0.007683584000915289,0.0009953232220141217,0.1259542009793222,44,6,16,16,False,
driveact,val,vp15_run2_2018-05-30-13-34-33_15819_15850,data/DriveAct_data/clips/sitting_still/vp15_run2_2018-05-30-13-34-33_15819_15850.mp4,25,16,50,4,25,True,True,0.19191725552082062,0.007160553941503167,0.0009953232220141217,0.1167568329256028,32,4,16,16,False,
driveact,val,vp15_run2_2018-05-30-13-34-33_19077_19122,data/DriveAct_data/clips/sitting_still/vp15_run2_2018-05-30-13-34-33_19077_19122.mp4,25,16,50,4,25,True,True,0.4797808825969696,0.00784999504685402,0.0009953232220141217,0.10808563698083162,45,6,16,16,False,
driveact,val,vp15_run2_2018-05-30-13-34-33_6689_6702,data/DriveAct_data/clips/sitting_still/vp15_run2_2018-05-30-13-34-33_6689_6702.mp4,25,16,50,4,25,True,True,0.6580080986022949,0.006311924895271659,0.0009953232220141217,0.09862332604825497,14,2,16,16,False,
driveact,val,vp15_run1_2018-05-30-13-05-35_13051_13096,data/DriveAct_data/clips/sitting_still/vp15_run1_2018-05-30-13-05-35_13051_13096.mp4,25,16,50,4,25,True,True,0.2621861398220062,0.008022958878427744,0.0009953232220141217,0.09088518610224128,44,6,16,16,False,
driveact,val,vp15_run1_2018-05-30-13-05-35_11381_11426,data/DriveAct_data/clips/sitting_still/vp15_run1_2018-05-30-13-05-35_11381_11426.mp4,25,16,50,4,25,True,True,0.6044638156890869,0.008214097935706377,0.0009953232220141217,0.08123028604313731,45,6,16,16,False,
driveact,val,vp15_run2_2018-05-30-13-34-33_6643_6689,data/DriveAct_data/clips/sitting_still/vp15_run2_2018-05-30-13-34-33_6643_6689.mp4,25,16,50,4,25,True,True,0.5177454352378845,0.008084423840045929,0.0009953232220141217,0.07140554091893137,46,6,16,16,False,
driveact,val,vp15_run1_2018-05-30-13-05-35_12264_12310,data/DriveAct_data/clips/sitting_still/vp15_run1_2018-05-30-13-05-35_12264_12310.mp4,25,16,50,4,25,True,True,0.3756426274776459,0.007981437025591731,0.0009953232220141217,0.0614767000079155,47,6,16,16,False,
driveact,val,vp15_run1_2018-05-30-13-05-35_13142_13187,data/DriveAct_data/clips/sitting_still/vp15_run1_2018-05-30-13-05-35_13142_13187.mp4,25,16,50,4,25,True,True,0.1973172426223755,0.008819654816761613,0.0009953232220141217,0.05189729598350823,45,6,16,16,False,
driveact,val,vp15_run2_2018-05-30-13-34-33_15272_15317,data/DriveAct_data/clips/sitting_still/vp15_run2_2018-05-30-13-34-33_15272_15317.mp4,25,16,50,4,25,True,True,0.14932747185230255,0.013114698929712176,0.0010046870302176103,0.33962070289999247,45,6,16,16,False,
driveact,val,vp15_run1_2018-05-30-13-05-35_6945_6990,data/DriveAct_data/clips/sitting_still/vp15_run1_2018-05-30-13-05-35_6945_6990.mp4,25,16,50,4,25,True,True,0.5003433227539062,0.008191026980057359,0.0010046870302176103,0.32435142807662487,45,6,16,16,False,
driveact,val,vp15_run1_2018-05-30-13-05-35_18189_18199,data/DriveAct_data/clips/sitting_still/vp15_run1_2018-05-30-13-05-35_18189_18199.mp4,25,16,50,4,25,True,True,0.8652450442314148,0.005925521953031421,0.0010046870302176103,0.31451829383149743,11,2,16,16,False,
driveact,val,vp15_run2_2018-05-30-13-34-33_16840_16885,data/DriveAct_data/clips/sitting_still/vp15_run2_2018-05-30-13-34-33_16840_16885.mp4,25,16,50,4,25,True,True,0.1862315833568573,0.00781040103174746,0.0010046870302176103,0.30729389004409313,44,6,16,16,False,
driveact,val,vp15_run1_2018-05-30-13-05-35_5777_5811,data/DriveAct_data/clips/taking_laptop_from_backpack/vp15_run1_2018-05-30-13-05-35_5777_5811.mp4,26,16,50,4,9,False,False,0.3141278028488159,0.007550559006631374,0.0010046870302176103,0.29780348390340805,35,5,16,16,False,
driveact,val,vp15_run2_2018-05-30-13-34-33_14570_14605,data/DriveAct_data/clips/taking_off_jacket/vp15_run2_2018-05-30-13-34-33_14570_14605.mp4,27,16,50,4,21,False,True,0.15587347745895386,0.007458093110471964,0.0010046870302176103,0.2887417981401086,35,5,16,16,False,
driveact,val,vp15_run2_2018-05-30-13-34-33_14342_14388,data/DriveAct_data/clips/taking_off_jacket/vp15_run2_2018-05-30-13-34-33_14342_14388.mp4,27,16,50,4,21,False,True,0.34227681159973145,0.00793839292600751,0.0010046870302176103,0.2797181049827486,47,6,16,16,False,
driveact,val,vp14_run1_2018-05-30-10-11-09_12915_12960,data/DriveAct_data/clips/taking_off_jacket/vp14_run1_2018-05-30-10-11-09_12915_12960.mp4,27,16,50,4,17,False,True,0.21169891953468323,0.007846182212233543,0.0010046870302176103,0.27016800199635327,45,6,16,16,False,
driveact,val,vp14_run1_2018-05-30-10-11-09_12825_12871,data/DriveAct_data/clips/taking_off_jacket/vp14_run1_2018-05-30-10-11-09_12825_12871.mp4,27,16,50,4,29,False,False,0.1647855043411255,0.0077694428618997335,0.0010046870302176103,0.26054198713973165,47,6,16,16,False,
driveact,val,vp14_run2_2018-05-30-10-42-33_10048_10093,data/DriveAct_data/clips/taking_off_jacket/vp14_run2_2018-05-30-10-42-33_10048_10093.mp4,27,16,50,4,17,False,True,0.210701584815979,0.007622234057635069,0.0010046870302176103,0.2512222931254655,44,6,16,16,False,
driveact,val,vp15_run1_2018-05-30-13-05-35_14951_14996,data/DriveAct_data/clips/taking_off_jacket/vp15_run1_2018-05-30-13-05-35_14951_14996.mp4,27,16,50,4,21,False,False,0.10523489117622375,0.007695829961448908,0.0010046870302176103,0.24209591001272202,45,6,16,16,False,
driveact,val,vp15_run1_2018-05-30-13-05-35_14907_14951,data/DriveAct_data/clips/taking_off_jacket/vp15_run1_2018-05-30-13-05-35_14907_14951.mp4,27,16,50,4,9,False,True,0.1662641316652298,0.007823931984603405,0.0010046870302176103,0.23271690984256566,44,6,16,16,False,
driveact,val,vp14_run1_2018-05-30-10-11-09_12960_13005,data/DriveAct_data/clips/taking_off_jacket/vp14_run1_2018-05-30-10-11-09_12960_13005.mp4,27,16,50,4,27,True,True,0.42017418146133423,0.007975164102390409,0.0010046870302176103,0.22328296001069248,45,6,16,16,False,
driveact,val,vp15_run2_2018-05-30-13-34-33_14480_14525,data/DriveAct_data/clips/taking_off_jacket/vp15_run2_2018-05-30-13-34-33_14480_14525.mp4,27,16,50,4,21,False,True,0.36901023983955383,0.007358751958236098,0.0010046870302176103,0.21377471298910677,45,6,16,16,False,
driveact,val,vp15_run1_2018-05-30-13-05-35_14861_14907,data/DriveAct_data/clips/taking_off_jacket/vp15_run1_2018-05-30-13-05-35_14861_14907.mp4,27,16,50,4,17,False,True,0.12861642241477966,0.006975128082558513,0.0010046870302176103,0.20513476501218975,47,6,16,16,False,
driveact,val,vp14_run1_2018-05-30-10-11-09_13095_13121,data/DriveAct_data/clips/taking_off_jacket/vp14_run1_2018-05-30-10-11-09_13095_13121.mp4,27,16,50,4,17,False,False,0.17707347869873047,0.007360539166256785,0.0010046870302176103,0.196600838098675,26,4,16,16,False,
driveact,val,vp15_run1_2018-05-30-13-05-35_14816_14861,data/DriveAct_data/clips/taking_off_jacket/vp15_run1_2018-05-30-13-05-35_14816_14861.mp4,27,16,50,4,9,False,False,0.13091284036636353,0.008052289951592684,0.0010046870302176103,0.1876092879101634,45,6,16,16,False,
driveact,val,vp14_run2_2018-05-30-10-42-33_9773_9819,data/DriveAct_data/clips/taking_off_jacket/vp14_run2_2018-05-30-10-42-33_9773_9819.mp4,27,16,50,4,9,False,False,0.21905677020549774,0.008340948959812522,0.0010046870302176103,0.1779556458350271,47,6,16,16,False,
driveact,val,vp14_run1_2018-05-30-10-11-09_13005_13050,data/DriveAct_data/clips/taking_off_jacket/vp14_run1_2018-05-30-10-11-09_13005_13050.mp4,27,16,50,4,17,False,True,0.4538062810897827,0.007991255959495902,0.0010046870302176103,0.1679203100502491,45,6,16,16,False,
driveact,val,vp14_run2_2018-05-30-10-42-33_9911_9957,data/DriveAct_data/clips/taking_off_jacket/vp14_run2_2018-05-30-10-42-33_9911_9957.mp4,27,16,50,4,27,True,True,0.24480192363262177,0.008093477925285697,0.0010046870302176103,0.15813946002162993,47,6,16,16,False,
driveact,val,vp15_run2_2018-05-30-13-34-33_14388_14435,data/DriveAct_data/clips/taking_off_jacket/vp15_run2_2018-05-30-13-34-33_14388_14435.mp4,27,16,50,4,21,False,True,0.19232870638370514,0.008098875870928168,0.0010046870302176103,0.14852117700502276,47,6,16,16,False,
driveact,val,vp14_run1_2018-05-30-10-11-09_12871_12915,data/DriveAct_data/clips/taking_off_jacket/vp14_run1_2018-05-30-10-11-09_12871_12915.mp4,27,16,50,4,9,False,True,0.48644065856933594,0.007857781136408448,0.0010046870302176103,0.1386482350062579,43,6,16,16,False,
driveact,val,vp15_run1_2018-05-30-13-05-35_15088_15124,data/DriveAct_data/clips/taking_off_jacket/vp15_run1_2018-05-30-13-05-35_15088_15124.mp4,27,16,50,4,9,False,False,0.2304481863975525,0.007340375101193786,0.0010046870302176103,0.12919925386086106,35,5,16,16,False,
driveact,val,vp14_run1_2018-05-30-10-11-09_13050_13095,data/DriveAct_data/clips/taking_off_jacket/vp14_run1_2018-05-30-10-11-09_13050_13095.mp4,27,16,50,4,9,False,False,0.2825196385383606,0.007751577999442816,0.0010046870302176103,0.12039890605956316,45,6,16,16,False,
driveact,val,vp15_run2_2018-05-30-13-34-33_14297_14342,data/DriveAct_data/clips/taking_off_jacket/vp15_run2_2018-05-30-13-34-33_14297_14342.mp4,27,16,50,4,9,False,False,0.10252112150192261,0.0076048539485782385,0.0010046870302176103,0.11109086289070547,45,6,16,16,False,
driveact,val,vp14_run1_2018-05-30-10-11-09_13541_13565,data/DriveAct_data/clips/taking_off_sunglasses/vp14_run1_2018-05-30-10-11-09_13541_13565.mp4,28,16,50,4,9,False,False,0.3002571761608124,0.006823008880019188,0.0010046870302176103,0.10181519202888012,24,3,16,16,False,
driveact,val,vp14_run2_2018-05-30-10-42-33_14879_14897,data/DriveAct_data/clips/taking_off_sunglasses/vp14_run2_2018-05-30-10-42-33_14879_14897.mp4,28,16,50,4,4,False,True,0.2570873498916626,0.006889752112329006,0.0010046870302176103,0.09355389606207609,18,3,16,16,False,
driveact,val,vp15_run1_2018-05-30-13-05-35_8745_8776,data/DriveAct_data/clips/taking_off_sunglasses/vp15_run1_2018-05-30-13-05-35_8745_8776.mp4,28,16,50,4,4,False,False,0.3347816467285156,0.007346275961026549,0.0010046870302176103,0.08523343480192125,32,4,16,16,False,
driveact,val,vp14_run2_2018-05-30-10-42-33_8419_8445,data/DriveAct_data/clips/taking_off_sunglasses/vp14_run2_2018-05-30-10-42-33_8419_8445.mp4,28,16,50,4,9,False,False,0.1895284801721573,0.0069487320724874735,0.0010046870302176103,0.07644793391227722,25,3,16,16,False,
driveact,val,vp15_run1_2018-05-30-13-05-35_8776_8808,data/DriveAct_data/clips/taking_off_sunglasses/vp15_run1_2018-05-30-13-05-35_8776_8808.mp4,28,16,50,4,4,False,True,0.33288073539733887,0.00744643690995872,0.0010046870302176103,0.0677086659707129,31,4,16,16,False,
driveact,val,vp15_run2_2018-05-30-13-34-33_12292_12320,data/DriveAct_data/clips/taking_off_sunglasses/vp15_run2_2018-05-30-13-34-33_12292_12320.mp4,28,16,50,4,22,False,True,0.20530849695205688,0.007087399018928409,0.0010046870302176103,0.058637411100789905,28,4,16,16,False,
driveact,val,vp14_run1_2018-05-30-10-11-09_10080_10107,data/DriveAct_data/clips/taking_off_sunglasses/vp14_run1_2018-05-30-10-11-09_10080_10107.mp4,28,16,50,4,17,False,False,0.3549196422100067,0.007064257049933076,0.0010046870302176103,0.049849522998556495,27,4,16,16,False,
driveact,val,vp14_run2_2018-05-30-10-42-33_9666_9696,data/DriveAct_data/clips/taking_off_sunglasses/vp14_run2_2018-05-30-10-42-33_9666_9696.mp4,28,16,50,4,10,False,False,0.09789445251226425,0.01083573093637824,0.000983214660664089,0.3435736820101738,30,4,16,16,False,
driveact,val,vp15_run1_2018-05-30-13-05-35_9044_9084,data/DriveAct_data/clips/taking_off_sunglasses/vp15_run1_2018-05-30-13-05-35_9044_9084.mp4,28,16,50,4,4,False,True,0.3479958772659302,0.008003379916772246,0.000983214660664089,0.3305120971053839,41,5,16,16,False,
driveact,val,vp15_run2_2018-05-30-13-34-33_12664_12693,data/DriveAct_data/clips/taking_off_sunglasses/vp15_run2_2018-05-30-13-34-33_12664_12693.mp4,28,16,50,4,22,False,True,0.18870049715042114,0.007267605047672987,0.000983214660664089,0.3208788479678333,28,4,16,16,False,
driveact,val,vp15_run2_2018-05-30-13-34-33_12408_12431,data/DriveAct_data/clips/taking_off_sunglasses/vp15_run2_2018-05-30-13-34-33_12408_12431.mp4,28,16,50,4,17,False,False,0.152672678232193,0.006980679929256439,0.000983214660664089,0.312131297076121,23,3,16,16,False,
driveact,val,vp14_run2_2018-05-30-10-42-33_7828_7873,data/DriveAct_data/clips/taking_off_sunglasses/vp14_run2_2018-05-30-10-42-33_7828_7873.mp4,28,16,50,4,5,False,True,0.5054802298545837,0.008657810976728797,0.000983214660664089,0.3035295610316098,44,6,16,16,False,
driveact,val,vp14_run1_2018-05-30-10-11-09_10182_10207,data/DriveAct_data/clips/taking_off_sunglasses/vp14_run1_2018-05-30-10-11-09_10182_10207.mp4,28,16,50,4,22,False,True,0.5537000298500061,0.007504577049985528,0.000983214660664089,0.2933050929568708,26,4,16,16,False,
driveact,val,vp14_run2_2018-05-30-10-42-33_14833_14879,data/DriveAct_data/clips/taking_off_sunglasses/vp14_run2_2018-05-30-10-42-33_14833_14879.mp4,28,16,50,4,9,False,False,0.19629868865013123,0.007839584955945611,0.000983214660664089,0.284086924046278,46,6,16,16,False,
driveact,val,vp15_run2_2018-05-30-13-34-33_4699_4745,data/DriveAct_data/clips/talking_on_phone/vp15_run2_2018-05-30-13-34-33_4699_4745.mp4,29,16,50,4,29,True,True,0.3965130150318146,0.007601241813972592,0.000983214660664089,0.2746380439493805,46,6,16,16,False,
driveact,val,vp14_run1_2018-05-30-10-11-09_4247_4292,data/DriveAct_data/clips/talking_on_phone/vp14_run1_2018-05-30-10-11-09_4247_4292.mp4,29,16,50,4,29,True,True,0.18677665293216705,0.006845902185887098,0.000983214660664089,0.2657644439022988,45,6,16,16,False,
driveact,val,vp15_run2_2018-05-30-13-34-33_4290_4334,data/DriveAct_data/clips/talking_on_phone/vp15_run2_2018-05-30-13-34-33_4290_4334.mp4,29,16,50,4,29,True,True,0.25951021909713745,0.008016167907044291,0.000983214660664089,0.25731558981351554,44,6,16,16,False,
driveact,val,vp15_run1_2018-05-30-13-05-35_16166_16212,data/DriveAct_data/clips/talking_on_phone/vp15_run1_2018-05-30-13-05-35_16166_16212.mp4,29,16,50,4,29,True,True,0.29643964767456055,0.007981681963428855,0.000983214660664089,0.24770678905770183,47,6,16,16,False,
driveact,val,vp14_run1_2018-05-30-10-11-09_4382_4428,data/DriveAct_data/clips/talking_on_phone/vp14_run1_2018-05-30-10-11-09_4382_4428.mp4,29,16,50,4,29,True,True,0.3280331492424011,0.007967285113409162,0.000983214660664089,0.2380329689476639,47,6,16,16,False,
driveact,val,vp14_run2_2018-05-30-10-42-33_8754_8800,data/DriveAct_data/clips/talking_on_phone/vp14_run2_2018-05-30-10-42-33_8754_8800.mp4,29,16,50,4,25,False,True,0.5589153170585632,0.008210077183321118,0.000983214660664089,0.22840962698683143,47,6,16,16,False,
driveact,val,vp14_run2_2018-05-30-10-42-33_8800_8845,data/DriveAct_data/clips/talking_on_phone/vp14_run2_2018-05-30-10-42-33_8800_8845.mp4,29,16,50,4,25,False,True,0.6081687808036804,0.007935440866276622,0.000983214660664089,0.21858156006783247,44,6,16,16,False,
driveact,val,vp15_run1_2018-05-30-13-05-35_16302_16349,data/DriveAct_data/clips/talking_on_phone/vp15_run1_2018-05-30-13-05-35_16302_16349.mp4,29,16,50,4,25,False,True,0.2111479640007019,0.007782351924106479,0.000983214660664089,0.20903127500787377,47,6,16,16,False,
driveact,val,vp14_run2_2018-05-30-10-42-33_8573_8618,data/DriveAct_data/clips/talking_on_phone/vp14_run2_2018-05-30-10-42-33_8573_8618.mp4,29,16,50,4,29,True,True,0.5065549612045288,0.00773478508926928,0.000983214660664089,0.19971968606114388,45,6,16,16,False,
driveact,val,vp15_run2_2018-05-30-13-34-33_4198_4243,data/DriveAct_data/clips/talking_on_phone/vp15_run2_2018-05-30-13-34-33_4198_4243.mp4,29,16,50,4,29,True,True,0.1759941279888153,0.0077639908995479345,0.000983214660664089,0.1904950230382383,44,6,16,16,False,
driveact,val,vp14_run2_2018-05-30-10-42-33_8936_8981,data/DriveAct_data/clips/talking_on_phone/vp14_run2_2018-05-30-10-42-33_8936_8981.mp4,29,16,50,4,29,True,True,0.17968887090682983,0.00778010580688715,0.000983214660664089,0.18101970897987485,45,6,16,16,False,
driveact,val,vp15_run2_2018-05-30-13-34-33_4562_4608,data/DriveAct_data/clips/talking_on_phone/vp15_run2_2018-05-30-13-34-33_4562_4608.mp4,29,16,50,4,25,False,True,0.299245685338974,0.008038832107558846,0.000983214660664089,0.17165927006863058,47,6,16,16,False,
driveact,val,vp15_run2_2018-05-30-13-34-33_4106_4152,data/DriveAct_data/clips/talking_on_phone/vp15_run2_2018-05-30-13-34-33_4106_4152.mp4,29,16,50,4,29,True,True,0.28840136528015137,0.007805005880072713,0.000983214660664089,0.1620694799348712,47,6,16,16,False,
driveact,val,vp15_run2_2018-05-30-13-34-33_3968_4014,data/DriveAct_data/clips/talking_on_phone/vp15_run2_2018-05-30-13-34-33_3968_4014.mp4,29,16,50,4,9,False,True,0.22450807690620422,0.00762754981406033,0.000983214660664089,0.1525431051850319,47,6,16,16,False,
driveact,val,vp14_run2_2018-05-30-10-42-33_8709_8754,data/DriveAct_data/clips/talking_on_phone/vp14_run2_2018-05-30-10-42-33_8709_8754.mp4,29,16,50,4,25,False,True,0.4312486946582794,0.007992028025910258,0.000983214660664089,0.14328801282681525,45,6,16,16,False,
driveact,val,vp15_run1_2018-05-30-13-05-35_16030_16075,data/DriveAct_data/clips/talking_on_phone/vp15_run1_2018-05-30-13-05-35_16030_16075.mp4,29,16,50,4,25,False,True,0.3549787998199463,0.00794224813580513,0.000983214660664089,0.13358730589970946,44,6,16,16,False,
driveact,val,vp15_run1_2018-05-30-13-05-35_15985_16030,data/DriveAct_data/clips/talking_on_phone/vp15_run1_2018-05-30-13-05-35_15985_16030.mp4,29,16,50,4,29,True,True,0.22773604094982147,0.007792123127728701,0.000983214660664089,0.12397584388963878,44,6,16,16,False,
driveact,val,vp15_run2_2018-05-30-13-34-33_4836_4881,data/DriveAct_data/clips/talking_on_phone/vp15_run2_2018-05-30-13-34-33_4836_4881.mp4,29,16,50,4,25,False,True,0.2226194441318512,0.007792344084009528,0.000983214660664089,0.11459561996161938,45,6,16,16,False,
driveact,val,vp14_run1_2018-05-30-10-11-09_4110_4156,data/DriveAct_data/clips/talking_on_phone/vp14_run1_2018-05-30-10-11-09_4110_4156.mp4,29,16,50,4,29,True,True,0.1486516296863556,0.007907480001449585,0.000983214660664089,0.10518011497333646,47,6,16,16,False,
driveact,val,vp14_run1_2018-05-30-10-11-09_4201_4247,data/DriveAct_data/clips/talking_on_phone/vp14_run1_2018-05-30-10-11-09_4201_4247.mp4,29,16,50,4,25,False,True,0.3171548545360565,0.00804981286637485,0.000983214660664089,0.0957313640974462,46,6,16,16,False,
driveact,val,vp15_run1_2018-05-30-13-05-35_18649_18695,data/DriveAct_data/clips/unfastening_seat_belt/vp15_run1_2018-05-30-13-05-35_18649_18695.mp4,30,16,50,4,30,True,True,0.3977532386779785,0.007748124189674854,0.000983214660664089,0.08601356111466885,46,6,16,16,False,
driveact,val,vp14_run2_2018-05-30-10-42-33_22124_22169,data/DriveAct_data/clips/unfastening_seat_belt/vp14_run2_2018-05-30-10-42-33_22124_22169.mp4,30,16,50,4,17,False,True,0.29202696681022644,0.008192487992346287,0.000983214660664089,0.07667636801488698,45,6,16,16,False,
driveact,val,vp14_run1_2018-05-30-10-11-09_12137_12174,data/DriveAct_data/clips/unfastening_seat_belt/vp14_run1_2018-05-30-10-11-09_12137_12174.mp4,30,16,50,4,8,False,True,0.19308584928512573,0.007691558916121721,0.000983214660664089,0.06684844591654837,38,5,16,16,False,
driveact,val,vp15_run2_2018-05-30-13-34-33_19595_19604,data/DriveAct_data/clips/unfastening_seat_belt/vp15_run2_2018-05-30-13-34-33_19595_19604.mp4,30,16,50,4,33,False,False,0.11996668577194214,0.005210904870182276,0.000983214660664089,0.05759979295544326,9,1,16,16,False,
driveact,val,vp14_run1_2018-05-30-10-11-09_24267_24314,data/DriveAct_data/clips/unfastening_seat_belt/vp14_run1_2018-05-30-10-11-09_24267_24314.mp4,30,16,50,4,17,False,True,0.10892128944396973,0.008507271995767951,0.000983214660664089,0.050754303112626076,47,6,16,16,False,
driveact,val,vp14_run1_2018-05-30-10-11-09_12779_12825,data/DriveAct_data/clips/unfastening_seat_belt/vp14_run1_2018-05-30-10-11-09_12779_12825.mp4,30,16,50,4,5,False,False,0.14298871159553528,0.012031442951411009,0.0010098752827616408,0.31333322799764574,47,6,16,16,False,
driveact,val,vp15_run2_2018-05-30-13-34-33_19550_19595,data/DriveAct_data/clips/unfastening_seat_belt/vp15_run2_2018-05-30-13-34-33_19550_19595.mp4,30,16,50,4,30,True,True,0.5802329182624817,0.007905082078650594,0.0010098752827616408,0.29925708496011794,45,6,16,16,False,
driveact,val,vp14_run1_2018-05-30-10-11-09_24314_24327,data/DriveAct_data/clips/unfastening_seat_belt/vp14_run1_2018-05-30-10-11-09_24314_24327.mp4,30,16,50,4,4,False,False,0.1974422186613083,0.005776036065071821,0.0010098752827616408,0.28998835291713476,14,2,16,16,False,
driveact,val,vp14_run2_2018-05-30-10-42-33_22169_22185,data/DriveAct_data/clips/unfastening_seat_belt/vp14_run2_2018-05-30-10-42-33_22169_22185.mp4,30,16,50,4,10,False,False,0.3587098717689514,0.006839604116976261,0.0010098752827616408,0.2828627701383084,17,2,16,16,False,
driveact,val,vp15_run2_2018-05-30-13-34-33_11778_11786,data/DriveAct_data/clips/using_multimedia_display/vp15_run2_2018-05-30-13-34-33_11778_11786.mp4,31,16,50,4,31,True,True,0.9729676842689514,0.005567176965996623,0.0010098752827616408,0.2746428099926561,8,1,16,16,False,
driveact,val,vp15_run1_2018-05-30-13-05-35_3818_3831,data/DriveAct_data/clips/using_multimedia_display/vp15_run1_2018-05-30-13-05-35_3818_3831.mp4,31,16,50,4,31,True,True,0.9879977703094482,0.006083545973524451,0.0010098752827616408,0.2677732619922608,14,2,16,16,False,
driveact,val,vp15_run1_2018-05-30-13-05-35_8238_8248,data/DriveAct_data/clips/using_multimedia_display/vp15_run1_2018-05-30-13-05-35_8238_8248.mp4,31,16,50,4,31,True,True,0.9814113974571228,0.006070770788937807,0.0010098752827616408,0.2602822780609131,11,2,16,16,False,
driveact,val,vp15_run2_2018-05-30-13-34-33_6537_6549,data/DriveAct_data/clips/using_multimedia_display/vp15_run2_2018-05-30-13-34-33_6537_6549.mp4,31,16,50,4,31,True,True,0.9748700857162476,0.006056457059457898,0.0010098752827616408,0.2528557348996401,12,2,16,16,False,
driveact,val,vp15_run1_2018-05-30-13-05-35_974_983,data/DriveAct_data/clips/using_multimedia_display/vp15_run1_2018-05-30-13-05-35_974_983.mp4,31,16,50,4,31,True,True,0.9864335060119629,0.005227508023381233,0.0010098752827616408,0.24543575197458267,9,1,16,16,False,
driveact,val,vp15_run2_2018-05-30-13-34-33_13111_13126,data/DriveAct_data/clips/using_multimedia_display/vp15_run2_2018-05-30-13-34-33_13111_13126.mp4,31,16,50,4,31,True,True,0.9729342460632324,0.006519633112475276,0.0010098752827616408,0.23864796804264188,14,2,16,16,False,
driveact,val,vp14_run1_2018-05-30-10-11-09_481_527,data/DriveAct_data/clips/using_multimedia_display/vp14_run1_2018-05-30-10-11-09_481_527.mp4,31,16,50,4,31,True,True,0.8932278156280518,0.007831873139366508,0.0010098752827616408,0.23072879808023572,46,6,16,16,False,
driveact,val,vp14_run1_2018-05-30-10-11-09_6188_6200,data/DriveAct_data/clips/using_multimedia_display/vp14_run1_2018-05-30-10-11-09_6188_6200.mp4,31,16,50,4,31,True,True,0.8183391690254211,0.005837115924805403,0.0010098752827616408,0.22130382899194956,12,2,16,16,False,
driveact,val,vp14_run1_2018-05-30-10-11-09_3432_3477,data/DriveAct_data/clips/using_multimedia_display/vp14_run1_2018-05-30-10-11-09_3432_3477.mp4,31,16,50,4,31,True,True,0.9677908420562744,0.007918755058199167,0.0010098752827616408,0.21407914999872446,45,6,16,16,False,
driveact,val,vp14_run1_2018-05-30-10-11-09_17309_17338,data/DriveAct_data/clips/using_multimedia_display/vp14_run1_2018-05-30-10-11-09_17309_17338.mp4,31,16,50,4,31,True,True,0.9408062100410461,0.007266853004693985,0.0010098752827616408,0.20445559616200626,29,4,16,16,False,
driveact,val,vp15_run2_2018-05-30-13-34-33_12574_12588,data/DriveAct_data/clips/using_multimedia_display/vp15_run2_2018-05-30-13-34-33_12574_12588.mp4,31,16,50,4,31,True,True,0.9758673906326294,0.006054888013750315,0.0010098752827616408,0.1956349560059607,13,2,16,16,False,
driveact,val,vp14_run1_2018-05-30-10-11-09_527_565,data/DriveAct_data/clips/using_multimedia_display/vp14_run1_2018-05-30-10-11-09_527_565.mp4,31,16,50,4,31,True,True,0.8939201235771179,0.007532262010499835,0.0010098752827616408,0.18810778111219406,38,5,16,16,False,
driveact,val,vp14_run2_2018-05-30-10-42-33_17113_17158,data/DriveAct_data/clips/using_multimedia_display/vp14_run2_2018-05-30-10-42-33_17113_17158.mp4,31,16,50,4,31,True,True,0.8847998976707458,0.007669872837141156,0.0010098752827616408,0.1789564557839185,44,6,16,16,False,
driveact,val,vp14_run2_2018-05-30-10-42-33_14337_14354,data/DriveAct_data/clips/using_multimedia_display/vp14_run2_2018-05-30-10-42-33_14337_14354.mp4,31,16,50,4,31,True,True,0.9398191571235657,0.006391705945134163,0.0010098752827616408,0.16967735812067986,17,2,16,16,False,
driveact,val,vp14_run2_2018-05-30-10-42-33_13900_13910,data/DriveAct_data/clips/using_multimedia_display/vp14_run2_2018-05-30-10-42-33_13900_13910.mp4,31,16,50,4,31,True,True,0.7988021373748779,0.005644431104883552,0.0010098752827616408,0.1617671330459416,10,2,16,16,False,
driveact,val,vp15_run1_2018-05-30-13-05-35_10086_10100,data/DriveAct_data/clips/using_multimedia_display/vp15_run1_2018-05-30-13-05-35_10086_10100.mp4,31,16,50,4,31,True,True,0.9753317832946777,0.006283891154453158,0.0010098752827616408,0.15477426094003022,14,2,16,16,False,
driveact,val,vp14_run2_2018-05-30-10-42-33_495_508,data/DriveAct_data/clips/using_multimedia_display/vp14_run2_2018-05-30-10-42-33_495_508.mp4,31,16,50,4,31,True,True,0.6031456589698792,0.005982001079246402,0.0010098752827616408,0.14708206499926746,14,2,16,16,False,
driveact,val,vp15_run1_2018-05-30-13-05-35_372_391,data/DriveAct_data/clips/using_multimedia_display/vp15_run1_2018-05-30-13-05-35_372_391.mp4,31,16,50,4,31,True,True,0.9895825386047363,0.007015722105279565,0.0010098752827616408,0.13971756701357663,20,3,16,16,False,
driveact,val,vp15_run1_2018-05-30-13-05-35_17889_17898,data/DriveAct_data/clips/using_multimedia_display/vp15_run1_2018-05-30-13-05-35_17889_17898.mp4,31,16,50,4,31,True,True,0.9882573485374451,0.0053542309906333685,0.0010098752827616408,0.13111642398871481,9,1,16,16,False,
driveact,val,vp15_run1_2018-05-30-13-05-35_9464_9472,data/DriveAct_data/clips/using_multimedia_display/vp15_run1_2018-05-30-13-05-35_9464_9472.mp4,31,16,50,4,31,True,True,0.9750807285308838,0.0050744060426950455,0.0010098752827616408,0.12448248686268926,8,1,16,16,False,
driveact,val,vp15_run1_2018-05-30-13-05-35_5909_5948,data/DriveAct_data/clips/working_on_laptop/vp15_run1_2018-05-30-13-05-35_5909_5948.mp4,32,16,50,4,9,False,True,0.2116699367761612,0.00747780199162662,0.0010098752827616408,0.11808961117640138,39,5,16,16,False,
driveact,val,vp14_run1_2018-05-30-10-11-09_22009_22055,data/DriveAct_data/clips/working_on_laptop/vp14_run1_2018-05-30-10-11-09_22009_22055.mp4,32,16,50,4,32,True,True,0.27596938610076904,0.008091192925348878,0.0010098752827616408,0.1090004041325301,46,6,16,16,False,
driveact,val,vp14_run2_2018-05-30-10-42-33_13656_13691,data/DriveAct_data/clips/working_on_laptop/vp14_run2_2018-05-30-10-42-33_13656_13691.mp4,32,16,50,4,32,True,True,0.40270617604255676,0.007567652966827154,0.0010098752827616408,0.09930313285440207,35,5,16,16,False,
driveact,val,vp14_run2_2018-05-30-10-42-33_12649_12694,data/DriveAct_data/clips/working_on_laptop/vp14_run2_2018-05-30-10-42-33_12649_12694.mp4,32,16,50,4,32,True,True,0.5690979361534119,0.007816809928044677,0.0010098752827616408,0.090217161225155,44,6,16,16,False,
driveact,val,vp14_run2_2018-05-30-10-42-33_12739_12784,data/DriveAct_data/clips/working_on_laptop/vp14_run2_2018-05-30-10-42-33_12739_12784.mp4,32,16,50,4,10,False,True,0.29526838660240173,0.008174482034519315,0.0010098752827616408,0.08079145988449454,44,6,16,16,False,
driveact,val,vp14_run1_2018-05-30-10-11-09_22191_22237,data/DriveAct_data/clips/working_on_laptop/vp14_run1_2018-05-30-10-11-09_22191_22237.mp4,32,16,50,4,32,True,True,0.5933971405029297,0.008119361940771341,0.0010098752827616408,0.07094190898351371,47,6,16,16,False,
driveact,val,vp14_run2_2018-05-30-10-42-33_12559_12604,data/DriveAct_data/clips/working_on_laptop/vp14_run2_2018-05-30-10-42-33_12559_12604.mp4,32,16,50,4,32,True,True,0.31162917613983154,0.008461599936708808,0.0010098752827616408,0.061066091991961,44,6,16,16,False,
driveact,val,vp15_run1_2018-05-30-13-05-35_5960_6004,data/DriveAct_data/clips/working_on_laptop/vp15_run1_2018-05-30-13-05-35_5960_6004.mp4,32,16,50,4,32,True,True,0.36099308729171753,0.007975562941282988,0.0010098752827616408,0.05084139504469931,44,6,16,16,False,
driveact,val,vp14_run2_2018-05-30-10-42-33_12829_12875,data/DriveAct_data/clips/working_on_laptop/vp14_run2_2018-05-30-10-42-33_12829_12875.mp4,32,16,50,4,32,True,True,0.4349963068962097,0.011216102866455913,0.0009668561251601204,0.34752065502107143,46,6,16,16,False,
driveact,val,vp15_run1_2018-05-30-13-05-35_6095_6142,data/DriveAct_data/clips/working_on_laptop/vp15_run1_2018-05-30-13-05-35_6095_6142.mp4,32,16,50,4,32,True,True,0.3703330457210541,0.008315155981108546,0.0009668561251601204,0.33416454307734966,47,6,16,16,False,
driveact,val,vp15_run2_2018-05-30-13-34-33_7203_7249,data/DriveAct_data/clips/working_on_laptop/vp15_run2_2018-05-30-13-34-33_7203_7249.mp4,32,16,50,4,10,False,False,0.612640380859375,0.00810447009280324,0.0009668561251601204,0.3241349710151553,47,6,16,16,False,
driveact,val,vp14_run2_2018-05-30-10-42-33_12920_12966,data/DriveAct_data/clips/working_on_laptop/vp14_run2_2018-05-30-10-42-33_12920_12966.mp4,32,16,50,4,33,False,True,0.20636694133281708,0.008071880787611008,0.0009668561251601204,0.3144272300414741,47,6,16,16,False,
driveact,val,vp15_run2_2018-05-30-13-34-33_7339_7350,data/DriveAct_data/clips/working_on_laptop/vp15_run2_2018-05-30-13-34-33_7339_7350.mp4,32,16,50,4,10,False,True,0.5122665166854858,0.00554949208162725,0.0009668561251601204,0.3047692619729787,10,2,16,16,False,
driveact,val,vp14_run1_2018-05-30-10-11-09_22100_22145,data/DriveAct_data/clips/working_on_laptop/vp14_run1_2018-05-30-10-11-09_22100_22145.mp4,32,16,50,4,5,False,True,0.20953303575515747,0.00798551319167018,0.0009668561251601204,0.297890491085127,45,6,16,16,False,
driveact,val,vp14_run1_2018-05-30-10-11-09_22237_22283,data/DriveAct_data/clips/working_on_laptop/vp14_run1_2018-05-30-10-11-09_22237_22283.mp4,32,16,50,4,32,True,True,0.7284258008003235,0.008393532829359174,0.0009668561251601204,0.28833746910095215,46,6,16,16,False,
driveact,val,vp14_run1_2018-05-30-10-11-09_22145_22191,data/DriveAct_data/clips/working_on_laptop/vp14_run1_2018-05-30-10-11-09_22145_22191.mp4,32,16,50,4,32,True,True,0.3503163456916809,0.008283755043521523,0.0009668561251601204,0.2782960101030767,47,6,16,16,False,
driveact,val,vp14_run2_2018-05-30-10-42-33_13610_13656,data/DriveAct_data/clips/working_on_laptop/vp14_run2_2018-05-30-10-42-33_13610_13656.mp4,32,16,50,4,32,True,True,0.36407485604286194,0.0077265179716050625,0.0009668561251601204,0.26835787296295166,47,6,16,16,False,
driveact,val,vp15_run1_2018-05-30-13-05-35_6050_6095,data/DriveAct_data/clips/working_on_laptop/vp15_run1_2018-05-30-13-05-35_6050_6095.mp4,32,16,50,4,32,True,True,0.40164223313331604,0.00799487391486764,0.0009668561251601204,0.25904666096903384,45,6,16,16,False,
driveact,val,vp14_run1_2018-05-30-10-11-09_21919_21964,data/DriveAct_data/clips/working_on_laptop/vp14_run1_2018-05-30-10-11-09_21919_21964.mp4,32,16,50,4,32,True,True,0.23887717723846436,0.008098815102130175,0.0009668561251601204,0.24947626516222954,44,6,16,16,False,
driveact,val,vp14_run2_2018-05-30-10-42-33_12966_12997,data/DriveAct_data/clips/working_on_laptop/vp14_run2_2018-05-30-10-42-33_12966_12997.mp4,32,16,50,4,32,True,True,0.26237988471984863,0.007461247034370899,0.0009668561251601204,0.23974038590677083,32,4,16,16,False,
driveact,val,vp14_run2_2018-05-30-10-42-33_5529_5574,data/DriveAct_data/clips/writing/vp14_run2_2018-05-30-10-42-33_5529_5574.mp4,33,16,50,4,33,True,True,0.7240899801254272,0.00816240906715393,0.0009668561251601204,0.23060593008995056,45,6,16,16,False,
driveact,val,vp14_run2_2018-05-30-10-42-33_5755_5801,data/DriveAct_data/clips/writing/vp14_run2_2018-05-30-10-42-33_5755_5801.mp4,33,16,50,4,33,True,True,0.7117218375205994,0.008023517904803157,0.0009668561251601204,0.22082550497725606,46,6,16,16,False,
driveact,val,vp15_run1_2018-05-30-13-05-35_17809_17835,data/DriveAct_data/clips/writing/vp15_run1_2018-05-30-13-05-35_17809_17835.mp4,33,16,50,4,4,False,False,0.1581900268793106,0.007448195014148951,0.0009668561251601204,0.21103003318421543,25,3,16,16,False,
driveact,val,vp14_run1_2018-05-30-10-11-09_16457_16502,data/DriveAct_data/clips/writing/vp14_run1_2018-05-30-10-11-09_16457_16502.mp4,33,16,50,4,10,False,True,0.40534886717796326,0.008074539015069604,0.0009668561251601204,0.20202077692374587,45,6,16,16,False,
driveact,val,vp14_run2_2018-05-30-10-42-33_5346_5392,data/DriveAct_data/clips/writing/vp14_run2_2018-05-30-10-42-33_5346_5392.mp4,33,16,50,4,33,True,True,0.3176339268684387,0.00828562187962234,0.0009668561251601204,0.19235618691891432,47,6,16,16,False,
driveact,val,vp14_run1_2018-05-30-10-11-09_16230_16276,data/DriveAct_data/clips/writing/vp14_run1_2018-05-30-10-11-09_16230_16276.mp4,33,16,50,4,33,True,True,0.6768692135810852,0.008062195964157581,0.0009668561251601204,0.18248422513715923,47,6,16,16,False,
driveact,val,vp14_run1_2018-05-30-10-11-09_16049_16095,data/DriveAct_data/clips/writing/vp14_run1_2018-05-30-10-11-09_16049_16095.mp4,33,16,50,4,33,True,True,0.6944788694381714,0.008487425977364182,0.0009668561251601204,0.17281654686667025,47,6,16,16,False,
driveact,val,vp14_run2_2018-05-30-10-42-33_5664_5709,data/DriveAct_data/clips/writing/vp14_run2_2018-05-30-10-42-33_5664_5709.mp4,33,16,50,4,33,True,True,0.8196975588798523,0.007934730965644121,0.0009668561251601204,0.1627233170438558,45,6,16,16,False,
driveact,val,vp14_run1_2018-05-30-10-11-09_9675_9720,data/DriveAct_data/clips/writing/vp14_run1_2018-05-30-10-11-09_9675_9720.mp4,33,16,50,4,33,True,True,0.5207592248916626,0.00795339304022491,0.0009668561251601204,0.15305373491719365,45,6,16,16,False,
driveact,val,vp14_run2_2018-05-30-10-42-33_11712_11757,data/DriveAct_data/clips/writing/vp14_run2_2018-05-30-10-42-33_11712_11757.mp4,33,16,50,4,33,True,True,0.8330883383750916,0.007842179154977202,0.0009668561251601204,0.14352465304546058,45,6,16,16,False,
driveact,val,vp14_run1_2018-05-30-10-11-09_16411_16457,data/DriveAct_data/clips/writing/vp14_run1_2018-05-30-10-11-09_16411_16457.mp4,33,16,50,4,0,False,False,0.2488013505935669,0.007915408117696643,0.0009668561251601204,0.1340851541608572,46,6,16,16,False,
driveact,val,vp14_run1_2018-05-30-10-11-09_16321_16366,data/DriveAct_data/clips/writing/vp14_run1_2018-05-30-10-11-09_16321_16366.mp4,33,16,50,4,33,True,True,0.7122809886932373,0.007801980944350362,0.0009668561251601204,0.1244469250086695,44,6,16,16,False,
driveact,val,vp14_run2_2018-05-30-10-42-33_5892_5925,data/DriveAct_data/clips/writing/vp14_run2_2018-05-30-10-42-33_5892_5925.mp4,33,16,50,4,17,False,True,0.16967377066612244,0.0070941271260380745,0.0009668561251601204,0.1149338309187442,33,4,16,16,False,
driveact,val,vp14_run2_2018-05-30-10-42-33_5574_5619,data/DriveAct_data/clips/writing/vp14_run2_2018-05-30-10-42-33_5574_5619.mp4,33,16,50,4,33,True,True,0.6958886981010437,0.00801920797675848,0.0009668561251601204,0.10628398787230253,45,6,16,16,False,
driveact,val,vp14_run2_2018-05-30-10-42-33_5437_5482,data/DriveAct_data/clips/writing/vp14_run2_2018-05-30-10-42-33_5437_5482.mp4,33,16,50,4,5,False,False,0.09879284352064133,0.008712454931810498,0.0009668561251601204,0.09654266200959682,44,6,16,16,False,
driveact,val,vp15_run2_2018-05-30-13-34-33_9130_9173,data/DriveAct_data/clips/writing/vp15_run2_2018-05-30-13-34-33_9130_9173.mp4,33,16,50,4,33,True,True,0.49777570366859436,0.008542770985513926,0.0009668561251601204,0.08615850703790784,43,6,16,16,False,
driveact,val,vp14_run2_2018-05-30-10-42-33_5709_5755,data/DriveAct_data/clips/writing/vp14_run2_2018-05-30-10-42-33_5709_5755.mp4,33,16,50,4,33,True,True,0.7588820457458496,0.008106295019388199,0.0009668561251601204,0.07599176187068224,47,6,16,16,False,
driveact,val,vp14_run2_2018-05-30-10-42-33_5801_5847,data/DriveAct_data/clips/writing/vp14_run2_2018-05-30-10-42-33_5801_5847.mp4,33,16,50,4,10,False,True,0.5520187020301819,0.007845427840948105,0.0009668561251601204,0.0662779719568789,47,6,16,16,False,
driveact,val,vp14_run1_2018-05-30-10-11-09_16095_16140,data/DriveAct_data/clips/writing/vp14_run1_2018-05-30-10-11-09_16095_16140.mp4,33,16,50,4,33,True,True,0.7521809935569763,0.0067987400107085705,0.0009668561251601204,0.05686982907354832,45,6,16,16,False,
driveact,val,vp14_run2_2018-05-30-10-42-33_5847_5892,data/DriveAct_data/clips/writing/vp14_run2_2018-05-30-10-42-33_5847_5892.mp4,33,16,50,4,10,False,True,0.30663785338401794,0.007136699045076966,0.0009668561251601204,0.048683027969673276,45,6,16,16,False,
