dataset,split,video_id,video_path,label_id,budget,coverage,stride,pred_id,correct_top1,correct_top5,confidence,decode_time_s,inference_time_s,total_time_s,source_frames,candidate_frames,processed_frames,model_input_frames,skipped,error
diving48,val,Le6xdQ2OO8w_00124,data/Diving48_data/videos/Le6xdQ2OO8w_00124.mp4,0,16,75,2,-1,False,False,0.0,0.0,0.0,0.00012079603038728237,0,0,0,0,True,Error reading data/Diving48_data/videos/Le6xdQ2OO8w_00124.mp4...
diving48,val,bl0C6d9QgIg_00021,data/Diving48_data/videos/bl0C6d9QgIg_00021.mp4,0,16,75,2,-1,False,False,0.0,0.0,0.0,5.155499093234539e-05,0,0,0,0,True,Error reading data/Diving48_data/videos/bl0C6d9QgIg_00021.mp4...
diving48,val,mGRum47TLX0_00045,data/Diving48_data/videos/mGRum47TLX0_00045.mp4,0,16,75,2,-1,False,False,0.0,0.0,0.0,4.044105298817158e-05,0,0,0,0,True,Error reading data/Diving48_data/videos/mGRum47TLX0_00045.mp4...
diving48,val,L_SB1PRgDTE_00029,data/Diving48_data/videos/L_SB1PRgDTE_00029.mp4,0,16,75,2,-1,False,False,0.0,0.0,0.0,3.806105814874172e-05,0,0,0,0,True,Error reading data/Diving48_data/videos/L_SB1PRgDTE_00029.mp4...
diving48,val,Le6xdQ2OO8w_00154,data/Diving48_data/videos/Le6xdQ2OO8w_00154.mp4,0,16,75,2,-1,False,False,0.0,0.0,0.0,3.636186011135578e-05,0,0,0,0,True,Error reading data/Diving48_data/videos/Le6xdQ2OO8w_00154.mp4...
diving48,val,Le6xdQ2OO8w_00127,data/Diving48_data/videos/Le6xdQ2OO8w_00127.mp4,0,16,75,2,-1,False,False,0.0,0.0,0.0,3.5267090424895287e-05,0,0,0,0,True,Error reading data/Diving48_data/videos/Le6xdQ2OO8w_00127.mp4...
diving48,val,Le6xdQ2OO8w_00121,data/Diving48_data/videos/Le6xdQ2OO8w_00121.mp4,0,16,75,2,-1,False,False,0.0,0.0,0.0,3.407406620681286e-05,0,0,0,0,True,Error reading data/Diving48_data/videos/Le6xdQ2OO8w_00121.mp4...
diving48,val,Le6xdQ2OO8w_00119,data/Diving48_data/videos/Le6xdQ2OO8w_00119.mp4,0,16,75,2,-1,False,False,0.0,0.0,0.0,3.328407183289528e-05,0,0,0,0,True,Error reading data/Diving48_data/videos/Le6xdQ2OO8w_00119.mp4...
diving48,val,bSsVWVfYU4w_00118,data/Diving48_data/videos/bSsVWVfYU4w_00118.mp4,0,16,75,2,-1,False,False,0.0,0.0,0.0,3.442494198679924e-05,0,0,0,0,True,Error reading data/Diving48_data/videos/bSsVWVfYU4w_00118.mp4...
diving48,val,bl0C6d9QgIg_00022,data/Diving48_data/videos/bl0C6d9QgIg_00022.mp4,0,16,75,2,-1,False,False,0.0,0.0,0.0,3.509991802275181e-05,0,0,0,0,True,Error reading data/Diving48_data/videos/bl0C6d9QgIg_00022.mp4...
diving48,val,bl0C6d9QgIg_00017,data/Diving48_data/videos/bl0C6d9QgIg_00017.mp4,0,16,75,2,-1,False,False,0.0,0.0,0.0,3.411620855331421e-05,0,0,0,0,True,Error reading data/Diving48_data/videos/bl0C6d9QgIg_00017.mp4...
diving48,val,bl0C6d9QgIg_00023,data/Diving48_data/videos/bl0C6d9QgIg_00023.mp4,0,16,75,2,-1,False,False,0.0,0.0,0.0,3.459816798567772e-05,0,0,0,0,True,Error reading data/Diving48_data/videos/bl0C6d9QgIg_00023.mp4...
diving48,val,bSsVWVfYU4w_00086,data/Diving48_data/videos/bSsVWVfYU4w_00086.mp4,0,16,75,2,-1,False,False,0.0,0.0,0.0,3.42989806085825e-05,0,0,0,0,True,Error reading data/Diving48_data/videos/bSsVWVfYU4w_00086.mp4...
diving48,val,bSsVWVfYU4w_00169,data/Diving48_data/videos/bSsVWVfYU4w_00169.mp4,0,16,75,2,-1,False,False,0.0,0.0,0.0,3.4322962164878845e-05,0,0,0,0,True,Error reading data/Diving48_data/videos/bSsVWVfYU4w_00169.mp4...
diving48,val,MbzIpx8kAD0_00025,data/Diving48_data/videos/MbzIpx8kAD0_00025.mp4,0,16,75,2,-1,False,False,0.0,0.0,0.0,3.307708539068699e-05,0,0,0,0,True,Error reading data/Diving48_data/videos/MbzIpx8kAD0_00025.mp4...
diving48,val,ovWCmIMMkRI_00055,data/Diving48_data/videos/ovWCmIMMkRI_00055.mp4,0,16,75,2,-1,False,False,0.0,0.0,0.0,3.4575117751955986e-05,0,0,0,0,True,Error reading data/Diving48_data/videos/ovWCmIMMkRI_00055.mp4...
diving48,val,Le6xdQ2OO8w_00139,data/Diving48_data/videos/Le6xdQ2OO8w_00139.mp4,0,16,75,2,-1,False,False,0.0,0.0,0.0,3.349105827510357e-05,0,0,0,0,True,Error reading data/Diving48_data/videos/Le6xdQ2OO8w_00139.mp4...
diving48,val,Le6xdQ2OO8w_00160,data/Diving48_data/videos/Le6xdQ2OO8w_00160.mp4,0,16,75,2,-1,False,False,0.0,0.0,0.0,3.298209048807621e-05,0,0,0,0,True,Error reading data/Diving48_data/videos/Le6xdQ2OO8w_00160.mp4...
diving48,val,Le6xdQ2OO8w_00120,data/Diving48_data/videos/Le6xdQ2OO8w_00120.mp4,0,16,75,2,-1,False,False,0.0,0.0,0.0,3.230595029890537e-05,0,0,0,0,True,Error reading data/Diving48_data/videos/Le6xdQ2OO8w_00120.mp4...
diving48,val,zmacW6f2Tdk_00048,data/Diving48_data/videos/zmacW6f2Tdk_00048.mp4,0,16,75,2,-1,False,False,0.0,0.0,0.0,3.2468000426888466e-05,0,0,0,0,True,Error reading data/Diving48_data/videos/zmacW6f2Tdk_00048.mp4...
diving48,val,cs8g1es4vfM_00034,data/Diving48_data/videos/cs8g1es4vfM_00034.mp4,1,16,75,2,-1,False,False,0.0,0.0,0.0,3.2569048926234245e-05,0,0,0,0,True,Error reading data/Diving48_data/videos/cs8g1es4vfM_00034.mp4...
diving48,val,cs8g1es4vfM_00043,data/Diving48_data/videos/cs8g1es4vfM_00043.mp4,1,16,75,2,-1,False,False,0.0,0.0,0.0,3.31769697368145e-05,0,0,0,0,True,Error reading data/Diving48_data/videos/cs8g1es4vfM_00043.mp4...
diving48,val,CVAfPfVFulQ_00076,data/Diving48_data/videos/CVAfPfVFulQ_00076.mp4,1,16,75,2,-1,False,False,0.0,0.0,0.0,3.3749034628272057e-05,0,0,0,0,True,Error reading data/Diving48_data/videos/CVAfPfVFulQ_00076.mp4...
diving48,val,yHo2oERGo7A_00056,data/Diving48_data/videos/yHo2oERGo7A_00056.mp4,1,16,75,2,-1,False,False,0.0,0.0,0.0,3.261188976466656e-05,0,0,0,0,True,Error reading data/Diving48_data/videos/yHo2oERGo7A_00056.mp4...
diving48,val,ovWCmIMMkRI_00058,data/Diving48_data/videos/ovWCmIMMkRI_00058.mp4,1,16,75,2,-1,False,False,0.0,0.0,0.0,3.268290311098099e-05,0,0,0,0,True,Error reading data/Diving48_data/videos/ovWCmIMMkRI_00058.mp4...
diving48,val,yHo2oERGo7A_00058,data/Diving48_data/videos/yHo2oERGo7A_00058.mp4,1,16,75,2,-1,False,False,0.0,0.0,0.0,3.227801062166691e-05,0,0,0,0,True,Error reading data/Diving48_data/videos/yHo2oERGo7A_00058.mp4...
diving48,val,cs8g1es4vfM_00056,data/Diving48_data/videos/cs8g1es4vfM_00056.mp4,1,16,75,2,-1,False,False,0.0,0.0,0.0,3.2463110983371735e-05,0,0,0,0,True,Error reading data/Diving48_data/videos/cs8g1es4vfM_00056.mp4...
diving48,val,SbzcCzXjYSU_00049,data/Diving48_data/videos/SbzcCzXjYSU_00049.mp4,1,16,75,2,-1,False,False,0.0,0.0,0.0,3.597000613808632e-05,0,0,0,0,True,Error reading data/Diving48_data/videos/SbzcCzXjYSU_00049.mp4...
diving48,val,cs8g1es4vfM_00010,data/Diving48_data/videos/cs8g1es4vfM_00010.mp4,1,16,75,2,-1,False,False,0.0,0.0,0.0,3.2607000321149826e-05,0,0,0,0,True,Error reading data/Diving48_data/videos/cs8g1es4vfM_00010.mp4...
diving48,val,ovWCmIMMkRI_00034,data/Diving48_data/videos/ovWCmIMMkRI_00034.mp4,1,16,75,2,-1,False,False,0.0,0.0,0.0,3.2316893339157104e-05,0,0,0,0,True,Error reading data/Diving48_data/videos/ovWCmIMMkRI_00034.mp4...
diving48,val,yHo2oERGo7A_00057,data/Diving48_data/videos/yHo2oERGo7A_00057.mp4,1,16,75,2,-1,False,False,0.0,0.0,0.0,3.226310946047306e-05,0,0,0,0,True,Error reading data/Diving48_data/videos/yHo2oERGo7A_00057.mp4...
diving48,val,SbzcCzXjYSU_00056,data/Diving48_data/videos/SbzcCzXjYSU_00056.mp4,1,16,75,2,-1,False,False,0.0,0.0,0.0,3.3047981560230255e-05,0,0,0,0,True,Error reading data/Diving48_data/videos/SbzcCzXjYSU_00056.mp4...
diving48,val,jMEYIEYkpY0_00103,data/Diving48_data/videos/jMEYIEYkpY0_00103.mp4,1,16,75,2,-1,False,False,0.0,0.0,0.0,3.3122021704912186e-05,0,0,0,0,True,Error reading data/Diving48_data/videos/jMEYIEYkpY0_00103.mp4...
diving48,val,ovWCmIMMkRI_00033,data/Diving48_data/videos/ovWCmIMMkRI_00033.mp4,1,16,75,2,-1,False,False,0.0,0.0,0.0,0.00011261808685958385,0,0,0,0,True,Error reading data/Diving48_data/videos/ovWCmIMMkRI_00033.mp4...
diving48,val,ovWCmIMMkRI_00057,data/Diving48_data/videos/ovWCmIMMkRI_00057.mp4,1,16,75,2,-1,False,False,0.0,0.0,0.0,3.466499038040638e-05,0,0,0,0,True,Error reading data/Diving48_data/videos/ovWCmIMMkRI_00057.mp4...
diving48,val,MbzIpx8kAD0_00065,data/Diving48_data/videos/MbzIpx8kAD0_00065.mp4,1,16,75,2,-1,False,False,0.0,0.0,0.0,3.309990279376507e-05,0,0,0,0,True,Error reading data/Diving48_data/videos/MbzIpx8kAD0_00065.mp4...
diving48,val,cs8g1es4vfM_00033,data/Diving48_data/videos/cs8g1es4vfM_00033.mp4,1,16,75,2,-1,False,False,0.0,0.0,0.0,3.262702375650406e-05,0,0,0,0,True,Error reading data/Diving48_data/videos/cs8g1es4vfM_00033.mp4...
diving48,val,cs8g1es4vfM_00032,data/Diving48_data/videos/cs8g1es4vfM_00032.mp4,1,16,75,2,-1,False,False,0.0,0.0,0.0,3.304705023765564e-05,0,0,0,0,True,Error reading data/Diving48_data/videos/cs8g1es4vfM_00032.mp4...
diving48,val,ovWCmIMMkRI_00056,data/Diving48_data/videos/ovWCmIMMkRI_00056.mp4,1,16,75,2,-1,False,False,0.0,0.0,0.0,3.2434007152915e-05,0,0,0,0,True,Error reading data/Diving48_data/videos/ovWCmIMMkRI_00056.mp4...
diving48,val,yHo2oERGo7A_00088,data/Diving48_data/videos/yHo2oERGo7A_00088.mp4,1,16,75,2,-1,False,False,0.0,0.0,0.0,3.3461954444646835e-05,0,0,0,0,True,Error reading data/Diving48_data/videos/yHo2oERGo7A_00088.mp4...
diving48,val,zmacW6f2Tdk_00058,data/Diving48_data/videos/zmacW6f2Tdk_00058.mp4,2,16,75,2,-1,False,False,0.0,0.0,0.0,3.269501030445099e-05,0,0,0,0,True,Error reading data/Diving48_data/videos/zmacW6f2Tdk_00058.mp4...
diving48,val,rRw7peH60Yw_00032,data/Diving48_data/videos/rRw7peH60Yw_00032.mp4,2,16,75,2,-1,False,False,0.0,0.0,0.0,3.201700747013092e-05,0,0,0,0,True,Error reading data/Diving48_data/videos/rRw7peH60Yw_00032.mp4...
diving48,val,zmacW6f2Tdk_00057,data/Diving48_data/videos/zmacW6f2Tdk_00057.mp4,2,16,75,2,-1,False,False,0.0,0.0,0.0,3.2149022445082664e-05,0,0,0,0,True,Error reading data/Diving48_data/videos/zmacW6f2Tdk_00057.mp4...
diving48,val,Le6xdQ2OO8w_00215,data/Diving48_data/videos/Le6xdQ2OO8w_00215.mp4,3,16,75,2,-1,False,False,0.0,0.0,0.0,3.2482901588082314e-05,0,0,0,0,True,Error reading data/Diving48_data/videos/Le6xdQ2OO8w_00215.mp4...
diving48,val,Le6xdQ2OO8w_00201,data/Diving48_data/videos/Le6xdQ2OO8w_00201.mp4,3,16,75,2,-1,False,False,0.0,0.0,0.0,3.205891698598862e-05,0,0,0,0,True,Error reading data/Diving48_data/videos/Le6xdQ2OO8w_00201.mp4...
diving48,val,zmacW6f2Tdk_00039,data/Diving48_data/videos/zmacW6f2Tdk_00039.mp4,3,16,75,2,-1,False,False,0.0,0.0,0.0,3.266218118369579e-05,0,0,0,0,True,Error reading data/Diving48_data/videos/zmacW6f2Tdk_00039.mp4...
diving48,val,Jud-06v5Ghw_00001,data/Diving48_data/videos/Jud-06v5Ghw_00001.mp4,3,16,75,2,-1,False,False,0.0,0.0,0.0,3.24249267578125e-05,0,0,0,0,True,Error reading data/Diving48_data/videos/Jud-06v5Ghw_00001.mp4...
diving48,val,Le6xdQ2OO8w_00249,data/Diving48_data/videos/Le6xdQ2OO8w_00249.mp4,3,16,75,2,-1,False,False,0.0,0.0,0.0,3.2763928174972534e-05,0,0,0,0,True,Error reading data/Diving48_data/videos/Le6xdQ2OO8w_00249.mp4...
diving48,val,Le6xdQ2OO8w_00256,data/Diving48_data/videos/Le6xdQ2OO8w_00256.mp4,3,16,75,2,-1,False,False,0.0,0.0,0.0,3.25480941683054e-05,0,0,0,0,True,Error reading data/Diving48_data/videos/Le6xdQ2OO8w_00256.mp4...
diving48,val,jMEYIEYkpY0_00031,data/Diving48_data/videos/jMEYIEYkpY0_00031.mp4,3,16,75,2,-1,False,False,0.0,0.0,0.0,3.2226089388132095e-05,0,0,0,0,True,Error reading data/Diving48_data/videos/jMEYIEYkpY0_00031.mp4...
diving48,val,Le6xdQ2OO8w_00202,data/Diving48_data/videos/Le6xdQ2OO8w_00202.mp4,3,16,75,2,-1,False,False,0.0,0.0,0.0,3.2229116186499596e-05,0,0,0,0,True,Error reading data/Diving48_data/videos/Le6xdQ2OO8w_00202.mp4...
diving48,val,CVAfPfVFulQ_00079,data/Diving48_data/videos/CVAfPfVFulQ_00079.mp4,3,16,75,2,-1,False,False,0.0,0.0,0.0,3.333715721964836e-05,0,0,0,0,True,Error reading data/Diving48_data/videos/CVAfPfVFulQ_00079.mp4...
diving48,val,CVAfPfVFulQ_00084,data/Diving48_data/videos/CVAfPfVFulQ_00084.mp4,3,16,75,2,-1,False,False,0.0,0.0,0.0,3.364589065313339e-05,0,0,0,0,True,Error reading data/Diving48_data/videos/CVAfPfVFulQ_00084.mp4...
diving48,val,yHo2oERGo7A_00006,data/Diving48_data/videos/yHo2oERGo7A_00006.mp4,3,16,75,2,-1,False,False,0.0,0.0,0.0,3.3040065318346024e-05,0,0,0,0,True,Error reading data/Diving48_data/videos/yHo2oERGo7A_00006.mp4...
diving48,val,SbzcCzXjYSU_00020,data/Diving48_data/videos/SbzcCzXjYSU_00020.mp4,3,16,75,2,-1,False,False,0.0,0.0,0.0,3.356393426656723e-05,0,0,0,0,True,Error reading data/Diving48_data/videos/SbzcCzXjYSU_00020.mp4...
diving48,val,jMEYIEYkpY0_00030,data/Diving48_data/videos/jMEYIEYkpY0_00030.mp4,3,16,75,2,-1,False,False,0.0,0.0,0.0,3.7555117160081863e-05,0,0,0,0,True,Error reading data/Diving48_data/videos/jMEYIEYkpY0_00030.mp4...
diving48,val,Le6xdQ2OO8w_00172,data/Diving48_data/videos/Le6xdQ2OO8w_00172.mp4,3,16,75,2,-1,False,False,0.0,0.0,0.0,3.3525051549077034e-05,0,0,0,0,True,Error reading data/Diving48_data/videos/Le6xdQ2OO8w_00172.mp4...
diving48,val,Le6xdQ2OO8w_00228,data/Diving48_data/videos/Le6xdQ2OO8w_00228.mp4,3,16,75,2,-1,False,False,0.0,0.0,0.0,3.377883695065975e-05,0,0,0,0,True,Error reading data/Diving48_data/videos/Le6xdQ2OO8w_00228.mp4...
diving48,val,roFeEJPgJD8_00038,data/Diving48_data/videos/roFeEJPgJD8_00038.mp4,3,16,75,2,-1,False,False,0.0,0.0,0.0,3.317813389003277e-05,0,0,0,0,True,Error reading data/Diving48_data/videos/roFeEJPgJD8_00038.mp4...
diving48,val,jMEYIEYkpY0_00029,data/Diving48_data/videos/jMEYIEYkpY0_00029.mp4,3,16,75,2,-1,False,False,0.0,0.0,0.0,3.317813389003277e-05,0,0,0,0,True,Error reading data/Diving48_data/videos/jMEYIEYkpY0_00029.mp4...
diving48,val,Le6xdQ2OO8w_00226,data/Diving48_data/videos/Le6xdQ2OO8w_00226.mp4,3,16,75,2,-1,False,False,0.0,0.0,0.0,3.269012086093426e-05,0,0,0,0,True,Error reading data/Diving48_data/videos/Le6xdQ2OO8w_00226.mp4...
diving48,val,zmacW6f2Tdk_00040,data/Diving48_data/videos/zmacW6f2Tdk_00040.mp4,3,16,75,2,-1,False,False,0.0,0.0,0.0,3.282981924712658e-05,0,0,0,0,True,Error reading data/Diving48_data/videos/zmacW6f2Tdk_00040.mp4...
diving48,val,Le6xdQ2OO8w_00229,data/Diving48_data/videos/Le6xdQ2OO8w_00229.mp4,3,16,75,2,-1,False,False,0.0,0.0,0.0,3.231479786336422e-05,0,0,0,0,True,Error reading data/Diving48_data/videos/Le6xdQ2OO8w_00229.mp4...
diving48,val,CVAfPfVFulQ_00080,data/Diving48_data/videos/CVAfPfVFulQ_00080.mp4,4,16,75,2,-1,False,False,0.0,0.0,0.0,3.2436102628707886e-05,0,0,0,0,True,Error reading data/Diving48_data/videos/CVAfPfVFulQ_00080.mp4...
diving48,val,Le6xdQ2OO8w_00234,data/Diving48_data/videos/Le6xdQ2OO8w_00234.mp4,4,16,75,2,-1,False,False,0.0,0.0,0.0,3.2907119020819664e-05,0,0,0,0,True,Error reading data/Diving48_data/videos/Le6xdQ2OO8w_00234.mp4...
diving48,val,Le6xdQ2OO8w_00194,data/Diving48_data/videos/Le6xdQ2OO8w_00194.mp4,4,16,75,2,-1,False,False,0.0,0.0,0.0,3.35711520165205e-05,0,0,0,0,True,Error reading data/Diving48_data/videos/Le6xdQ2OO8w_00194.mp4...
diving48,val,CVAfPfVFulQ_00063,data/Diving48_data/videos/CVAfPfVFulQ_00063.mp4,4,16,75,2,-1,False,False,0.0,0.0,0.0,3.3315038308501244e-05,0,0,0,0,True,Error reading data/Diving48_data/videos/CVAfPfVFulQ_00063.mp4...
diving48,val,bSsVWVfYU4w_00126,data/Diving48_data/videos/bSsVWVfYU4w_00126.mp4,4,16,75,2,-1,False,False,0.0,0.0,0.0,3.254693001508713e-05,0,0,0,0,True,Error reading data/Diving48_data/videos/bSsVWVfYU4w_00126.mp4...
diving48,val,MbzIpx8kAD0_00057,data/Diving48_data/videos/MbzIpx8kAD0_00057.mp4,4,16,75,2,-1,False,False,0.0,0.0,0.0,3.2556941732764244e-05,0,0,0,0,True,Error reading data/Diving48_data/videos/MbzIpx8kAD0_00057.mp4...
diving48,val,Le6xdQ2OO8w_00235,data/Diving48_data/videos/Le6xdQ2OO8w_00235.mp4,4,16,75,2,-1,False,False,0.0,0.0,0.0,5.8820005506277084e-05,0,0,0,0,True,Error reading data/Diving48_data/videos/Le6xdQ2OO8w_00235.mp4...
diving48,val,Le6xdQ2OO8w_00248,data/Diving48_data/videos/Le6xdQ2OO8w_00248.mp4,4,16,75,2,-1,False,False,0.0,0.0,0.0,3.434414975345135e-05,0,0,0,0,True,Error reading data/Diving48_data/videos/Le6xdQ2OO8w_00248.mp4...
diving48,val,Le6xdQ2OO8w_00214,data/Diving48_data/videos/Le6xdQ2OO8w_00214.mp4,4,16,75,2,-1,False,False,0.0,0.0,0.0,3.358814865350723e-05,0,0,0,0,True,Error reading data/Diving48_data/videos/Le6xdQ2OO8w_00214.mp4...
diving48,val,Le6xdQ2OO8w_00179,data/Diving48_data/videos/Le6xdQ2OO8w_00179.mp4,4,16,75,2,-1,False,False,0.0,0.0,0.0,3.307615406811237e-05,0,0,0,0,True,Error reading data/Diving48_data/videos/Le6xdQ2OO8w_00179.mp4...
diving48,val,L2tKML4URG8_00012,data/Diving48_data/videos/L2tKML4URG8_00012.mp4,4,16,75,2,-1,False,False,0.0,0.0,0.0,3.3096177503466606e-05,0,0,0,0,True,Error reading data/Diving48_data/videos/L2tKML4URG8_00012.mp4...
diving48,val,MbzIpx8kAD0_00059,data/Diving48_data/videos/MbzIpx8kAD0_00059.mp4,4,16,75,2,-1,False,False,0.0,0.0,0.0,3.343401476740837e-05,0,0,0,0,True,Error reading data/Diving48_data/videos/MbzIpx8kAD0_00059.mp4...
diving48,val,L2tKML4URG8_00013,data/Diving48_data/videos/L2tKML4URG8_00013.mp4,4,16,75,2,-1,False,False,0.0,0.0,0.0,3.2725976780056953e-05,0,0,0,0,True,Error reading data/Diving48_data/videos/L2tKML4URG8_00013.mp4...
diving48,val,Le6xdQ2OO8w_00180,data/Diving48_data/videos/Le6xdQ2OO8w_00180.mp4,4,16,75,2,-1,False,False,0.0,0.0,0.0,3.2809795811772346e-05,0,0,0,0,True,Error reading data/Diving48_data/videos/Le6xdQ2OO8w_00180.mp4...
diving48,val,bSsVWVfYU4w_00127,data/Diving48_data/videos/bSsVWVfYU4w_00127.mp4,4,16,75,2,-1,False,False,0.0,0.0,0.0,3.277999348938465e-05,0,0,0,0,True,Error reading data/Diving48_data/videos/bSsVWVfYU4w_00127.mp4...
diving48,val,Le6xdQ2OO8w_00193,data/Diving48_data/videos/Le6xdQ2OO8w_00193.mp4,4,16,75,2,-1,False,False,0.0,0.0,0.0,3.249594010412693e-05,0,0,0,0,True,Error reading data/Diving48_data/videos/Le6xdQ2OO8w_00193.mp4...
diving48,val,bSsVWVfYU4w_00162,data/Diving48_data/videos/bSsVWVfYU4w_00162.mp4,4,16,75,2,-1,False,False,0.0,0.0,0.0,3.325589932501316e-05,0,0,0,0,True,Error reading data/Diving48_data/videos/bSsVWVfYU4w_00162.mp4...
diving48,val,bSsVWVfYU4w_00163,data/Diving48_data/videos/bSsVWVfYU4w_00163.mp4,4,16,75,2,-1,False,False,0.0,0.0,0.0,3.27529851347208e-05,0,0,0,0,True,Error reading data/Diving48_data/videos/bSsVWVfYU4w_00163.mp4...
diving48,val,Le6xdQ2OO8w_00253,data/Diving48_data/videos/Le6xdQ2OO8w_00253.mp4,4,16,75,2,-1,False,False,0.0,0.0,0.0,3.232806921005249e-05,0,0,0,0,True,Error reading data/Diving48_data/videos/Le6xdQ2OO8w_00253.mp4...
diving48,val,mGRum47TLX0_00047,data/Diving48_data/videos/mGRum47TLX0_00047.mp4,4,16,75,2,-1,False,False,0.0,0.0,0.0,3.523612394928932e-05,0,0,0,0,True,Error reading data/Diving48_data/videos/mGRum47TLX0_00047.mp4...
diving48,val,roFeEJPgJD8_00016,data/Diving48_data/videos/roFeEJPgJD8_00016.mp4,5,16,75,2,-1,False,False,0.0,0.0,0.0,3.286288119852543e-05,0,0,0,0,True,Error reading data/Diving48_data/videos/roFeEJPgJD8_00016.mp4...
diving48,val,zBXtMcI41z8_00026,data/Diving48_data/videos/zBXtMcI41z8_00026.mp4,5,16,75,2,-1,False,False,0.0,0.0,0.0,3.24698630720377e-05,0,0,0,0,True,Error reading data/Diving48_data/videos/zBXtMcI41z8_00026.mp4...
diving48,val,sFO6XlfgxNQ_00119,data/Diving48_data/videos/sFO6XlfgxNQ_00119.mp4,5,16,75,2,-1,False,False,0.0,0.0,0.0,3.41939739882946e-05,0,0,0,0,True,Error reading data/Diving48_data/videos/sFO6XlfgxNQ_00119.mp4...
diving48,val,sFO6XlfgxNQ_00103,data/Diving48_data/videos/sFO6XlfgxNQ_00103.mp4,5,16,75,2,-1,False,False,0.0,0.0,0.0,3.2842857763171196e-05,0,0,0,0,True,Error reading data/Diving48_data/videos/sFO6XlfgxNQ_00103.mp4...
diving48,val,zBXtMcI41z8_00073,data/Diving48_data/videos/zBXtMcI41z8_00073.mp4,5,16,75,2,-1,False,False,0.0,0.0,0.0,3.602588549256325e-05,0,0,0,0,True,Error reading data/Diving48_data/videos/zBXtMcI41z8_00073.mp4...
diving48,val,sFO6XlfgxNQ_00061,data/Diving48_data/videos/sFO6XlfgxNQ_00061.mp4,5,16,75,2,-1,False,False,0.0,0.0,0.0,3.341282717883587e-05,0,0,0,0,True,Error reading data/Diving48_data/videos/sFO6XlfgxNQ_00061.mp4...
diving48,val,sFO6XlfgxNQ_00109,data/Diving48_data/videos/sFO6XlfgxNQ_00109.mp4,5,16,75,2,-1,False,False,0.0,0.0,0.0,3.3106887713074684e-05,0,0,0,0,True,Error reading data/Diving48_data/videos/sFO6XlfgxNQ_00109.mp4...
diving48,val,sFO6XlfgxNQ_00117,data/Diving48_data/videos/sFO6XlfgxNQ_00117.mp4,5,16,75,2,-1,False,False,0.0,0.0,0.0,3.2803975045681e-05,0,0,0,0,True,Error reading data/Diving48_data/videos/sFO6XlfgxNQ_00117.mp4...
diving48,val,zBXtMcI41z8_00074,data/Diving48_data/videos/zBXtMcI41z8_00074.mp4,5,16,75,2,-1,False,False,0.0,0.0,0.0,3.3549964427948e-05,0,0,0,0,True,Error reading data/Diving48_data/videos/zBXtMcI41z8_00074.mp4...
diving48,val,sFO6XlfgxNQ_00116,data/Diving48_data/videos/sFO6XlfgxNQ_00116.mp4,5,16,75,2,-1,False,False,0.0,0.0,0.0,3.238883800804615e-05,0,0,0,0,True,Error reading data/Diving48_data/videos/sFO6XlfgxNQ_00116.mp4...
diving48,val,sFO6XlfgxNQ_00120,data/Diving48_data/videos/sFO6XlfgxNQ_00120.mp4,5,16,75,2,-1,False,False,0.0,0.0,0.0,3.3153919503092766e-05,0,0,0,0,True,Error reading data/Diving48_data/videos/sFO6XlfgxNQ_00120.mp4...
diving48,val,zBXtMcI41z8_00110,data/Diving48_data/videos/zBXtMcI41z8_00110.mp4,5,16,75,2,-1,False,False,0.0,0.0,0.0,3.242795355618e-05,0,0,0,0,True,Error reading data/Diving48_data/videos/zBXtMcI41z8_00110.mp4...
diving48,val,sFO6XlfgxNQ_00056,data/Diving48_data/videos/sFO6XlfgxNQ_00056.mp4,5,16,75,2,-1,False,False,0.0,0.0,0.0,3.233109600841999e-05,0,0,0,0,True,Error reading data/Diving48_data/videos/sFO6XlfgxNQ_00056.mp4...
diving48,val,jMEYIEYkpY0_00092,data/Diving48_data/videos/jMEYIEYkpY0_00092.mp4,5,16,75,2,-1,False,False,0.0,0.0,0.0,3.287987783551216e-05,0,0,0,0,True,Error reading data/Diving48_data/videos/jMEYIEYkpY0_00092.mp4...
diving48,val,zBXtMcI41z8_00028,data/Diving48_data/videos/zBXtMcI41z8_00028.mp4,5,16,75,2,-1,False,False,0.0,0.0,0.0,3.2840995118021965e-05,0,0,0,0,True,Error reading data/Diving48_data/videos/zBXtMcI41z8_00028.mp4...
diving48,val,jMEYIEYkpY0_00090,data/Diving48_data/videos/jMEYIEYkpY0_00090.mp4,5,16,75,2,-1,False,False,0.0,0.0,0.0,3.283214755356312e-05,0,0,0,0,True,Error reading data/Diving48_data/videos/jMEYIEYkpY0_00090.mp4...
diving48,val,sFO6XlfgxNQ_00104,data/Diving48_data/videos/sFO6XlfgxNQ_00104.mp4,5,16,75,2,-1,False,False,0.0,0.0,0.0,3.2736919820308685e-05,0,0,0,0,True,Error reading data/Diving48_data/videos/sFO6XlfgxNQ_00104.mp4...
diving48,val,sFO6XlfgxNQ_00111,data/Diving48_data/videos/sFO6XlfgxNQ_00111.mp4,5,16,75,2,-1,False,False,0.0,0.0,0.0,3.2878946512937546e-05,0,0,0,0,True,Error reading data/Diving48_data/videos/sFO6XlfgxNQ_00111.mp4...
diving48,val,zBXtMcI41z8_00109,data/Diving48_data/videos/zBXtMcI41z8_00109.mp4,5,16,75,2,-1,False,False,0.0,0.0,0.0,3.229011781513691e-05,0,0,0,0,True,Error reading data/Diving48_data/videos/zBXtMcI41z8_00109.mp4...
diving48,val,zBXtMcI41z8_00027,data/Diving48_data/videos/zBXtMcI41z8_00027.mp4,5,16,75,2,-1,False,False,0.0,0.0,0.0,3.273598849773407e-05,0,0,0,0,True,Error reading data/Diving48_data/videos/zBXtMcI41z8_00027.mp4...
diving48,val,zBXtMcI41z8_00072,data/Diving48_data/videos/zBXtMcI41z8_00072.mp4,6,16,75,2,-1,False,False,0.0,0.0,0.0,3.276602365076542e-05,0,0,0,0,True,Error reading data/Diving48_data/videos/zBXtMcI41z8_00072.mp4...
diving48,val,zBXtMcI41z8_00067,data/Diving48_data/videos/zBXtMcI41z8_00067.mp4,6,16,75,2,-1,False,False,0.0,0.0,0.0,3.2327137887477875e-05,0,0,0,0,True,Error reading data/Diving48_data/videos/zBXtMcI41z8_00067.mp4...
diving48,val,qD3IMtAanSg_00067,data/Diving48_data/videos/qD3IMtAanSg_00067.mp4,6,16,75,2,-1,False,False,0.0,0.0,0.0,3.270711749792099e-05,0,0,0,0,True,Error reading data/Diving48_data/videos/qD3IMtAanSg_00067.mp4...
diving48,val,qD3IMtAanSg_00069,data/Diving48_data/videos/qD3IMtAanSg_00069.mp4,6,16,75,2,-1,False,False,0.0,0.0,0.0,3.3596064895391464e-05,0,0,0,0,True,Error reading data/Diving48_data/videos/qD3IMtAanSg_00069.mp4...
diving48,val,qD3IMtAanSg_00130,data/Diving48_data/videos/qD3IMtAanSg_00130.mp4,6,16,75,2,-1,False,False,0.0,0.0,0.0,3.258604556322098e-05,0,0,0,0,True,Error reading data/Diving48_data/videos/qD3IMtAanSg_00130.mp4...
diving48,val,qD3IMtAanSg_00021,data/Diving48_data/videos/qD3IMtAanSg_00021.mp4,6,16,75,2,-1,False,False,0.0,0.0,0.0,3.2670097425580025e-05,0,0,0,0,True,Error reading data/Diving48_data/videos/qD3IMtAanSg_00021.mp4...
diving48,val,qD3IMtAanSg_00060,data/Diving48_data/videos/qD3IMtAanSg_00060.mp4,6,16,75,2,-1,False,False,0.0,0.0,0.0,3.2700831070542336e-05,0,0,0,0,True,Error reading data/Diving48_data/videos/qD3IMtAanSg_00060.mp4...
diving48,val,qD3IMtAanSg_00092,data/Diving48_data/videos/qD3IMtAanSg_00092.mp4,6,16,75,2,-1,False,False,0.0,0.0,0.0,3.4682219848036766e-05,0,0,0,0,True,Error reading data/Diving48_data/videos/qD3IMtAanSg_00092.mp4...
diving48,val,qD3IMtAanSg_00061,data/Diving48_data/videos/qD3IMtAanSg_00061.mp4,6,16,75,2,-1,False,False,0.0,0.0,0.0,3.358419053256512e-05,0,0,0,0,True,Error reading data/Diving48_data/videos/qD3IMtAanSg_00061.mp4...
diving48,val,zBXtMcI41z8_00071,data/Diving48_data/videos/zBXtMcI41z8_00071.mp4,6,16,75,2,-1,False,False,0.0,0.0,0.0,3.245682455599308e-05,0,0,0,0,True,Error reading data/Diving48_data/videos/zBXtMcI41z8_00071.mp4...
diving48,val,zBXtMcI41z8_00070,data/Diving48_data/videos/zBXtMcI41z8_00070.mp4,6,16,75,2,-1,False,False,0.0,0.0,0.0,3.2596057280898094e-05,0,0,0,0,True,Error reading data/Diving48_data/videos/zBXtMcI41z8_00070.mp4...
diving48,val,zBXtMcI41z8_00068,data/Diving48_data/videos/zBXtMcI41z8_00068.mp4,6,16,75,2,-1,False,False,0.0,0.0,0.0,3.264099359512329e-05,0,0,0,0,True,Error reading data/Diving48_data/videos/zBXtMcI41z8_00068.mp4...
diving48,val,qD3IMtAanSg_00074,data/Diving48_data/videos/qD3IMtAanSg_00074.mp4,6,16,75,2,-1,False,False,0.0,0.0,0.0,3.261398524045944e-05,0,0,0,0,True,Error reading data/Diving48_data/videos/qD3IMtAanSg_00074.mp4...
diving48,val,qD3IMtAanSg_00023,data/Diving48_data/videos/qD3IMtAanSg_00023.mp4,6,16,75,2,-1,False,False,0.0,0.0,0.0,3.246706910431385e-05,0,0,0,0,True,Error reading data/Diving48_data/videos/qD3IMtAanSg_00023.mp4...
diving48,val,zBXtMcI41z8_00069,data/Diving48_data/videos/zBXtMcI41z8_00069.mp4,6,16,75,2,-1,False,False,0.0,0.0,0.0,3.232690505683422e-05,0,0,0,0,True,Error reading data/Diving48_data/videos/zBXtMcI41z8_00069.mp4...
diving48,val,qD3IMtAanSg_00059,data/Diving48_data/videos/qD3IMtAanSg_00059.mp4,6,16,75,2,-1,False,False,0.0,0.0,0.0,3.173411823809147e-05,0,0,0,0,True,Error reading data/Diving48_data/videos/qD3IMtAanSg_00059.mp4...
diving48,val,qD3IMtAanSg_00073,data/Diving48_data/videos/qD3IMtAanSg_00073.mp4,6,16,75,2,-1,False,False,0.0,0.0,0.0,3.277696669101715e-05,0,0,0,0,True,Error reading data/Diving48_data/videos/qD3IMtAanSg_00073.mp4...
diving48,val,qD3IMtAanSg_00068,data/Diving48_data/videos/qD3IMtAanSg_00068.mp4,6,16,75,2,-1,False,False,0.0,0.0,0.0,3.1970907002687454e-05,0,0,0,0,True,Error reading data/Diving48_data/videos/qD3IMtAanSg_00068.mp4...
diving48,val,qD3IMtAanSg_00091,data/Diving48_data/videos/qD3IMtAanSg_00091.mp4,6,16,75,2,-1,False,False,0.0,0.0,0.0,3.3106887713074684e-05,0,0,0,0,True,Error reading data/Diving48_data/videos/qD3IMtAanSg_00091.mp4...
diving48,val,qD3IMtAanSg_00075,data/Diving48_data/videos/qD3IMtAanSg_00075.mp4,6,16,75,2,-1,False,False,0.0,0.0,0.0,3.223610110580921e-05,0,0,0,0,True,Error reading data/Diving48_data/videos/qD3IMtAanSg_00075.mp4...
diving48,val,zmacW6f2Tdk_00027,data/Diving48_data/videos/zmacW6f2Tdk_00027.mp4,7,16,75,2,-1,False,False,0.0,0.0,0.0,3.251200541853905e-05,0,0,0,0,True,Error reading data/Diving48_data/videos/zmacW6f2Tdk_00027.mp4...
diving48,val,qD3IMtAanSg_00029,data/Diving48_data/videos/qD3IMtAanSg_00029.mp4,7,16,75,2,-1,False,False,0.0,0.0,0.0,3.487197682261467e-05,0,0,0,0,True,Error reading data/Diving48_data/videos/qD3IMtAanSg_00029.mp4...
diving48,val,k71Cc-Sm-Mg_00169,data/Diving48_data/videos/k71Cc-Sm-Mg_00169.mp4,7,16,75,2,-1,False,False,0.0,0.0,0.0,3.2885000109672546e-05,0,0,0,0,True,Error reading data/Diving48_data/videos/k71Cc-Sm-Mg_00169.mp4...
diving48,val,TMJ1XIZBRW4_00036,data/Diving48_data/videos/TMJ1XIZBRW4_00036.mp4,7,16,75,2,-1,False,False,0.0,0.0,0.0,3.3173942938447e-05,0,0,0,0,True,Error reading data/Diving48_data/videos/TMJ1XIZBRW4_00036.mp4...
diving48,val,k71Cc-Sm-Mg_00170,data/Diving48_data/videos/k71Cc-Sm-Mg_00170.mp4,7,16,75,2,-1,False,False,0.0,0.0,0.0,3.2839830964803696e-05,0,0,0,0,True,Error reading data/Diving48_data/videos/k71Cc-Sm-Mg_00170.mp4...
diving48,val,zmacW6f2Tdk_00009,data/Diving48_data/videos/zmacW6f2Tdk_00009.mp4,7,16,75,2,-1,False,False,0.0,0.0,0.0,3.1932955607771873e-05,0,0,0,0,True,Error reading data/Diving48_data/videos/zmacW6f2Tdk_00009.mp4...
diving48,val,XfCaMLlyj9I_00113,data/Diving48_data/videos/XfCaMLlyj9I_00113.mp4,7,16,75,2,-1,False,False,0.0,0.0,0.0,3.244797699153423e-05,0,0,0,0,True,Error reading data/Diving48_data/videos/XfCaMLlyj9I_00113.mp4...
diving48,val,rRw7peH60Yw_00018,data/Diving48_data/videos/rRw7peH60Yw_00018.mp4,7,16,75,2,-1,False,False,0.0,0.0,0.0,3.2111071050167084e-05,0,0,0,0,True,Error reading data/Diving48_data/videos/rRw7peH60Yw_00018.mp4...
diving48,val,sFO6XlfgxNQ_00087,data/Diving48_data/videos/sFO6XlfgxNQ_00087.mp4,7,16,75,2,-1,False,False,0.0,0.0,0.0,3.230897709727287e-05,0,0,0,0,True,Error reading data/Diving48_data/videos/sFO6XlfgxNQ_00087.mp4...
diving48,val,k71Cc-Sm-Mg_00041,data/Diving48_data/videos/k71Cc-Sm-Mg_00041.mp4,7,16,75,2,-1,False,False,0.0,0.0,0.0,3.217719495296478e-05,0,0,0,0,True,Error reading data/Diving48_data/videos/k71Cc-Sm-Mg_00041.mp4...
diving48,val,rRw7peH60Yw_00006,data/Diving48_data/videos/rRw7peH60Yw_00006.mp4,7,16,75,2,-1,False,False,0.0,0.0,0.0,3.2318057492375374e-05,0,0,0,0,True,Error reading data/Diving48_data/videos/rRw7peH60Yw_00006.mp4...
diving48,val,zmacW6f2Tdk_00015,data/Diving48_data/videos/zmacW6f2Tdk_00015.mp4,7,16,75,2,-1,False,False,0.0,0.0,0.0,3.2602809369564056e-05,0,0,0,0,True,Error reading data/Diving48_data/videos/zmacW6f2Tdk_00015.mp4...
diving48,val,zmacW6f2Tdk_00017,data/Diving48_data/videos/zmacW6f2Tdk_00017.mp4,7,16,75,2,-1,False,False,0.0,0.0,0.0,3.337790258228779e-05,0,0,0,0,True,Error reading data/Diving48_data/videos/zmacW6f2Tdk_00017.mp4...
diving48,val,SbzcCzXjYSU_00008,data/Diving48_data/videos/SbzcCzXjYSU_00008.mp4,7,16,75,2,-1,False,False,0.0,0.0,0.0,3.2874057069420815e-05,0,0,0,0,True,Error reading data/Diving48_data/videos/SbzcCzXjYSU_00008.mp4...
diving48,val,SbzcCzXjYSU_00034,data/Diving48_data/videos/SbzcCzXjYSU_00034.mp4,7,16,75,2,-1,False,False,0.0,0.0,0.0,3.583007492125034e-05,0,0,0,0,True,Error reading data/Diving48_data/videos/SbzcCzXjYSU_00034.mp4...
diving48,val,jMEYIEYkpY0_00028,data/Diving48_data/videos/jMEYIEYkpY0_00028.mp4,7,16,75,2,-1,False,False,0.0,0.0,0.0,3.3520860597491264e-05,0,0,0,0,True,Error reading data/Diving48_data/videos/jMEYIEYkpY0_00028.mp4...
diving48,val,SbzcCzXjYSU_00054,data/Diving48_data/videos/SbzcCzXjYSU_00054.mp4,7,16,75,2,-1,False,False,0.0,0.0,0.0,3.3054035156965256e-05,0,0,0,0,True,Error reading data/Diving48_data/videos/SbzcCzXjYSU_00054.mp4...
diving48,val,qD3IMtAanSg_00103,data/Diving48_data/videos/qD3IMtAanSg_00103.mp4,7,16,75,2,-1,False,False,0.0,0.0,0.0,3.308616578578949e-05,0,0,0,0,True,Error reading data/Diving48_data/videos/qD3IMtAanSg_00103.mp4...
diving48,val,zmacW6f2Tdk_00028,data/Diving48_data/videos/zmacW6f2Tdk_00028.mp4,7,16,75,2,-1,False,False,0.0,0.0,0.0,3.330991603434086e-05,0,0,0,0,True,Error reading data/Diving48_data/videos/zmacW6f2Tdk_00028.mp4...
diving48,val,zmacW6f2Tdk_00051,data/Diving48_data/videos/zmacW6f2Tdk_00051.mp4,7,16,75,2,-1,False,False,0.0,0.0,0.0,3.295508213341236e-05,0,0,0,0,True,Error reading data/Diving48_data/videos/zmacW6f2Tdk_00051.mp4...
diving48,val,yHo2oERGo7A_00066,data/Diving48_data/videos/yHo2oERGo7A_00066.mp4,8,16,75,2,-1,False,False,0.0,0.0,0.0,5.2548013627529144e-05,0,0,0,0,True,Error reading data/Diving48_data/videos/yHo2oERGo7A_00066.mp4...
diving48,val,yHo2oERGo7A_00046,data/Diving48_data/videos/yHo2oERGo7A_00046.mp4,8,16,75,2,-1,False,False,0.0,0.0,0.0,3.359513357281685e-05,0,0,0,0,True,Error reading data/Diving48_data/videos/yHo2oERGo7A_00046.mp4...
diving48,val,zmacW6f2Tdk_00018,data/Diving48_data/videos/zmacW6f2Tdk_00018.mp4,8,16,75,2,-1,False,False,0.0,0.0,0.0,3.320607356727123e-05,0,0,0,0,True,Error reading data/Diving48_data/videos/zmacW6f2Tdk_00018.mp4...
diving48,val,Le6xdQ2OO8w_00183,data/Diving48_data/videos/Le6xdQ2OO8w_00183.mp4,8,16,75,2,-1,False,False,0.0,0.0,0.0,3.312109038233757e-05,0,0,0,0,True,Error reading data/Diving48_data/videos/Le6xdQ2OO8w_00183.mp4...
diving48,val,zmacW6f2Tdk_00019,data/Diving48_data/videos/zmacW6f2Tdk_00019.mp4,8,16,75,2,-1,False,False,0.0,0.0,0.0,3.298092633485794e-05,0,0,0,0,True,Error reading data/Diving48_data/videos/zmacW6f2Tdk_00019.mp4...
diving48,val,yHo2oERGo7A_00061,data/Diving48_data/videos/yHo2oERGo7A_00061.mp4,8,16,75,2,-1,False,False,0.0,0.0,0.0,3.2777898013591766e-05,0,0,0,0,True,Error reading data/Diving48_data/videos/yHo2oERGo7A_00061.mp4...
diving48,val,jMEYIEYkpY0_00035,data/Diving48_data/videos/jMEYIEYkpY0_00035.mp4,8,16,75,2,-1,False,False,0.0,0.0,0.0,3.39229591190815e-05,0,0,0,0,True,Error reading data/Diving48_data/videos/jMEYIEYkpY0_00035.mp4...
diving48,val,Le6xdQ2OO8w_00232,data/Diving48_data/videos/Le6xdQ2OO8w_00232.mp4,8,16,75,2,-1,False,False,0.0,0.0,0.0,3.2289884984493256e-05,0,0,0,0,True,Error reading data/Diving48_data/videos/Le6xdQ2OO8w_00232.mp4...
diving48,val,roFeEJPgJD8_00036,data/Diving48_data/videos/roFeEJPgJD8_00036.mp4,8,16,75,2,-1,False,False,0.0,0.0,0.0,3.3177901059389114e-05,0,0,0,0,True,Error reading data/Diving48_data/videos/roFeEJPgJD8_00036.mp4...
diving48,val,mGRum47TLX0_00057,data/Diving48_data/videos/mGRum47TLX0_00057.mp4,8,16,75,2,-1,False,False,0.0,0.0,0.0,3.350689075887203e-05,0,0,0,0,True,Error reading data/Diving48_data/videos/mGRum47TLX0_00057.mp4...
diving48,val,jMEYIEYkpY0_00094,data/Diving48_data/videos/jMEYIEYkpY0_00094.mp4,8,16,75,2,-1,False,False,0.0,0.0,0.0,3.35080549120903e-05,0,0,0,0,True,Error reading data/Diving48_data/videos/jMEYIEYkpY0_00094.mp4...
diving48,val,SbzcCzXjYSU_00021,data/Diving48_data/videos/SbzcCzXjYSU_00021.mp4,8,16,75,2,-1,False,False,0.0,0.0,0.0,3.333110362291336e-05,0,0,0,0,True,Error reading data/Diving48_data/videos/SbzcCzXjYSU_00021.mp4...
diving48,val,cs8g1es4vfM_00020,data/Diving48_data/videos/cs8g1es4vfM_00020.mp4,8,16,75,2,-1,False,False,0.0,0.0,0.0,3.293692134320736e-05,0,0,0,0,True,Error reading data/Diving48_data/videos/cs8g1es4vfM_00020.mp4...
diving48,val,CVAfPfVFulQ_00060,data/Diving48_data/videos/CVAfPfVFulQ_00060.mp4,8,16,75,2,-1,False,False,0.0,0.0,0.0,3.2180920243263245e-05,0,0,0,0,True,Error reading data/Diving48_data/videos/CVAfPfVFulQ_00060.mp4...
diving48,val,yHo2oERGo7A_00044,data/Diving48_data/videos/yHo2oERGo7A_00044.mp4,8,16,75,2,-1,False,False,0.0,0.0,0.0,3.2676151022315025e-05,0,0,0,0,True,Error reading data/Diving48_data/videos/yHo2oERGo7A_00044.mp4...
diving48,val,jMEYIEYkpY0_00095,data/Diving48_data/videos/jMEYIEYkpY0_00095.mp4,8,16,75,2,-1,False,False,0.0,0.0,0.0,3.324099816381931e-05,0,0,0,0,True,Error reading data/Diving48_data/videos/jMEYIEYkpY0_00095.mp4...
diving48,val,yHo2oERGo7A_00059,data/Diving48_data/videos/yHo2oERGo7A_00059.mp4,8,16,75,2,-1,False,False,0.0,0.0,0.0,3.2428884878754616e-05,0,0,0,0,True,Error reading data/Diving48_data/videos/yHo2oERGo7A_00059.mp4...
diving48,val,Le6xdQ2OO8w_00224,data/Diving48_data/videos/Le6xdQ2OO8w_00224.mp4,8,16,75,2,-1,False,False,0.0,0.0,0.0,3.336183726787567e-05,0,0,0,0,True,Error reading data/Diving48_data/videos/Le6xdQ2OO8w_00224.mp4...
diving48,val,bSsVWVfYU4w_00170,data/Diving48_data/videos/bSsVWVfYU4w_00170.mp4,8,16,75,2,-1,False,False,0.0,0.0,0.0,3.530294634401798e-05,0,0,0,0,True,Error reading data/Diving48_data/videos/bSsVWVfYU4w_00170.mp4...
diving48,val,yHo2oERGo7A_00054,data/Diving48_data/videos/yHo2oERGo7A_00054.mp4,8,16,75,2,-1,False,False,0.0,0.0,0.0,3.2730866223573685e-05,0,0,0,0,True,Error reading data/Diving48_data/videos/yHo2oERGo7A_00054.mp4...
diving48,val,roFeEJPgJD8_00032,data/Diving48_data/videos/roFeEJPgJD8_00032.mp4,9,16,75,2,-1,False,False,0.0,0.0,0.0,3.290199674665928e-05,0,0,0,0,True,Error reading data/Diving48_data/videos/roFeEJPgJD8_00032.mp4...
diving48,val,roFeEJPgJD8_00029,data/Diving48_data/videos/roFeEJPgJD8_00029.mp4,9,16,75,2,-1,False,False,0.0,0.0,0.0,3.1864969059824944e-05,0,0,0,0,True,Error reading data/Diving48_data/videos/roFeEJPgJD8_00029.mp4...
diving48,val,qD3IMtAanSg_00018,data/Diving48_data/videos/qD3IMtAanSg_00018.mp4,10,16,75,2,-1,False,False,0.0,0.0,0.0,3.4085940569639206e-05,0,0,0,0,True,Error reading data/Diving48_data/videos/qD3IMtAanSg_00018.mp4...
diving48,val,qD3IMtAanSg_00082,data/Diving48_data/videos/qD3IMtAanSg_00082.mp4,10,16,75,2,-1,False,False,0.0,0.0,0.0,3.233808092772961e-05,0,0,0,0,True,Error reading data/Diving48_data/videos/qD3IMtAanSg_00082.mp4...
diving48,val,qD3IMtAanSg_00007,data/Diving48_data/videos/qD3IMtAanSg_00007.mp4,10,16,75,2,-1,False,False,0.0,0.0,0.0,3.319699317216873e-05,0,0,0,0,True,Error reading data/Diving48_data/videos/qD3IMtAanSg_00007.mp4...
diving48,val,qD3IMtAanSg_00084,data/Diving48_data/videos/qD3IMtAanSg_00084.mp4,10,16,75,2,-1,False,False,0.0,0.0,0.0,3.3537158742547035e-05,0,0,0,0,True,Error reading data/Diving48_data/videos/qD3IMtAanSg_00084.mp4...
diving48,val,qD3IMtAanSg_00100,data/Diving48_data/videos/qD3IMtAanSg_00100.mp4,10,16,75,2,-1,False,False,0.0,0.0,0.0,3.252713941037655e-05,0,0,0,0,True,Error reading data/Diving48_data/videos/qD3IMtAanSg_00100.mp4...
diving48,val,qD3IMtAanSg_00005,data/Diving48_data/videos/qD3IMtAanSg_00005.mp4,10,16,75,2,-1,False,False,0.0,0.0,0.0,3.209104761481285e-05,0,0,0,0,True,Error reading data/Diving48_data/videos/qD3IMtAanSg_00005.mp4...
diving48,val,qD3IMtAanSg_00123,data/Diving48_data/videos/qD3IMtAanSg_00123.mp4,10,16,75,2,-1,False,False,0.0,0.0,0.0,3.229314461350441e-05,0,0,0,0,True,Error reading data/Diving48_data/videos/qD3IMtAanSg_00123.mp4...
diving48,val,qD3IMtAanSg_00125,data/Diving48_data/videos/qD3IMtAanSg_00125.mp4,10,16,75,2,-1,False,False,0.0,0.0,0.0,3.208196721971035e-05,0,0,0,0,True,Error reading data/Diving48_data/videos/qD3IMtAanSg_00125.mp4...
diving48,val,qD3IMtAanSg_00098,data/Diving48_data/videos/qD3IMtAanSg_00098.mp4,10,16,75,2,-1,False,False,0.0,0.0,0.0,3.28761525452137e-05,0,0,0,0,True,Error reading data/Diving48_data/videos/qD3IMtAanSg_00098.mp4...
diving48,val,qD3IMtAanSg_00124,data/Diving48_data/videos/qD3IMtAanSg_00124.mp4,10,16,75,2,-1,False,False,0.0,0.0,0.0,3.225705586373806e-05,0,0,0,0,True,Error reading data/Diving48_data/videos/qD3IMtAanSg_00124.mp4...
diving48,val,qD3IMtAanSg_00083,data/Diving48_data/videos/qD3IMtAanSg_00083.mp4,10,16,75,2,-1,False,False,0.0,0.0,0.0,3.254786133766174e-05,0,0,0,0,True,Error reading data/Diving48_data/videos/qD3IMtAanSg_00083.mp4...
diving48,val,qD3IMtAanSg_00017,data/Diving48_data/videos/qD3IMtAanSg_00017.mp4,10,16,75,2,-1,False,False,0.0,0.0,0.0,3.278302028775215e-05,0,0,0,0,True,Error reading data/Diving48_data/videos/qD3IMtAanSg_00017.mp4...
diving48,val,qD3IMtAanSg_00099,data/Diving48_data/videos/qD3IMtAanSg_00099.mp4,10,16,75,2,-1,False,False,0.0,0.0,0.0,3.331201151013374e-05,0,0,0,0,True,Error reading data/Diving48_data/videos/qD3IMtAanSg_00099.mp4...
diving48,val,qD3IMtAanSg_00016,data/Diving48_data/videos/qD3IMtAanSg_00016.mp4,10,16,75,2,-1,False,False,0.0,0.0,0.0,3.220606595277786e-05,0,0,0,0,True,Error reading data/Diving48_data/videos/qD3IMtAanSg_00016.mp4...
diving48,val,qD3IMtAanSg_00006,data/Diving48_data/videos/qD3IMtAanSg_00006.mp4,10,16,75,2,-1,False,False,0.0,0.0,0.0,3.287801519036293e-05,0,0,0,0,True,Error reading data/Diving48_data/videos/qD3IMtAanSg_00006.mp4...
diving48,val,qD3IMtAanSg_00116,data/Diving48_data/videos/qD3IMtAanSg_00116.mp4,11,16,75,2,-1,False,False,0.0,0.0,0.0,3.597605973482132e-05,0,0,0,0,True,Error reading data/Diving48_data/videos/qD3IMtAanSg_00116.mp4...
diving48,val,qD3IMtAanSg_00063,data/Diving48_data/videos/qD3IMtAanSg_00063.mp4,11,16,75,2,-1,False,False,0.0,0.0,0.0,3.443984314799309e-05,0,0,0,0,True,Error reading data/Diving48_data/videos/qD3IMtAanSg_00063.mp4...
diving48,val,qD3IMtAanSg_00110,data/Diving48_data/videos/qD3IMtAanSg_00110.mp4,11,16,75,2,-1,False,False,0.0,0.0,0.0,3.233598545193672e-05,0,0,0,0,True,Error reading data/Diving48_data/videos/qD3IMtAanSg_00110.mp4...
diving48,val,qD3IMtAanSg_00046,data/Diving48_data/videos/qD3IMtAanSg_00046.mp4,11,16,75,2,-1,False,False,0.0,0.0,0.0,3.218906931579113e-05,0,0,0,0,True,Error reading data/Diving48_data/videos/qD3IMtAanSg_00046.mp4...
diving48,val,qD3IMtAanSg_00115,data/Diving48_data/videos/qD3IMtAanSg_00115.mp4,11,16,75,2,-1,False,False,0.0,0.0,0.0,3.291480243206024e-05,0,0,0,0,True,Error reading data/Diving48_data/videos/qD3IMtAanSg_00115.mp4...
diving48,val,qD3IMtAanSg_00064,data/Diving48_data/videos/qD3IMtAanSg_00064.mp4,11,16,75,2,-1,False,False,0.0,0.0,0.0,3.293505869805813e-05,0,0,0,0,True,Error reading data/Diving48_data/videos/qD3IMtAanSg_00064.mp4...
diving48,val,qD3IMtAanSg_00062,data/Diving48_data/videos/qD3IMtAanSg_00062.mp4,11,16,75,2,-1,False,False,0.0,0.0,0.0,3.2550888136029243e-05,0,0,0,0,True,Error reading data/Diving48_data/videos/qD3IMtAanSg_00062.mp4...
diving48,val,qD3IMtAanSg_00066,data/Diving48_data/videos/qD3IMtAanSg_00066.mp4,11,16,75,2,-1,False,False,0.0,0.0,0.0,3.28610185533762e-05,0,0,0,0,True,Error reading data/Diving48_data/videos/qD3IMtAanSg_00066.mp4...
diving48,val,qD3IMtAanSg_00112,data/Diving48_data/videos/qD3IMtAanSg_00112.mp4,11,16,75,2,-1,False,False,0.0,0.0,0.0,3.279605880379677e-05,0,0,0,0,True,Error reading data/Diving48_data/videos/qD3IMtAanSg_00112.mp4...
diving48,val,qD3IMtAanSg_00065,data/Diving48_data/videos/qD3IMtAanSg_00065.mp4,11,16,75,2,-1,False,False,0.0,0.0,0.0,3.240583464503288e-05,0,0,0,0,True,Error reading data/Diving48_data/videos/qD3IMtAanSg_00065.mp4...
diving48,val,qD3IMtAanSg_00113,data/Diving48_data/videos/qD3IMtAanSg_00113.mp4,11,16,75,2,-1,False,False,0.0,0.0,0.0,3.285100683569908e-05,0,0,0,0,True,Error reading data/Diving48_data/videos/qD3IMtAanSg_00113.mp4...
diving48,val,zBXtMcI41z8_00058,data/Diving48_data/videos/zBXtMcI41z8_00058.mp4,11,16,75,2,-1,False,False,0.0,0.0,0.0,3.239116631448269e-05,0,0,0,0,True,Error reading data/Diving48_data/videos/zBXtMcI41z8_00058.mp4...
diving48,val,zBXtMcI41z8_00059,data/Diving48_data/videos/zBXtMcI41z8_00059.mp4,11,16,75,2,-1,False,False,0.0,0.0,0.0,3.4008873626589775e-05,0,0,0,0,True,Error reading data/Diving48_data/videos/zBXtMcI41z8_00059.mp4...
diving48,val,zBXtMcI41z8_00057,data/Diving48_data/videos/zBXtMcI41z8_00057.mp4,11,16,75,2,-1,False,False,0.0,0.0,0.0,3.2559968531131744e-05,0,0,0,0,True,Error reading data/Diving48_data/videos/zBXtMcI41z8_00057.mp4...
diving48,val,qD3IMtAanSg_00114,data/Diving48_data/videos/qD3IMtAanSg_00114.mp4,11,16,75,2,-1,False,False,0.0,0.0,0.0,3.325100988149643e-05,0,0,0,0,True,Error reading data/Diving48_data/videos/qD3IMtAanSg_00114.mp4...
diving48,val,qD3IMtAanSg_00045,data/Diving48_data/videos/qD3IMtAanSg_00045.mp4,11,16,75,2,-1,False,False,0.0,0.0,0.0,3.219512291252613e-05,0,0,0,0,True,Error reading data/Diving48_data/videos/qD3IMtAanSg_00045.mp4...
diving48,val,qD3IMtAanSg_00111,data/Diving48_data/videos/qD3IMtAanSg_00111.mp4,11,16,75,2,-1,False,False,0.0,0.0,0.0,3.200606442987919e-05,0,0,0,0,True,Error reading data/Diving48_data/videos/qD3IMtAanSg_00111.mp4...
diving48,val,sFO6XlfgxNQ_00094,data/Diving48_data/videos/sFO6XlfgxNQ_00094.mp4,12,16,75,2,-1,False,False,0.0,0.0,0.0,3.227405250072479e-05,0,0,0,0,True,Error reading data/Diving48_data/videos/sFO6XlfgxNQ_00094.mp4...
diving48,val,zBXtMcI41z8_00042,data/Diving48_data/videos/zBXtMcI41z8_00042.mp4,12,16,75,2,-1,False,False,0.0,0.0,0.0,3.1706877052783966e-05,0,0,0,0,True,Error reading data/Diving48_data/videos/zBXtMcI41z8_00042.mp4...
diving48,val,zBXtMcI41z8_00041,data/Diving48_data/videos/zBXtMcI41z8_00041.mp4,12,16,75,2,-1,False,False,0.0,0.0,0.0,3.3250078558921814e-05,0,0,0,0,True,Error reading data/Diving48_data/videos/zBXtMcI41z8_00041.mp4...
diving48,val,sFO6XlfgxNQ_00093,data/Diving48_data/videos/sFO6XlfgxNQ_00093.mp4,12,16,75,2,-1,False,False,0.0,0.0,0.0,3.312411718070507e-05,0,0,0,0,True,Error reading data/Diving48_data/videos/sFO6XlfgxNQ_00093.mp4...
diving48,val,sFO6XlfgxNQ_00101,data/Diving48_data/videos/sFO6XlfgxNQ_00101.mp4,12,16,75,2,-1,False,False,0.0,0.0,0.0,3.2729003578424454e-05,0,0,0,0,True,Error reading data/Diving48_data/videos/sFO6XlfgxNQ_00101.mp4...
diving48,val,XfCaMLlyj9I_00107,data/Diving48_data/videos/XfCaMLlyj9I_00107.mp4,12,16,75,2,-1,False,False,0.0,0.0,0.0,3.260001540184021e-05,0,0,0,0,True,Error reading data/Diving48_data/videos/XfCaMLlyj9I_00107.mp4...
diving48,val,zBXtMcI41z8_00050,data/Diving48_data/videos/zBXtMcI41z8_00050.mp4,12,16,75,2,-1,False,False,0.0,0.0,0.0,3.292900510132313e-05,0,0,0,0,True,Error reading data/Diving48_data/videos/zBXtMcI41z8_00050.mp4...
diving48,val,jMEYIEYkpY0_00065,data/Diving48_data/videos/jMEYIEYkpY0_00065.mp4,12,16,75,2,-1,False,False,0.0,0.0,0.0,3.253086470067501e-05,0,0,0,0,True,Error reading data/Diving48_data/videos/jMEYIEYkpY0_00065.mp4...
diving48,val,sFO6XlfgxNQ_00083,data/Diving48_data/videos/sFO6XlfgxNQ_00083.mp4,12,16,75,2,-1,False,False,0.0,0.0,0.0,3.2776035368442535e-05,0,0,0,0,True,Error reading data/Diving48_data/videos/sFO6XlfgxNQ_00083.mp4...
diving48,val,XfCaMLlyj9I_00110,data/Diving48_data/videos/XfCaMLlyj9I_00110.mp4,12,16,75,2,-1,False,False,0.0,0.0,0.0,3.2315030694007874e-05,0,0,0,0,True,Error reading data/Diving48_data/videos/XfCaMLlyj9I_00110.mp4...
diving48,val,jMEYIEYkpY0_00049,data/Diving48_data/videos/jMEYIEYkpY0_00049.mp4,12,16,75,2,-1,False,False,0.0,0.0,0.0,3.265310078859329e-05,0,0,0,0,True,Error reading data/Diving48_data/videos/jMEYIEYkpY0_00049.mp4...
diving48,val,sFO6XlfgxNQ_00092,data/Diving48_data/videos/sFO6XlfgxNQ_00092.mp4,12,16,75,2,-1,False,False,0.0,0.0,0.0,3.306800499558449e-05,0,0,0,0,True,Error reading data/Diving48_data/videos/sFO6XlfgxNQ_00092.mp4...
diving48,val,jMEYIEYkpY0_00047,data/Diving48_data/videos/jMEYIEYkpY0_00047.mp4,12,16,75,2,-1,False,False,0.0,0.0,0.0,3.289105370640755e-05,0,0,0,0,True,Error reading data/Diving48_data/videos/jMEYIEYkpY0_00047.mp4...
diving48,val,sFO6XlfgxNQ_00085,data/Diving48_data/videos/sFO6XlfgxNQ_00085.mp4,12,16,75,2,-1,False,False,0.0,0.0,0.0,3.234203904867172e-05,0,0,0,0,True,Error reading data/Diving48_data/videos/sFO6XlfgxNQ_00085.mp4...
diving48,val,sFO6XlfgxNQ_00084,data/Diving48_data/videos/sFO6XlfgxNQ_00084.mp4,12,16,75,2,-1,False,False,0.0,0.0,0.0,3.295089118182659e-05,0,0,0,0,True,Error reading data/Diving48_data/videos/sFO6XlfgxNQ_00084.mp4...
diving48,val,zBXtMcI41z8_00052,data/Diving48_data/videos/zBXtMcI41z8_00052.mp4,12,16,75,2,-1,False,False,0.0,0.0,0.0,3.26838344335556e-05,0,0,0,0,True,Error reading data/Diving48_data/videos/zBXtMcI41z8_00052.mp4...
diving48,val,roFeEJPgJD8_00033,data/Diving48_data/videos/roFeEJPgJD8_00033.mp4,12,16,75,2,-1,False,False,0.0,0.0,0.0,3.295391798019409e-05,0,0,0,0,True,Error reading data/Diving48_data/videos/roFeEJPgJD8_00033.mp4...
diving48,val,roFeEJPgJD8_00015,data/Diving48_data/videos/roFeEJPgJD8_00015.mp4,12,16,75,2,-1,False,False,0.0,0.0,0.0,3.23678832501173e-05,0,0,0,0,True,Error reading data/Diving48_data/videos/roFeEJPgJD8_00015.mp4...
diving48,val,sFO6XlfgxNQ_00102,data/Diving48_data/videos/sFO6XlfgxNQ_00102.mp4,12,16,75,2,-1,False,False,0.0,0.0,0.0,3.223400563001633e-05,0,0,0,0,True,Error reading data/Diving48_data/videos/sFO6XlfgxNQ_00102.mp4...
diving48,val,jMEYIEYkpY0_00048,data/Diving48_data/videos/jMEYIEYkpY0_00048.mp4,12,16,75,2,-1,False,False,0.0,0.0,0.0,3.253389149904251e-05,0,0,0,0,True,Error reading data/Diving48_data/videos/jMEYIEYkpY0_00048.mp4...
diving48,val,qD3IMtAanSg_00138,data/Diving48_data/videos/qD3IMtAanSg_00138.mp4,13,16,75,2,-1,False,False,0.0,0.0,0.0,5.3104013204574585e-05,0,0,0,0,True,Error reading data/Diving48_data/videos/qD3IMtAanSg_00138.mp4...
diving48,val,qD3IMtAanSg_00137,data/Diving48_data/videos/qD3IMtAanSg_00137.mp4,13,16,75,2,-1,False,False,0.0,0.0,0.0,3.339187242090702e-05,0,0,0,0,True,Error reading data/Diving48_data/videos/qD3IMtAanSg_00137.mp4...
diving48,val,qD3IMtAanSg_00101,data/Diving48_data/videos/qD3IMtAanSg_00101.mp4,13,16,75,2,-1,False,False,0.0,0.0,0.0,3.2332027330994606e-05,0,0,0,0,True,Error reading data/Diving48_data/videos/qD3IMtAanSg_00101.mp4...
diving48,val,qD3IMtAanSg_00009,data/Diving48_data/videos/qD3IMtAanSg_00009.mp4,13,16,75,2,-1,False,False,0.0,0.0,0.0,3.388687036931515e-05,0,0,0,0,True,Error reading data/Diving48_data/videos/qD3IMtAanSg_00009.mp4...
diving48,val,qD3IMtAanSg_00102,data/Diving48_data/videos/qD3IMtAanSg_00102.mp4,13,16,75,2,-1,False,False,0.0,0.0,0.0,3.2624928280711174e-05,0,0,0,0,True,Error reading data/Diving48_data/videos/qD3IMtAanSg_00102.mp4...
diving48,val,qD3IMtAanSg_00136,data/Diving48_data/videos/qD3IMtAanSg_00136.mp4,13,16,75,2,-1,False,False,0.0,0.0,0.0,3.2153911888599396e-05,0,0,0,0,True,Error reading data/Diving48_data/videos/qD3IMtAanSg_00136.mp4...
diving48,val,qD3IMtAanSg_00008,data/Diving48_data/videos/qD3IMtAanSg_00008.mp4,13,16,75,2,-1,False,False,0.0,0.0,0.0,3.199093043804169e-05,0,0,0,0,True,Error reading data/Diving48_data/videos/qD3IMtAanSg_00008.mp4...
diving48,val,qD3IMtAanSg_00034,data/Diving48_data/videos/qD3IMtAanSg_00034.mp4,13,16,75,2,-1,False,False,0.0,0.0,0.0,3.2122014090418816e-05,0,0,0,0,True,Error reading data/Diving48_data/videos/qD3IMtAanSg_00034.mp4...
diving48,val,qD3IMtAanSg_00027,data/Diving48_data/videos/qD3IMtAanSg_00027.mp4,13,16,75,2,-1,False,False,0.0,0.0,0.0,3.186007961630821e-05,0,0,0,0,True,Error reading data/Diving48_data/videos/qD3IMtAanSg_00027.mp4...
diving48,val,qD3IMtAanSg_00028,data/Diving48_data/videos/qD3IMtAanSg_00028.mp4,13,16,75,2,-1,False,False,0.0,0.0,0.0,3.2352982088923454e-05,0,0,0,0,True,Error reading data/Diving48_data/videos/qD3IMtAanSg_00028.mp4...
diving48,val,qD3IMtAanSg_00033,data/Diving48_data/videos/qD3IMtAanSg_00033.mp4,13,16,75,2,-1,False,False,0.0,0.0,0.0,3.250199370086193e-05,0,0,0,0,True,Error reading data/Diving48_data/videos/qD3IMtAanSg_00033.mp4...
diving48,val,qD3IMtAanSg_00010,data/Diving48_data/videos/qD3IMtAanSg_00010.mp4,13,16,75,2,-1,False,False,0.0,0.0,0.0,3.208196721971035e-05,0,0,0,0,True,Error reading data/Diving48_data/videos/qD3IMtAanSg_00010.mp4...
diving48,val,roFeEJPgJD8_00014,data/Diving48_data/videos/roFeEJPgJD8_00014.mp4,14,16,75,2,-1,False,False,0.0,0.0,0.0,3.2735057175159454e-05,0,0,0,0,True,Error reading data/Diving48_data/videos/roFeEJPgJD8_00014.mp4...
diving48,val,jMEYIEYkpY0_00089,data/Diving48_data/videos/jMEYIEYkpY0_00089.mp4,14,16,75,2,-1,False,False,0.0,0.0,0.0,3.289896994829178e-05,0,0,0,0,True,Error reading data/Diving48_data/videos/jMEYIEYkpY0_00089.mp4...
diving48,val,ovWCmIMMkRI_00002,data/Diving48_data/videos/ovWCmIMMkRI_00002.mp4,15,16,75,2,-1,False,False,0.0,0.0,0.0,3.28610185533762e-05,0,0,0,0,True,Error reading data/Diving48_data/videos/ovWCmIMMkRI_00002.mp4...
diving48,val,k71Cc-Sm-Mg_00155,data/Diving48_data/videos/k71Cc-Sm-Mg_00155.mp4,15,16,75,2,-1,False,False,0.0,0.0,0.0,3.2657990232110023e-05,0,0,0,0,True,Error reading data/Diving48_data/videos/k71Cc-Sm-Mg_00155.mp4...
diving48,val,XfCaMLlyj9I_00049,data/Diving48_data/videos/XfCaMLlyj9I_00049.mp4,15,16,75,2,-1,False,False,0.0,0.0,0.0,3.302912227809429e-05,0,0,0,0,True,Error reading data/Diving48_data/videos/XfCaMLlyj9I_00049.mp4...
diving48,val,Le6xdQ2OO8w_00058,data/Diving48_data/videos/Le6xdQ2OO8w_00058.mp4,15,16,75,2,-1,False,False,0.0,0.0,0.0,3.2131094485521317e-05,0,0,0,0,True,Error reading data/Diving48_data/videos/Le6xdQ2OO8w_00058.mp4...
diving48,val,k71Cc-Sm-Mg_00122,data/Diving48_data/videos/k71Cc-Sm-Mg_00122.mp4,15,16,75,2,-1,False,False,0.0,0.0,0.0,3.314996138215065e-05,0,0,0,0,True,Error reading data/Diving48_data/videos/k71Cc-Sm-Mg_00122.mp4...
diving48,val,Le6xdQ2OO8w_00079,data/Diving48_data/videos/Le6xdQ2OO8w_00079.mp4,15,16,75,2,-1,False,False,0.0,0.0,0.0,3.685802221298218e-05,0,0,0,0,True,Error reading data/Diving48_data/videos/Le6xdQ2OO8w_00079.mp4...
diving48,val,XfCaMLlyj9I_00010,data/Diving48_data/videos/XfCaMLlyj9I_00010.mp4,15,16,75,2,-1,False,False,0.0,0.0,0.0,3.2729003578424454e-05,0,0,0,0,True,Error reading data/Diving48_data/videos/XfCaMLlyj9I_00010.mp4...
diving48,val,zBXtMcI41z8_00017,data/Diving48_data/videos/zBXtMcI41z8_00017.mp4,15,16,75,2,-1,False,False,0.0,0.0,0.0,3.250897862017155e-05,0,0,0,0,True,Error reading data/Diving48_data/videos/zBXtMcI41z8_00017.mp4...
diving48,val,XfCaMLlyj9I_00051,data/Diving48_data/videos/XfCaMLlyj9I_00051.mp4,15,16,75,2,-1,False,False,0.0,0.0,0.0,3.266613930463791e-05,0,0,0,0,True,Error reading data/Diving48_data/videos/XfCaMLlyj9I_00051.mp4...
diving48,val,bSsVWVfYU4w_00026,data/Diving48_data/videos/bSsVWVfYU4w_00026.mp4,15,16,75,2,-1,False,False,0.0,0.0,0.0,3.278697840869427e-05,0,0,0,0,True,Error reading data/Diving48_data/videos/bSsVWVfYU4w_00026.mp4...
diving48,val,k71Cc-Sm-Mg_00001,data/Diving48_data/videos/k71Cc-Sm-Mg_00001.mp4,15,16,75,2,-1,False,False,0.0,0.0,0.0,3.299489617347717e-05,0,0,0,0,True,Error reading data/Diving48_data/videos/k71Cc-Sm-Mg_00001.mp4...
diving48,val,k71Cc-Sm-Mg_00129,data/Diving48_data/videos/k71Cc-Sm-Mg_00129.mp4,15,16,75,2,-1,False,False,0.0,0.0,0.0,3.324192948639393e-05,0,0,0,0,True,Error reading data/Diving48_data/videos/k71Cc-Sm-Mg_00129.mp4...
diving48,val,k71Cc-Sm-Mg_00007,data/Diving48_data/videos/k71Cc-Sm-Mg_00007.mp4,15,16,75,2,-1,False,False,0.0,0.0,0.0,3.2501062378287315e-05,0,0,0,0,True,Error reading data/Diving48_data/videos/k71Cc-Sm-Mg_00007.mp4...
diving48,val,XfCaMLlyj9I_00028,data/Diving48_data/videos/XfCaMLlyj9I_00028.mp4,15,16,75,2,-1,False,False,0.0,0.0,0.0,3.27439047396183e-05,0,0,0,0,True,Error reading data/Diving48_data/videos/XfCaMLlyj9I_00028.mp4...
diving48,val,XfCaMLlyj9I_00002,data/Diving48_data/videos/XfCaMLlyj9I_00002.mp4,15,16,75,2,-1,False,False,0.0,0.0,0.0,3.233901225030422e-05,0,0,0,0,True,Error reading data/Diving48_data/videos/XfCaMLlyj9I_00002.mp4...
diving48,val,k71Cc-Sm-Mg_00131,data/Diving48_data/videos/k71Cc-Sm-Mg_00131.mp4,15,16,75,2,-1,False,False,0.0,0.0,0.0,3.2474054023623466e-05,0,0,0,0,True,Error reading data/Diving48_data/videos/k71Cc-Sm-Mg_00131.mp4...
diving48,val,ovWCmIMMkRI_00003,data/Diving48_data/videos/ovWCmIMMkRI_00003.mp4,15,16,75,2,-1,False,False,0.0,0.0,0.0,3.4247059375047684e-05,0,0,0,0,True,Error reading data/Diving48_data/videos/ovWCmIMMkRI_00003.mp4...
diving48,val,Le6xdQ2OO8w_00063,data/Diving48_data/videos/Le6xdQ2OO8w_00063.mp4,15,16,75,2,-1,False,False,0.0,0.0,0.0,3.295880742371082e-05,0,0,0,0,True,Error reading data/Diving48_data/videos/Le6xdQ2OO8w_00063.mp4...
diving48,val,k71Cc-Sm-Mg_00141,data/Diving48_data/videos/k71Cc-Sm-Mg_00141.mp4,15,16,75,2,-1,False,False,0.0,0.0,0.0,3.2976968213915825e-05,0,0,0,0,True,Error reading data/Diving48_data/videos/k71Cc-Sm-Mg_00141.mp4...
diving48,val,Le6xdQ2OO8w_00030,data/Diving48_data/videos/Le6xdQ2OO8w_00030.mp4,15,16,75,2,-1,False,False,0.0,0.0,0.0,3.2935990020632744e-05,0,0,0,0,True,Error reading data/Diving48_data/videos/Le6xdQ2OO8w_00030.mp4...
diving48,val,zBXtMcI41z8_00103,data/Diving48_data/videos/zBXtMcI41z8_00103.mp4,16,16,75,2,-1,False,False,0.0,0.0,0.0,3.287987783551216e-05,0,0,0,0,True,Error reading data/Diving48_data/videos/zBXtMcI41z8_00103.mp4...
diving48,val,Le6xdQ2OO8w_00028,data/Diving48_data/videos/Le6xdQ2OO8w_00028.mp4,16,16,75,2,-1,False,False,0.0,0.0,0.0,3.251712769269943e-05,0,0,0,0,True,Error reading data/Diving48_data/videos/Le6xdQ2OO8w_00028.mp4...
diving48,val,ovWCmIMMkRI_00021,data/Diving48_data/videos/ovWCmIMMkRI_00021.mp4,16,16,75,2,-1,False,False,0.0,0.0,0.0,3.2646115869283676e-05,0,0,0,0,True,Error reading data/Diving48_data/videos/ovWCmIMMkRI_00021.mp4...
diving48,val,MbzIpx8kAD0_00046,data/Diving48_data/videos/MbzIpx8kAD0_00046.mp4,16,16,75,2,-1,False,False,0.0,0.0,0.0,3.2398151233792305e-05,0,0,0,0,True,Error reading data/Diving48_data/videos/MbzIpx8kAD0_00046.mp4...
diving48,val,MbzIpx8kAD0_00017,data/Diving48_data/videos/MbzIpx8kAD0_00017.mp4,16,16,75,2,-1,False,False,0.0,0.0,0.0,3.2570911571383476e-05,0,0,0,0,True,Error reading data/Diving48_data/videos/MbzIpx8kAD0_00017.mp4...
diving48,val,bSsVWVfYU4w_00049,data/Diving48_data/videos/bSsVWVfYU4w_00049.mp4,16,16,75,2,-1,False,False,0.0,0.0,0.0,3.2493146136403084e-05,0,0,0,0,True,Error reading data/Diving48_data/videos/bSsVWVfYU4w_00049.mp4...
diving48,val,zBXtMcI41z8_00104,data/Diving48_data/videos/zBXtMcI41z8_00104.mp4,16,16,75,2,-1,False,False,0.0,0.0,0.0,3.282004036009312e-05,0,0,0,0,True,Error reading data/Diving48_data/videos/zBXtMcI41z8_00104.mp4...
diving48,val,CVAfPfVFulQ_00022,data/Diving48_data/videos/CVAfPfVFulQ_00022.mp4,16,16,75,2,-1,False,False,0.0,0.0,0.0,3.302609547972679e-05,0,0,0,0,True,Error reading data/Diving48_data/videos/CVAfPfVFulQ_00022.mp4...
diving48,val,bl0C6d9QgIg_00012,data/Diving48_data/videos/bl0C6d9QgIg_00012.mp4,16,16,75,2,-1,False,False,0.0,0.0,0.0,3.345799632370472e-05,0,0,0,0,True,Error reading data/Diving48_data/videos/bl0C6d9QgIg_00012.mp4...
diving48,val,ovWCmIMMkRI_00036,data/Diving48_data/videos/ovWCmIMMkRI_00036.mp4,16,16,75,2,-1,False,False,0.0,0.0,0.0,3.2396987080574036e-05,0,0,0,0,True,Error reading data/Diving48_data/videos/ovWCmIMMkRI_00036.mp4...
diving48,val,bSsVWVfYU4w_00051,data/Diving48_data/videos/bSsVWVfYU4w_00051.mp4,16,16,75,2,-1,False,False,0.0,0.0,0.0,3.269989974796772e-05,0,0,0,0,True,Error reading data/Diving48_data/videos/bSsVWVfYU4w_00051.mp4...
diving48,val,zBXtMcI41z8_00101,data/Diving48_data/videos/zBXtMcI41z8_00101.mp4,16,16,75,2,-1,False,False,0.0,0.0,0.0,3.3343909308314323e-05,0,0,0,0,True,Error reading data/Diving48_data/videos/zBXtMcI41z8_00101.mp4...
diving48,val,L_SB1PRgDTE_00018,data/Diving48_data/videos/L_SB1PRgDTE_00018.mp4,16,16,75,2,-1,False,False,0.0,0.0,0.0,3.2981857657432556e-05,0,0,0,0,True,Error reading data/Diving48_data/videos/L_SB1PRgDTE_00018.mp4...
diving48,val,bl0C6d9QgIg_00013,data/Diving48_data/videos/bl0C6d9QgIg_00013.mp4,16,16,75,2,-1,False,False,0.0,0.0,0.0,3.331294283270836e-05,0,0,0,0,True,Error reading data/Diving48_data/videos/bl0C6d9QgIg_00013.mp4...
diving48,val,zBXtMcI41z8_00021,data/Diving48_data/videos/zBXtMcI41z8_00021.mp4,16,16,75,2,-1,False,False,0.0,0.0,0.0,3.3043790608644485e-05,0,0,0,0,True,Error reading data/Diving48_data/videos/zBXtMcI41z8_00021.mp4...
diving48,val,CVAfPfVFulQ_00028,data/Diving48_data/videos/CVAfPfVFulQ_00028.mp4,16,16,75,2,-1,False,False,0.0,0.0,0.0,3.2638199627399445e-05,0,0,0,0,True,Error reading data/Diving48_data/videos/CVAfPfVFulQ_00028.mp4...
diving48,val,CVAfPfVFulQ_00015,data/Diving48_data/videos/CVAfPfVFulQ_00015.mp4,16,16,75,2,-1,False,False,0.0,0.0,0.0,3.2610027119517326e-05,0,0,0,0,True,Error reading data/Diving48_data/videos/CVAfPfVFulQ_00015.mp4...
diving48,val,L_SB1PRgDTE_00011,data/Diving48_data/videos/L_SB1PRgDTE_00011.mp4,16,16,75,2,-1,False,False,0.0,0.0,0.0,3.327801823616028e-05,0,0,0,0,True,Error reading data/Diving48_data/videos/L_SB1PRgDTE_00011.mp4...
diving48,val,L_SB1PRgDTE_00012,data/Diving48_data/videos/L_SB1PRgDTE_00012.mp4,16,16,75,2,-1,False,False,0.0,0.0,0.0,3.284798003733158e-05,0,0,0,0,True,Error reading data/Diving48_data/videos/L_SB1PRgDTE_00012.mp4...
diving48,val,bSsVWVfYU4w_00050,data/Diving48_data/videos/bSsVWVfYU4w_00050.mp4,16,16,75,2,-1,False,False,0.0,0.0,0.0,3.266008570790291e-05,0,0,0,0,True,Error reading data/Diving48_data/videos/bSsVWVfYU4w_00050.mp4...
diving48,val,CVAfPfVFulQ_00044,data/Diving48_data/videos/CVAfPfVFulQ_00044.mp4,17,16,75,2,-1,False,False,0.0,0.0,0.0,3.292504698038101e-05,0,0,0,0,True,Error reading data/Diving48_data/videos/CVAfPfVFulQ_00044.mp4...
diving48,val,XfCaMLlyj9I_00055,data/Diving48_data/videos/XfCaMLlyj9I_00055.mp4,17,16,75,2,-1,False,False,0.0,0.0,0.0,3.327289596199989e-05,0,0,0,0,True,Error reading data/Diving48_data/videos/XfCaMLlyj9I_00055.mp4...
diving48,val,Le6xdQ2OO8w_00147,data/Diving48_data/videos/Le6xdQ2OO8w_00147.mp4,17,16,75,2,-1,False,False,0.0,0.0,0.0,3.795791417360306e-05,0,0,0,0,True,Error reading data/Diving48_data/videos/Le6xdQ2OO8w_00147.mp4...
diving48,val,CVAfPfVFulQ_00043,data/Diving48_data/videos/CVAfPfVFulQ_00043.mp4,17,16,75,2,-1,False,False,0.0,0.0,0.0,3.448384813964367e-05,0,0,0,0,True,Error reading data/Diving48_data/videos/CVAfPfVFulQ_00043.mp4...
diving48,val,bSsVWVfYU4w_00093,data/Diving48_data/videos/bSsVWVfYU4w_00093.mp4,17,16,75,2,-1,False,False,0.0,0.0,0.0,3.620004281401634e-05,0,0,0,0,True,Error reading data/Diving48_data/videos/bSsVWVfYU4w_00093.mp4...
diving48,val,Le6xdQ2OO8w_00134,data/Diving48_data/videos/Le6xdQ2OO8w_00134.mp4,17,16,75,2,-1,False,False,0.0,0.0,0.0,3.335019573569298e-05,0,0,0,0,True,Error reading data/Diving48_data/videos/Le6xdQ2OO8w_00134.mp4...
diving48,val,CVAfPfVFulQ_00059,data/Diving48_data/videos/CVAfPfVFulQ_00059.mp4,17,16,75,2,-1,False,False,0.0,0.0,0.0,3.2769981771707535e-05,0,0,0,0,True,Error reading data/Diving48_data/videos/CVAfPfVFulQ_00059.mp4...
diving48,val,cs8g1es4vfM_00003,data/Diving48_data/videos/cs8g1es4vfM_00003.mp4,17,16,75,2,-1,False,False,0.0,0.0,0.0,3.278395161032677e-05,0,0,0,0,True,Error reading data/Diving48_data/videos/cs8g1es4vfM_00003.mp4...
diving48,val,Le6xdQ2OO8w_00133,data/Diving48_data/videos/Le6xdQ2OO8w_00133.mp4,17,16,75,2,-1,False,False,0.0,0.0,0.0,3.3597927540540695e-05,0,0,0,0,True,Error reading data/Diving48_data/videos/Le6xdQ2OO8w_00133.mp4...
diving48,val,mGRum47TLX0_00042,data/Diving48_data/videos/mGRum47TLX0_00042.mp4,17,16,75,2,-1,False,False,0.0,0.0,0.0,3.39350663125515e-05,0,0,0,0,True,Error reading data/Diving48_data/videos/mGRum47TLX0_00042.mp4...
diving48,val,XfCaMLlyj9I_00056,data/Diving48_data/videos/XfCaMLlyj9I_00056.mp4,17,16,75,2,-1,False,False,0.0,0.0,0.0,3.2877083867788315e-05,0,0,0,0,True,Error reading data/Diving48_data/videos/XfCaMLlyj9I_00056.mp4...
diving48,val,XfCaMLlyj9I_00057,data/Diving48_data/videos/XfCaMLlyj9I_00057.mp4,17,16,75,2,-1,False,False,0.0,0.0,0.0,3.196205943822861e-05,0,0,0,0,True,Error reading data/Diving48_data/videos/XfCaMLlyj9I_00057.mp4...
diving48,val,ovWCmIMMkRI_00059,data/Diving48_data/videos/ovWCmIMMkRI_00059.mp4,17,16,75,2,-1,False,False,0.0,0.0,0.0,3.255601041018963e-05,0,0,0,0,True,Error reading data/Diving48_data/videos/ovWCmIMMkRI_00059.mp4...
diving48,val,XfCaMLlyj9I_00054,data/Diving48_data/videos/XfCaMLlyj9I_00054.mp4,17,16,75,2,-1,False,False,0.0,0.0,0.0,3.304891288280487e-05,0,0,0,0,True,Error reading data/Diving48_data/videos/XfCaMLlyj9I_00054.mp4...
diving48,val,bSsVWVfYU4w_00092,data/Diving48_data/videos/bSsVWVfYU4w_00092.mp4,17,16,75,2,-1,False,False,0.0,0.0,0.0,3.2161129638552666e-05,0,0,0,0,True,Error reading data/Diving48_data/videos/bSsVWVfYU4w_00092.mp4...
diving48,val,ovWCmIMMkRI_00060,data/Diving48_data/videos/ovWCmIMMkRI_00060.mp4,17,16,75,2,-1,False,False,0.0,0.0,0.0,3.2777199521660805e-05,0,0,0,0,True,Error reading data/Diving48_data/videos/ovWCmIMMkRI_00060.mp4...
diving48,val,Le6xdQ2OO8w_00148,data/Diving48_data/videos/Le6xdQ2OO8w_00148.mp4,17,16,75,2,-1,False,False,0.0,0.0,0.0,3.186892718076706e-05,0,0,0,0,True,Error reading data/Diving48_data/videos/Le6xdQ2OO8w_00148.mp4...
diving48,val,Le6xdQ2OO8w_00245,data/Diving48_data/videos/Le6xdQ2OO8w_00245.mp4,17,16,75,2,-1,False,False,0.0,0.0,0.0,3.1792791560292244e-05,0,0,0,0,True,Error reading data/Diving48_data/videos/Le6xdQ2OO8w_00245.mp4...
diving48,val,MbzIpx8kAD0_00054,data/Diving48_data/videos/MbzIpx8kAD0_00054.mp4,17,16,75,2,-1,False,False,0.0,0.0,0.0,3.255601041018963e-05,0,0,0,0,True,Error reading data/Diving48_data/videos/MbzIpx8kAD0_00054.mp4...
diving48,val,ovWCmIMMkRI_00061,data/Diving48_data/videos/ovWCmIMMkRI_00061.mp4,17,16,75,2,-1,False,False,0.0,0.0,0.0,3.2739946618676186e-05,0,0,0,0,True,Error reading data/Diving48_data/videos/ovWCmIMMkRI_00061.mp4...
diving48,val,MbzIpx8kAD0_00068,data/Diving48_data/videos/MbzIpx8kAD0_00068.mp4,18,16,75,2,-1,False,False,0.0,0.0,0.0,3.256392665207386e-05,0,0,0,0,True,Error reading data/Diving48_data/videos/MbzIpx8kAD0_00068.mp4...
diving48,val,cs8g1es4vfM_00050,data/Diving48_data/videos/cs8g1es4vfM_00050.mp4,18,16,75,2,-1,False,False,0.0,0.0,0.0,3.347895108163357e-05,0,0,0,0,True,Error reading data/Diving48_data/videos/cs8g1es4vfM_00050.mp4...
diving48,val,cs8g1es4vfM_00000,data/Diving48_data/videos/cs8g1es4vfM_00000.mp4,18,16,75,2,-1,False,False,0.0,0.0,0.0,3.2352982088923454e-05,0,0,0,0,True,Error reading data/Diving48_data/videos/cs8g1es4vfM_00000.mp4...
diving48,val,bSsVWVfYU4w_00117,data/Diving48_data/videos/bSsVWVfYU4w_00117.mp4,18,16,75,2,-1,False,False,0.0,0.0,0.0,3.2591866329312325e-05,0,0,0,0,True,Error reading data/Diving48_data/videos/bSsVWVfYU4w_00117.mp4...
diving48,val,cs8g1es4vfM_00023,data/Diving48_data/videos/cs8g1es4vfM_00023.mp4,18,16,75,2,-1,False,False,0.0,0.0,0.0,3.228709101676941e-05,0,0,0,0,True,Error reading data/Diving48_data/videos/cs8g1es4vfM_00023.mp4...
diving48,val,XfCaMLlyj9I_00152,data/Diving48_data/videos/XfCaMLlyj9I_00152.mp4,18,16,75,2,-1,False,False,0.0,0.0,0.0,3.241305239498615e-05,0,0,0,0,True,Error reading data/Diving48_data/videos/XfCaMLlyj9I_00152.mp4...
diving48,val,yHo2oERGo7A_00090,data/Diving48_data/videos/yHo2oERGo7A_00090.mp4,18,16,75,2,-1,False,False,0.0,0.0,0.0,3.241212107241154e-05,0,0,0,0,True,Error reading data/Diving48_data/videos/yHo2oERGo7A_00090.mp4...
diving48,val,MbzIpx8kAD0_00048,data/Diving48_data/videos/MbzIpx8kAD0_00048.mp4,18,16,75,2,-1,False,False,0.0,0.0,0.0,3.3325981348752975e-05,0,0,0,0,True,Error reading data/Diving48_data/videos/MbzIpx8kAD0_00048.mp4...
diving48,val,yHo2oERGo7A_00092,data/Diving48_data/videos/yHo2oERGo7A_00092.mp4,18,16,75,2,-1,False,False,0.0,0.0,0.0,3.267289139330387e-05,0,0,0,0,True,Error reading data/Diving48_data/videos/yHo2oERGo7A_00092.mp4...
diving48,val,cs8g1es4vfM_00051,data/Diving48_data/videos/cs8g1es4vfM_00051.mp4,18,16,75,2,-1,False,False,0.0,0.0,0.0,3.218301571905613e-05,0,0,0,0,True,Error reading data/Diving48_data/videos/cs8g1es4vfM_00051.mp4...
diving48,val,cs8g1es4vfM_00001,data/Diving48_data/videos/cs8g1es4vfM_00001.mp4,18,16,75,2,-1,False,False,0.0,0.0,0.0,3.2254960387945175e-05,0,0,0,0,True,Error reading data/Diving48_data/videos/cs8g1es4vfM_00001.mp4...
diving48,val,bSsVWVfYU4w_00116,data/Diving48_data/videos/bSsVWVfYU4w_00116.mp4,18,16,75,2,-1,False,False,0.0,0.0,0.0,3.374088555574417e-05,0,0,0,0,True,Error reading data/Diving48_data/videos/bSsVWVfYU4w_00116.mp4...
diving48,val,cs8g1es4vfM_00022,data/Diving48_data/videos/cs8g1es4vfM_00022.mp4,18,16,75,2,-1,False,False,0.0,0.0,0.0,3.3703166991472244e-05,0,0,0,0,True,Error reading data/Diving48_data/videos/cs8g1es4vfM_00022.mp4...
diving48,val,yHo2oERGo7A_00091,data/Diving48_data/videos/yHo2oERGo7A_00091.mp4,18,16,75,2,-1,False,False,0.0,0.0,0.0,3.272294998168945e-05,0,0,0,0,True,Error reading data/Diving48_data/videos/yHo2oERGo7A_00091.mp4...
diving48,val,MbzIpx8kAD0_00007,data/Diving48_data/videos/MbzIpx8kAD0_00007.mp4,19,16,75,2,-1,False,False,0.0,0.0,0.0,3.324192948639393e-05,0,0,0,0,True,Error reading data/Diving48_data/videos/MbzIpx8kAD0_00007.mp4...
diving48,val,bSsVWVfYU4w_00006,data/Diving48_data/videos/bSsVWVfYU4w_00006.mp4,19,16,75,2,-1,False,False,0.0,0.0,0.0,3.2159965485334396e-05,0,0,0,0,True,Error reading data/Diving48_data/videos/bSsVWVfYU4w_00006.mp4...
diving48,val,MbzIpx8kAD0_00038,data/Diving48_data/videos/MbzIpx8kAD0_00038.mp4,19,16,75,2,-1,False,False,0.0,0.0,0.0,3.292202018201351e-05,0,0,0,0,True,Error reading data/Diving48_data/videos/MbzIpx8kAD0_00038.mp4...
diving48,val,TMJ1XIZBRW4_00002,data/Diving48_data/videos/TMJ1XIZBRW4_00002.mp4,19,16,75,2,-1,False,False,0.0,0.0,0.0,3.198999911546707e-05,0,0,0,0,True,Error reading data/Diving48_data/videos/TMJ1XIZBRW4_00002.mp4...
diving48,val,CVAfPfVFulQ_00008,data/Diving48_data/videos/CVAfPfVFulQ_00008.mp4,19,16,75,2,-1,False,False,0.0,0.0,0.0,3.224401734769344e-05,0,0,0,0,True,Error reading data/Diving48_data/videos/CVAfPfVFulQ_00008.mp4...
diving48,val,TMJ1XIZBRW4_00004,data/Diving48_data/videos/TMJ1XIZBRW4_00004.mp4,19,16,75,2,-1,False,False,0.0,0.0,0.0,3.2649142667651176e-05,0,0,0,0,True,Error reading data/Diving48_data/videos/TMJ1XIZBRW4_00004.mp4...
diving48,val,TMJ1XIZBRW4_00030,data/Diving48_data/videos/TMJ1XIZBRW4_00030.mp4,19,16,75,2,-1,False,False,0.0,0.0,0.0,3.481120802462101e-05,0,0,0,0,True,Error reading data/Diving48_data/videos/TMJ1XIZBRW4_00030.mp4...
diving48,val,8qRmKunCjtY_00005,data/Diving48_data/videos/8qRmKunCjtY_00005.mp4,19,16,75,2,-1,False,False,0.0,0.0,0.0,3.3864984288811684e-05,0,0,0,0,True,Error reading data/Diving48_data/videos/8qRmKunCjtY_00005.mp4...
diving48,val,XfCaMLlyj9I_00004,data/Diving48_data/videos/XfCaMLlyj9I_00004.mp4,19,16,75,2,-1,False,False,0.0,0.0,0.0,3.295810893177986e-05,0,0,0,0,True,Error reading data/Diving48_data/videos/XfCaMLlyj9I_00004.mp4...
diving48,val,bSsVWVfYU4w_00001,data/Diving48_data/videos/bSsVWVfYU4w_00001.mp4,19,16,75,2,-1,False,False,0.0,0.0,0.0,3.230804577469826e-05,0,0,0,0,True,Error reading data/Diving48_data/videos/bSsVWVfYU4w_00001.mp4...
diving48,val,MbzIpx8kAD0_00010,data/Diving48_data/videos/MbzIpx8kAD0_00010.mp4,19,16,75,2,-1,False,False,0.0,0.0,0.0,3.232201561331749e-05,0,0,0,0,True,Error reading data/Diving48_data/videos/MbzIpx8kAD0_00010.mp4...
diving48,val,XfCaMLlyj9I_00022,data/Diving48_data/videos/XfCaMLlyj9I_00022.mp4,19,16,75,2,-1,False,False,0.0,0.0,0.0,3.2360898330807686e-05,0,0,0,0,True,Error reading data/Diving48_data/videos/XfCaMLlyj9I_00022.mp4...
diving48,val,ovWCmIMMkRI_00014,data/Diving48_data/videos/ovWCmIMMkRI_00014.mp4,19,16,75,2,-1,False,False,0.0,0.0,0.0,3.250385634601116e-05,0,0,0,0,True,Error reading data/Diving48_data/videos/ovWCmIMMkRI_00014.mp4...
diving48,val,Le6xdQ2OO8w_00012,data/Diving48_data/videos/Le6xdQ2OO8w_00012.mp4,19,16,75,2,-1,False,False,0.0,0.0,0.0,3.343215212225914e-05,0,0,0,0,True,Error reading data/Diving48_data/videos/Le6xdQ2OO8w_00012.mp4...
diving48,val,CVAfPfVFulQ_00010,data/Diving48_data/videos/CVAfPfVFulQ_00010.mp4,19,16,75,2,-1,False,False,0.0,0.0,0.0,3.254902549088001e-05,0,0,0,0,True,Error reading data/Diving48_data/videos/CVAfPfVFulQ_00010.mp4...
diving48,val,CVAfPfVFulQ_00002,data/Diving48_data/videos/CVAfPfVFulQ_00002.mp4,19,16,75,2,-1,False,False,0.0,0.0,0.0,3.21781262755394e-05,0,0,0,0,True,Error reading data/Diving48_data/videos/CVAfPfVFulQ_00002.mp4...
diving48,val,XfCaMLlyj9I_00023,data/Diving48_data/videos/XfCaMLlyj9I_00023.mp4,19,16,75,2,-1,False,False,0.0,0.0,0.0,3.165192902088165e-05,0,0,0,0,True,Error reading data/Diving48_data/videos/XfCaMLlyj9I_00023.mp4...
diving48,val,zBXtMcI41z8_00009,data/Diving48_data/videos/zBXtMcI41z8_00009.mp4,19,16,75,2,-1,False,False,0.0,0.0,0.0,3.217882476747036e-05,0,0,0,0,True,Error reading data/Diving48_data/videos/zBXtMcI41z8_00009.mp4...
diving48,val,CVAfPfVFulQ_00007,data/Diving48_data/videos/CVAfPfVFulQ_00007.mp4,19,16,75,2,-1,False,False,0.0,0.0,0.0,3.153202123939991e-05,0,0,0,0,True,Error reading data/Diving48_data/videos/CVAfPfVFulQ_00007.mp4...
diving48,val,MbzIpx8kAD0_00006,data/Diving48_data/videos/MbzIpx8kAD0_00006.mp4,19,16,75,2,-1,False,False,0.0,0.0,0.0,3.299815580248833e-05,0,0,0,0,True,Error reading data/Diving48_data/videos/MbzIpx8kAD0_00006.mp4...
diving48,val,jMEYIEYkpY0_00003,data/Diving48_data/videos/jMEYIEYkpY0_00003.mp4,20,16,75,2,-1,False,False,0.0,0.0,0.0,3.279908560216427e-05,0,0,0,0,True,Error reading data/Diving48_data/videos/jMEYIEYkpY0_00003.mp4...
diving48,val,mGRum47TLX0_00039,data/Diving48_data/videos/mGRum47TLX0_00039.mp4,20,16,75,2,-1,False,False,0.0,0.0,0.0,3.1727831810712814e-05,0,0,0,0,True,Error reading data/Diving48_data/videos/mGRum47TLX0_00039.mp4...
diving48,val,mGRum47TLX0_00034,data/Diving48_data/videos/mGRum47TLX0_00034.mp4,20,16,75,2,-1,False,False,0.0,0.0,0.0,3.2392097637057304e-05,0,0,0,0,True,Error reading data/Diving48_data/videos/mGRum47TLX0_00034.mp4...
diving48,val,mGRum47TLX0_00041,data/Diving48_data/videos/mGRum47TLX0_00041.mp4,20,16,75,2,-1,False,False,0.0,0.0,0.0,3.191595897078514e-05,0,0,0,0,True,Error reading data/Diving48_data/videos/mGRum47TLX0_00041.mp4...
diving48,val,bSsVWVfYU4w_00101,data/Diving48_data/videos/bSsVWVfYU4w_00101.mp4,20,16,75,2,-1,False,False,0.0,0.0,0.0,3.410293720662594e-05,0,0,0,0,True,Error reading data/Diving48_data/videos/bSsVWVfYU4w_00101.mp4...
diving48,val,mGRum47TLX0_00043,data/Diving48_data/videos/mGRum47TLX0_00043.mp4,20,16,75,2,-1,False,False,0.0,0.0,0.0,3.378489054739475e-05,0,0,0,0,True,Error reading data/Diving48_data/videos/mGRum47TLX0_00043.mp4...
diving48,val,TMJ1XIZBRW4_00033,data/Diving48_data/videos/TMJ1XIZBRW4_00033.mp4,20,16,75,2,-1,False,False,0.0,0.0,0.0,3.302283585071564e-05,0,0,0,0,True,Error reading data/Diving48_data/videos/TMJ1XIZBRW4_00033.mp4...
diving48,val,CVAfPfVFulQ_00039,data/Diving48_data/videos/CVAfPfVFulQ_00039.mp4,20,16,75,2,-1,False,False,0.0,0.0,0.0,3.210781142115593e-05,0,0,0,0,True,Error reading data/Diving48_data/videos/CVAfPfVFulQ_00039.mp4...
diving48,val,CVAfPfVFulQ_00077,data/Diving48_data/videos/CVAfPfVFulQ_00077.mp4,20,16,75,2,-1,False,False,0.0,0.0,0.0,3.166496753692627e-05,0,0,0,0,True,Error reading data/Diving48_data/videos/CVAfPfVFulQ_00077.mp4...
diving48,val,sexZ6VnZ9yc_00000,data/Diving48_data/videos/sexZ6VnZ9yc_00000.mp4,20,16,75,2,-1,False,False,0.0,0.0,0.0,3.21720726788044e-05,0,0,0,0,True,Error reading data/Diving48_data/videos/sexZ6VnZ9yc_00000.mp4...
diving48,val,MbzIpx8kAD0_00015,data/Diving48_data/videos/MbzIpx8kAD0_00015.mp4,20,16,75,2,-1,False,False,0.0,0.0,0.0,3.261910751461983e-05,0,0,0,0,True,Error reading data/Diving48_data/videos/MbzIpx8kAD0_00015.mp4...
diving48,val,CVAfPfVFulQ_00072,data/Diving48_data/videos/CVAfPfVFulQ_00072.mp4,20,16,75,2,-1,False,False,0.0,0.0,0.0,3.245682455599308e-05,0,0,0,0,True,Error reading data/Diving48_data/videos/CVAfPfVFulQ_00072.mp4...
diving48,val,jMEYIEYkpY0_00002,data/Diving48_data/videos/jMEYIEYkpY0_00002.mp4,20,16,75,2,-1,False,False,0.0,0.0,0.0,3.4461962059140205e-05,0,0,0,0,True,Error reading data/Diving48_data/videos/jMEYIEYkpY0_00002.mp4...
diving48,val,TMJ1XIZBRW4_00027,data/Diving48_data/videos/TMJ1XIZBRW4_00027.mp4,20,16,75,2,-1,False,False,0.0,0.0,0.0,3.248010762035847e-05,0,0,0,0,True,Error reading data/Diving48_data/videos/TMJ1XIZBRW4_00027.mp4...
diving48,val,MbzIpx8kAD0_00029,data/Diving48_data/videos/MbzIpx8kAD0_00029.mp4,20,16,75,2,-1,False,False,0.0,0.0,0.0,3.270711749792099e-05,0,0,0,0,True,Error reading data/Diving48_data/videos/MbzIpx8kAD0_00029.mp4...
diving48,val,mGRum47TLX0_00035,data/Diving48_data/videos/mGRum47TLX0_00035.mp4,20,16,75,2,-1,False,False,0.0,0.0,0.0,3.2769981771707535e-05,0,0,0,0,True,Error reading data/Diving48_data/videos/mGRum47TLX0_00035.mp4...
diving48,val,CVAfPfVFulQ_00031,data/Diving48_data/videos/CVAfPfVFulQ_00031.mp4,20,16,75,2,-1,False,False,0.0,0.0,0.0,3.214390017092228e-05,0,0,0,0,True,Error reading data/Diving48_data/videos/CVAfPfVFulQ_00031.mp4...
diving48,val,jMEYIEYkpY0_00004,data/Diving48_data/videos/jMEYIEYkpY0_00004.mp4,20,16,75,2,-1,False,False,0.0,0.0,0.0,3.222888335585594e-05,0,0,0,0,True,Error reading data/Diving48_data/videos/jMEYIEYkpY0_00004.mp4...
diving48,val,CVAfPfVFulQ_00033,data/Diving48_data/videos/CVAfPfVFulQ_00033.mp4,20,16,75,2,-1,False,False,0.0,0.0,0.0,3.3488962799310684e-05,0,0,0,0,True,Error reading data/Diving48_data/videos/CVAfPfVFulQ_00033.mp4...
diving48,val,MbzIpx8kAD0_00040,data/Diving48_data/videos/MbzIpx8kAD0_00040.mp4,20,16,75,2,-1,False,False,0.0,0.0,0.0,3.218604251742363e-05,0,0,0,0,True,Error reading data/Diving48_data/videos/MbzIpx8kAD0_00040.mp4...
diving48,val,rRw7peH60Yw_00008,data/Diving48_data/videos/rRw7peH60Yw_00008.mp4,21,16,75,2,-1,False,False,0.0,0.0,0.0,3.248220309615135e-05,0,0,0,0,True,Error reading data/Diving48_data/videos/rRw7peH60Yw_00008.mp4...
diving48,val,jMEYIEYkpY0_00022,data/Diving48_data/videos/jMEYIEYkpY0_00022.mp4,21,16,75,2,-1,False,False,0.0,0.0,0.0,3.2908981665968895e-05,0,0,0,0,True,Error reading data/Diving48_data/videos/jMEYIEYkpY0_00022.mp4...
diving48,val,8qRmKunCjtY_00014,data/Diving48_data/videos/8qRmKunCjtY_00014.mp4,21,16,75,2,-1,False,False,0.0,0.0,0.0,3.21660190820694e-05,0,0,0,0,True,Error reading data/Diving48_data/videos/8qRmKunCjtY_00014.mp4...
diving48,val,SbzcCzXjYSU_00062,data/Diving48_data/videos/SbzcCzXjYSU_00062.mp4,21,16,75,2,-1,False,False,0.0,0.0,0.0,3.4185824915766716e-05,0,0,0,0,True,Error reading data/Diving48_data/videos/SbzcCzXjYSU_00062.mp4...
diving48,val,yHo2oERGo7A_00041,data/Diving48_data/videos/yHo2oERGo7A_00041.mp4,21,16,75,2,-1,False,False,0.0,0.0,0.0,3.191106952726841e-05,0,0,0,0,True,Error reading data/Diving48_data/videos/yHo2oERGo7A_00041.mp4...
diving48,val,zmacW6f2Tdk_00031,data/Diving48_data/videos/zmacW6f2Tdk_00031.mp4,21,16,75,2,-1,False,False,0.0,0.0,0.0,3.293692134320736e-05,0,0,0,0,True,Error reading data/Diving48_data/videos/zmacW6f2Tdk_00031.mp4...
diving48,val,jMEYIEYkpY0_00023,data/Diving48_data/videos/jMEYIEYkpY0_00023.mp4,21,16,75,2,-1,False,False,0.0,0.0,0.0,3.2542040571570396e-05,0,0,0,0,True,Error reading data/Diving48_data/videos/jMEYIEYkpY0_00023.mp4...
diving48,val,zmacW6f2Tdk_00000,data/Diving48_data/videos/zmacW6f2Tdk_00000.mp4,21,16,75,2,-1,False,False,0.0,0.0,0.0,3.235996700823307e-05,0,0,0,0,True,Error reading data/Diving48_data/videos/zmacW6f2Tdk_00000.mp4...
diving48,val,zmacW6f2Tdk_00020,data/Diving48_data/videos/zmacW6f2Tdk_00020.mp4,21,16,75,2,-1,False,False,0.0,0.0,0.0,3.244588151574135e-05,0,0,0,0,True,Error reading data/Diving48_data/videos/zmacW6f2Tdk_00020.mp4...
diving48,val,yHo2oERGo7A_00020,data/Diving48_data/videos/yHo2oERGo7A_00020.mp4,21,16,75,2,-1,False,False,0.0,0.0,0.0,3.233482129871845e-05,0,0,0,0,True,Error reading data/Diving48_data/videos/yHo2oERGo7A_00020.mp4...
diving48,val,XfCaMLlyj9I_00058,data/Diving48_data/videos/XfCaMLlyj9I_00058.mp4,21,16,75,2,-1,False,False,0.0,0.0,0.0,3.325589932501316e-05,0,0,0,0,True,Error reading data/Diving48_data/videos/XfCaMLlyj9I_00058.mp4...
diving48,val,yHo2oERGo7A_00042,data/Diving48_data/videos/yHo2oERGo7A_00042.mp4,21,16,75,2,-1,False,False,0.0,0.0,0.0,3.38749960064888e-05,0,0,0,0,True,Error reading data/Diving48_data/videos/yHo2oERGo7A_00042.mp4...
diving48,val,zmacW6f2Tdk_00032,data/Diving48_data/videos/zmacW6f2Tdk_00032.mp4,21,16,75,2,-1,False,False,0.0,0.0,0.0,3.589410334825516e-05,0,0,0,0,True,Error reading data/Diving48_data/videos/zmacW6f2Tdk_00032.mp4...
diving48,val,cs8g1es4vfM_00038,data/Diving48_data/videos/cs8g1es4vfM_00038.mp4,21,16,75,2,-1,False,False,0.0,0.0,0.0,3.266194835305214e-05,0,0,0,0,True,Error reading data/Diving48_data/videos/cs8g1es4vfM_00038.mp4...
diving48,val,cs8g1es4vfM_00053,data/Diving48_data/videos/cs8g1es4vfM_00053.mp4,21,16,75,2,-1,False,False,0.0,0.0,0.0,3.233994357287884e-05,0,0,0,0,True,Error reading data/Diving48_data/videos/cs8g1es4vfM_00053.mp4...
diving48,val,jMEYIEYkpY0_00020,data/Diving48_data/videos/jMEYIEYkpY0_00020.mp4,21,16,75,2,-1,False,False,0.0,0.0,0.0,3.288802690804005e-05,0,0,0,0,True,Error reading data/Diving48_data/videos/jMEYIEYkpY0_00020.mp4...
diving48,val,cs8g1es4vfM_00039,data/Diving48_data/videos/cs8g1es4vfM_00039.mp4,21,16,75,2,-1,False,False,0.0,0.0,0.0,3.2522017136216164e-05,0,0,0,0,True,Error reading data/Diving48_data/videos/cs8g1es4vfM_00039.mp4...
diving48,val,yHo2oERGo7A_00097,data/Diving48_data/videos/yHo2oERGo7A_00097.mp4,21,16,75,2,-1,False,False,0.0,0.0,0.0,3.348197788000107e-05,0,0,0,0,True,Error reading data/Diving48_data/videos/yHo2oERGo7A_00097.mp4...
diving48,val,8qRmKunCjtY_00009,data/Diving48_data/videos/8qRmKunCjtY_00009.mp4,21,16,75,2,-1,False,False,0.0,0.0,0.0,3.28640453517437e-05,0,0,0,0,True,Error reading data/Diving48_data/videos/8qRmKunCjtY_00009.mp4...
diving48,val,jMEYIEYkpY0_00021,data/Diving48_data/videos/jMEYIEYkpY0_00021.mp4,21,16,75,2,-1,False,False,0.0,0.0,0.0,3.322283737361431e-05,0,0,0,0,True,Error reading data/Diving48_data/videos/jMEYIEYkpY0_00021.mp4...
diving48,val,XfCaMLlyj9I_00145,data/Diving48_data/videos/XfCaMLlyj9I_00145.mp4,22,16,75,2,-1,False,False,0.0,0.0,0.0,3.312691114842892e-05,0,0,0,0,True,Error reading data/Diving48_data/videos/XfCaMLlyj9I_00145.mp4...
diving48,val,k71Cc-Sm-Mg_00109,data/Diving48_data/videos/k71Cc-Sm-Mg_00109.mp4,22,16,75,2,-1,False,False,0.0,0.0,0.0,3.27948946505785e-05,0,0,0,0,True,Error reading data/Diving48_data/videos/k71Cc-Sm-Mg_00109.mp4...
diving48,val,XfCaMLlyj9I_00067,data/Diving48_data/videos/XfCaMLlyj9I_00067.mp4,22,16,75,2,-1,False,False,0.0,0.0,0.0,7.082498632371426e-05,0,0,0,0,True,Error reading data/Diving48_data/videos/XfCaMLlyj9I_00067.mp4...
diving48,val,k71Cc-Sm-Mg_00079,data/Diving48_data/videos/k71Cc-Sm-Mg_00079.mp4,22,16,75,2,-1,False,False,0.0,0.0,0.0,3.414205275475979e-05,0,0,0,0,True,Error reading data/Diving48_data/videos/k71Cc-Sm-Mg_00079.mp4...
diving48,val,XfCaMLlyj9I_00154,data/Diving48_data/videos/XfCaMLlyj9I_00154.mp4,22,16,75,2,-1,False,False,0.0,0.0,0.0,3.313692286610603e-05,0,0,0,0,True,Error reading data/Diving48_data/videos/XfCaMLlyj9I_00154.mp4...
diving48,val,k71Cc-Sm-Mg_00147,data/Diving48_data/videos/k71Cc-Sm-Mg_00147.mp4,22,16,75,2,-1,False,False,0.0,0.0,0.0,3.3280812203884125e-05,0,0,0,0,True,Error reading data/Diving48_data/videos/k71Cc-Sm-Mg_00147.mp4...
diving48,val,k71Cc-Sm-Mg_00066,data/Diving48_data/videos/k71Cc-Sm-Mg_00066.mp4,22,16,75,2,-1,False,False,0.0,0.0,0.0,3.2359035685658455e-05,0,0,0,0,True,Error reading data/Diving48_data/videos/k71Cc-Sm-Mg_00066.mp4...
diving48,val,k71Cc-Sm-Mg_00111,data/Diving48_data/videos/k71Cc-Sm-Mg_00111.mp4,22,16,75,2,-1,False,False,0.0,0.0,0.0,3.2844021916389465e-05,0,0,0,0,True,Error reading data/Diving48_data/videos/k71Cc-Sm-Mg_00111.mp4...
diving48,val,XfCaMLlyj9I_00143,data/Diving48_data/videos/XfCaMLlyj9I_00143.mp4,22,16,75,2,-1,False,False,0.0,0.0,0.0,3.290199674665928e-05,0,0,0,0,True,Error reading data/Diving48_data/videos/XfCaMLlyj9I_00143.mp4...
diving48,val,k71Cc-Sm-Mg_00068,data/Diving48_data/videos/k71Cc-Sm-Mg_00068.mp4,22,16,75,2,-1,False,False,0.0,0.0,0.0,3.2638199627399445e-05,0,0,0,0,True,Error reading data/Diving48_data/videos/k71Cc-Sm-Mg_00068.mp4...
diving48,val,XfCaMLlyj9I_00165,data/Diving48_data/videos/XfCaMLlyj9I_00165.mp4,22,16,75,2,-1,False,False,0.0,0.0,0.0,3.1942036002874374e-05,0,0,0,0,True,Error reading data/Diving48_data/videos/XfCaMLlyj9I_00165.mp4...
diving48,val,k71Cc-Sm-Mg_00146,data/Diving48_data/videos/k71Cc-Sm-Mg_00146.mp4,22,16,75,2,-1,False,False,0.0,0.0,0.0,3.213598392903805e-05,0,0,0,0,True,Error reading data/Diving48_data/videos/k71Cc-Sm-Mg_00146.mp4...
diving48,val,k71Cc-Sm-Mg_00075,data/Diving48_data/videos/k71Cc-Sm-Mg_00075.mp4,22,16,75,2,-1,False,False,0.0,0.0,0.0,3.194110468029976e-05,0,0,0,0,True,Error reading data/Diving48_data/videos/k71Cc-Sm-Mg_00075.mp4...
diving48,val,k71Cc-Sm-Mg_00077,data/Diving48_data/videos/k71Cc-Sm-Mg_00077.mp4,22,16,75,2,-1,False,False,0.0,0.0,0.0,3.224611282348633e-05,0,0,0,0,True,Error reading data/Diving48_data/videos/k71Cc-Sm-Mg_00077.mp4...
diving48,val,XfCaMLlyj9I_00161,data/Diving48_data/videos/XfCaMLlyj9I_00161.mp4,22,16,75,2,-1,False,False,0.0,0.0,0.0,3.224797546863556e-05,0,0,0,0,True,Error reading data/Diving48_data/videos/XfCaMLlyj9I_00161.mp4...
diving48,val,XfCaMLlyj9I_00144,data/Diving48_data/videos/XfCaMLlyj9I_00144.mp4,22,16,75,2,-1,False,False,0.0,0.0,0.0,3.213807940483093e-05,0,0,0,0,True,Error reading data/Diving48_data/videos/XfCaMLlyj9I_00144.mp4...
diving48,val,k71Cc-Sm-Mg_00074,data/Diving48_data/videos/k71Cc-Sm-Mg_00074.mp4,22,16,75,2,-1,False,False,0.0,0.0,0.0,3.221794031560421e-05,0,0,0,0,True,Error reading data/Diving48_data/videos/k71Cc-Sm-Mg_00074.mp4...
diving48,val,k71Cc-Sm-Mg_00072,data/Diving48_data/videos/k71Cc-Sm-Mg_00072.mp4,22,16,75,2,-1,False,False,0.0,0.0,0.0,3.281421959400177e-05,0,0,0,0,True,Error reading data/Diving48_data/videos/k71Cc-Sm-Mg_00072.mp4...
diving48,val,k71Cc-Sm-Mg_00081,data/Diving48_data/videos/k71Cc-Sm-Mg_00081.mp4,22,16,75,2,-1,False,False,0.0,0.0,0.0,3.2769981771707535e-05,0,0,0,0,True,Error reading data/Diving48_data/videos/k71Cc-Sm-Mg_00081.mp4...
diving48,val,rRw7peH60Yw_00025,data/Diving48_data/videos/rRw7peH60Yw_00025.mp4,22,16,75,2,-1,False,False,0.0,0.0,0.0,3.251386806368828e-05,0,0,0,0,True,Error reading data/Diving48_data/videos/rRw7peH60Yw_00025.mp4...
diving48,val,zBXtMcI41z8_00064,data/Diving48_data/videos/zBXtMcI41z8_00064.mp4,23,16,75,2,-1,False,False,0.0,0.0,0.0,3.886781632900238e-05,0,0,0,0,True,Error reading data/Diving48_data/videos/zBXtMcI41z8_00064.mp4...
diving48,val,XfCaMLlyj9I_00121,data/Diving48_data/videos/XfCaMLlyj9I_00121.mp4,23,16,75,2,-1,False,False,0.0,0.0,0.0,3.4264056012034416e-05,0,0,0,0,True,Error reading data/Diving48_data/videos/XfCaMLlyj9I_00121.mp4...
diving48,val,XfCaMLlyj9I_00120,data/Diving48_data/videos/XfCaMLlyj9I_00120.mp4,23,16,75,2,-1,False,False,0.0,0.0,0.0,3.3153919503092766e-05,0,0,0,0,True,Error reading data/Diving48_data/videos/XfCaMLlyj9I_00120.mp4...
diving48,val,XfCaMLlyj9I_00122,data/Diving48_data/videos/XfCaMLlyj9I_00122.mp4,23,16,75,2,-1,False,False,0.0,0.0,0.0,3.327103331685066e-05,0,0,0,0,True,Error reading data/Diving48_data/videos/XfCaMLlyj9I_00122.mp4...
diving48,val,zBXtMcI41z8_00066,data/Diving48_data/videos/zBXtMcI41z8_00066.mp4,23,16,75,2,-1,False,False,0.0,0.0,0.0,3.244518302381039e-05,0,0,0,0,True,Error reading data/Diving48_data/videos/zBXtMcI41z8_00066.mp4...
diving48,val,zBXtMcI41z8_00063,data/Diving48_data/videos/zBXtMcI41z8_00063.mp4,23,16,75,2,-1,False,False,0.0,0.0,0.0,3.210711292922497e-05,0,0,0,0,True,Error reading data/Diving48_data/videos/zBXtMcI41z8_00063.mp4...
diving48,val,XfCaMLlyj9I_00119,data/Diving48_data/videos/XfCaMLlyj9I_00119.mp4,23,16,75,2,-1,False,False,0.0,0.0,0.0,3.2627955079078674e-05,0,0,0,0,True,Error reading data/Diving48_data/videos/XfCaMLlyj9I_00119.mp4...
diving48,val,L_SB1PRgDTE_00033,data/Diving48_data/videos/L_SB1PRgDTE_00033.mp4,24,16,75,2,-1,False,False,0.0,0.0,0.0,3.4684082493186e-05,0,0,0,0,True,Error reading data/Diving48_data/videos/L_SB1PRgDTE_00033.mp4...
diving48,val,CVAfPfVFulQ_00054,data/Diving48_data/videos/CVAfPfVFulQ_00054.mp4,24,16,75,2,-1,False,False,0.0,0.0,0.0,3.278418444097042e-05,0,0,0,0,True,Error reading data/Diving48_data/videos/CVAfPfVFulQ_00054.mp4...
diving48,val,mGRum47TLX0_00054,data/Diving48_data/videos/mGRum47TLX0_00054.mp4,24,16,75,2,-1,False,False,0.0,0.0,0.0,3.277813084423542e-05,0,0,0,0,True,Error reading data/Diving48_data/videos/mGRum47TLX0_00054.mp4...
diving48,val,Le6xdQ2OO8w_00219,data/Diving48_data/videos/Le6xdQ2OO8w_00219.mp4,24,16,75,2,-1,False,False,0.0,0.0,0.0,3.3825868740677834e-05,0,0,0,0,True,Error reading data/Diving48_data/videos/Le6xdQ2OO8w_00219.mp4...
diving48,val,cs8g1es4vfM_00021,data/Diving48_data/videos/cs8g1es4vfM_00021.mp4,24,16,75,2,-1,False,False,0.0,0.0,0.0,3.323308192193508e-05,0,0,0,0,True,Error reading data/Diving48_data/videos/cs8g1es4vfM_00021.mp4...
diving48,val,yHo2oERGo7A_00083,data/Diving48_data/videos/yHo2oERGo7A_00083.mp4,24,16,75,2,-1,False,False,0.0,0.0,0.0,3.2940180972218513e-05,0,0,0,0,True,Error reading data/Diving48_data/videos/yHo2oERGo7A_00083.mp4...
diving48,val,cs8g1es4vfM_00015,data/Diving48_data/videos/cs8g1es4vfM_00015.mp4,24,16,75,2,-1,False,False,0.0,0.0,0.0,3.399793058633804e-05,0,0,0,0,True,Error reading data/Diving48_data/videos/cs8g1es4vfM_00015.mp4...
diving48,val,mGRum47TLX0_00052,data/Diving48_data/videos/mGRum47TLX0_00052.mp4,24,16,75,2,-1,False,False,0.0,0.0,0.0,3.5150907933712006e-05,0,0,0,0,True,Error reading data/Diving48_data/videos/mGRum47TLX0_00052.mp4...
diving48,val,Le6xdQ2OO8w_00259,data/Diving48_data/videos/Le6xdQ2OO8w_00259.mp4,24,16,75,2,-1,False,False,0.0,0.0,0.0,3.3828895539045334e-05,0,0,0,0,True,Error reading data/Diving48_data/videos/Le6xdQ2OO8w_00259.mp4...
diving48,val,MbzIpx8kAD0_00050,data/Diving48_data/videos/MbzIpx8kAD0_00050.mp4,24,16,75,2,-1,False,False,0.0,0.0,0.0,3.377697430551052e-05,0,0,0,0,True,Error reading data/Diving48_data/videos/MbzIpx8kAD0_00050.mp4...
diving48,val,CVAfPfVFulQ_00055,data/Diving48_data/videos/CVAfPfVFulQ_00055.mp4,24,16,75,2,-1,False,False,0.0,0.0,0.0,3.482005558907986e-05,0,0,0,0,True,Error reading data/Diving48_data/videos/CVAfPfVFulQ_00055.mp4...
diving48,val,yHo2oERGo7A_00035,data/Diving48_data/videos/yHo2oERGo7A_00035.mp4,24,16,75,2,-1,False,False,0.0,0.0,0.0,3.631017170846462e-05,0,0,0,0,True,Error reading data/Diving48_data/videos/yHo2oERGo7A_00035.mp4...
diving48,val,yHo2oERGo7A_00082,data/Diving48_data/videos/yHo2oERGo7A_00082.mp4,24,16,75,2,-1,False,False,0.0,0.0,0.0,3.3294083550572395e-05,0,0,0,0,True,Error reading data/Diving48_data/videos/yHo2oERGo7A_00082.mp4...
diving48,val,cs8g1es4vfM_00018,data/Diving48_data/videos/cs8g1es4vfM_00018.mp4,24,16,75,2,-1,False,False,0.0,0.0,0.0,3.27529851347208e-05,0,0,0,0,True,Error reading data/Diving48_data/videos/cs8g1es4vfM_00018.mp4...
diving48,val,yHo2oERGo7A_00081,data/Diving48_data/videos/yHo2oERGo7A_00081.mp4,24,16,75,2,-1,False,False,0.0,0.0,0.0,3.337603993713856e-05,0,0,0,0,True,Error reading data/Diving48_data/videos/yHo2oERGo7A_00081.mp4...
diving48,val,SbzcCzXjYSU_00002,data/Diving48_data/videos/SbzcCzXjYSU_00002.mp4,24,16,75,2,-1,False,False,0.0,0.0,0.0,3.3044954761862755e-05,0,0,0,0,True,Error reading data/Diving48_data/videos/SbzcCzXjYSU_00002.mp4...
diving48,val,TMJ1XIZBRW4_00032,data/Diving48_data/videos/TMJ1XIZBRW4_00032.mp4,24,16,75,2,-1,False,False,0.0,0.0,0.0,3.306311555206776e-05,0,0,0,0,True,Error reading data/Diving48_data/videos/TMJ1XIZBRW4_00032.mp4...
diving48,val,yHo2oERGo7A_00075,data/Diving48_data/videos/yHo2oERGo7A_00075.mp4,24,16,75,2,-1,False,False,0.0,0.0,0.0,3.393017686903477e-05,0,0,0,0,True,Error reading data/Diving48_data/videos/yHo2oERGo7A_00075.mp4...
diving48,val,roFeEJPgJD8_00027,data/Diving48_data/videos/roFeEJPgJD8_00027.mp4,24,16,75,2,-1,False,False,0.0,0.0,0.0,3.289082087576389e-05,0,0,0,0,True,Error reading data/Diving48_data/videos/roFeEJPgJD8_00027.mp4...
diving48,val,ovWCmIMMkRI_00041,data/Diving48_data/videos/ovWCmIMMkRI_00041.mp4,24,16,75,2,-1,False,False,0.0,0.0,0.0,3.3634016290307045e-05,0,0,0,0,True,Error reading data/Diving48_data/videos/ovWCmIMMkRI_00041.mp4...
diving48,val,Le6xdQ2OO8w_00263,data/Diving48_data/videos/Le6xdQ2OO8w_00263.mp4,25,16,75,2,-1,False,False,0.0,0.0,0.0,3.5436125472187996e-05,0,0,0,0,True,Error reading data/Diving48_data/videos/Le6xdQ2OO8w_00263.mp4...
diving48,val,L_SB1PRgDTE_00038,data/Diving48_data/videos/L_SB1PRgDTE_00038.mp4,25,16,75,2,-1,False,False,0.0,0.0,0.0,3.2468000426888466e-05,0,0,0,0,True,Error reading data/Diving48_data/videos/L_SB1PRgDTE_00038.mp4...
diving48,val,bSsVWVfYU4w_00159,data/Diving48_data/videos/bSsVWVfYU4w_00159.mp4,25,16,75,2,-1,False,False,0.0,0.0,0.0,3.2403040677309036e-05,0,0,0,0,True,Error reading data/Diving48_data/videos/bSsVWVfYU4w_00159.mp4...
diving48,val,Le6xdQ2OO8w_00198,data/Diving48_data/videos/Le6xdQ2OO8w_00198.mp4,25,16,75,2,-1,False,False,0.0,0.0,0.0,3.324402496218681e-05,0,0,0,0,True,Error reading data/Diving48_data/videos/Le6xdQ2OO8w_00198.mp4...
diving48,val,bl0C6d9QgIg_00027,data/Diving48_data/videos/bl0C6d9QgIg_00027.mp4,25,16,75,2,-1,False,False,0.0,0.0,0.0,3.2529933378100395e-05,0,0,0,0,True,Error reading data/Diving48_data/videos/bl0C6d9QgIg_00027.mp4...
diving48,val,Le6xdQ2OO8w_00250,data/Diving48_data/videos/Le6xdQ2OO8w_00250.mp4,25,16,75,2,-1,False,False,0.0,0.0,0.0,3.2572075724601746e-05,0,0,0,0,True,Error reading data/Diving48_data/videos/Le6xdQ2OO8w_00250.mp4...
diving48,val,TMJ1XIZBRW4_00053,data/Diving48_data/videos/TMJ1XIZBRW4_00053.mp4,25,16,75,2,-1,False,False,0.0,0.0,0.0,3.313715569674969e-05,0,0,0,0,True,Error reading data/Diving48_data/videos/TMJ1XIZBRW4_00053.mp4...
diving48,val,L2tKML4URG8_00001,data/Diving48_data/videos/L2tKML4URG8_00001.mp4,25,16,75,2,-1,False,False,0.0,0.0,0.0,3.26868612319231e-05,0,0,0,0,True,Error reading data/Diving48_data/videos/L2tKML4URG8_00001.mp4...
diving48,val,MbzIpx8kAD0_00047,data/Diving48_data/videos/MbzIpx8kAD0_00047.mp4,25,16,75,2,-1,False,False,0.0,0.0,0.0,3.265310078859329e-05,0,0,0,0,True,Error reading data/Diving48_data/videos/MbzIpx8kAD0_00047.mp4...
diving48,val,Le6xdQ2OO8w_00190,data/Diving48_data/videos/Le6xdQ2OO8w_00190.mp4,25,16,75,2,-1,False,False,0.0,0.0,0.0,3.339000977575779e-05,0,0,0,0,True,Error reading data/Diving48_data/videos/Le6xdQ2OO8w_00190.mp4...
diving48,val,L2tKML4URG8_00000,data/Diving48_data/videos/L2tKML4URG8_00000.mp4,25,16,75,2,-1,False,False,0.0,0.0,0.0,3.538583405315876e-05,0,0,0,0,True,Error reading data/Diving48_data/videos/L2tKML4URG8_00000.mp4...
diving48,val,Le6xdQ2OO8w_00197,data/Diving48_data/videos/Le6xdQ2OO8w_00197.mp4,25,16,75,2,-1,False,False,0.0,0.0,0.0,3.2872892916202545e-05,0,0,0,0,True,Error reading data/Diving48_data/videos/Le6xdQ2OO8w_00197.mp4...
diving48,val,Le6xdQ2OO8w_00189,data/Diving48_data/videos/Le6xdQ2OO8w_00189.mp4,25,16,75,2,-1,False,False,0.0,0.0,0.0,3.26838344335556e-05,0,0,0,0,True,Error reading data/Diving48_data/videos/Le6xdQ2OO8w_00189.mp4...
diving48,val,bl0C6d9QgIg_00028,data/Diving48_data/videos/bl0C6d9QgIg_00028.mp4,25,16,75,2,-1,False,False,0.0,0.0,0.0,3.255507908761501e-05,0,0,0,0,True,Error reading data/Diving48_data/videos/bl0C6d9QgIg_00028.mp4...
diving48,val,L2tKML4URG8_00002,data/Diving48_data/videos/L2tKML4URG8_00002.mp4,25,16,75,2,-1,False,False,0.0,0.0,0.0,3.2245879992842674e-05,0,0,0,0,True,Error reading data/Diving48_data/videos/L2tKML4URG8_00002.mp4...
diving48,val,L2tKML4URG8_00003,data/Diving48_data/videos/L2tKML4URG8_00003.mp4,25,16,75,2,-1,False,False,0.0,0.0,0.0,3.272411413490772e-05,0,0,0,0,True,Error reading data/Diving48_data/videos/L2tKML4URG8_00003.mp4...
diving48,val,k71Cc-Sm-Mg_00178,data/Diving48_data/videos/k71Cc-Sm-Mg_00178.mp4,26,16,75,2,-1,False,False,0.0,0.0,0.0,3.219279460608959e-05,0,0,0,0,True,Error reading data/Diving48_data/videos/k71Cc-Sm-Mg_00178.mp4...
diving48,val,k71Cc-Sm-Mg_00045,data/Diving48_data/videos/k71Cc-Sm-Mg_00045.mp4,26,16,75,2,-1,False,False,0.0,0.0,0.0,3.3325981348752975e-05,0,0,0,0,True,Error reading data/Diving48_data/videos/k71Cc-Sm-Mg_00045.mp4...
diving48,val,sFO6XlfgxNQ_00091,data/Diving48_data/videos/sFO6XlfgxNQ_00091.mp4,26,16,75,2,-1,False,False,0.0,0.0,0.0,3.333995118737221e-05,0,0,0,0,True,Error reading data/Diving48_data/videos/sFO6XlfgxNQ_00091.mp4...
diving48,val,8qRmKunCjtY_00013,data/Diving48_data/videos/8qRmKunCjtY_00013.mp4,26,16,75,2,-1,False,False,0.0,0.0,0.0,3.261817619204521e-05,0,0,0,0,True,Error reading data/Diving48_data/videos/8qRmKunCjtY_00013.mp4...
diving48,val,XfCaMLlyj9I_00099,data/Diving48_data/videos/XfCaMLlyj9I_00099.mp4,26,16,75,2,-1,False,False,0.0,0.0,0.0,3.265892155468464e-05,0,0,0,0,True,Error reading data/Diving48_data/videos/XfCaMLlyj9I_00099.mp4...
diving48,val,SbzcCzXjYSU_00019,data/Diving48_data/videos/SbzcCzXjYSU_00019.mp4,26,16,75,2,-1,False,False,0.0,0.0,0.0,3.2889191061258316e-05,0,0,0,0,True,Error reading data/Diving48_data/videos/SbzcCzXjYSU_00019.mp4...
diving48,val,k71Cc-Sm-Mg_00044,data/Diving48_data/videos/k71Cc-Sm-Mg_00044.mp4,26,16,75,2,-1,False,False,0.0,0.0,0.0,3.231409937143326e-05,0,0,0,0,True,Error reading data/Diving48_data/videos/k71Cc-Sm-Mg_00044.mp4...
diving48,val,XfCaMLlyj9I_00087,data/Diving48_data/videos/XfCaMLlyj9I_00087.mp4,26,16,75,2,-1,False,False,0.0,0.0,0.0,3.245682455599308e-05,0,0,0,0,True,Error reading data/Diving48_data/videos/XfCaMLlyj9I_00087.mp4...
diving48,val,XfCaMLlyj9I_00097,data/Diving48_data/videos/XfCaMLlyj9I_00097.mp4,26,16,75,2,-1,False,False,0.0,0.0,0.0,3.306497819721699e-05,0,0,0,0,True,Error reading data/Diving48_data/videos/XfCaMLlyj9I_00097.mp4...
diving48,val,SbzcCzXjYSU_00059,data/Diving48_data/videos/SbzcCzXjYSU_00059.mp4,26,16,75,2,-1,False,False,0.0,0.0,0.0,3.190804272890091e-05,0,0,0,0,True,Error reading data/Diving48_data/videos/SbzcCzXjYSU_00059.mp4...
diving48,val,roFeEJPgJD8_00008,data/Diving48_data/videos/roFeEJPgJD8_00008.mp4,26,16,75,2,-1,False,False,0.0,0.0,0.0,3.226590342819691e-05,0,0,0,0,True,Error reading data/Diving48_data/videos/roFeEJPgJD8_00008.mp4...
diving48,val,k71Cc-Sm-Mg_00177,data/Diving48_data/videos/k71Cc-Sm-Mg_00177.mp4,26,16,75,2,-1,False,False,0.0,0.0,0.0,3.2659852877259254e-05,0,0,0,0,True,Error reading data/Diving48_data/videos/k71Cc-Sm-Mg_00177.mp4...
diving48,val,XfCaMLlyj9I_00100,data/Diving48_data/videos/XfCaMLlyj9I_00100.mp4,26,16,75,2,-1,False,False,0.0,0.0,0.0,3.391108475625515e-05,0,0,0,0,True,Error reading data/Diving48_data/videos/XfCaMLlyj9I_00100.mp4...
diving48,val,sFO6XlfgxNQ_00113,data/Diving48_data/videos/sFO6XlfgxNQ_00113.mp4,26,16,75,2,-1,False,False,0.0,0.0,0.0,3.3593038097023964e-05,0,0,0,0,True,Error reading data/Diving48_data/videos/sFO6XlfgxNQ_00113.mp4...
diving48,val,k71Cc-Sm-Mg_00046,data/Diving48_data/videos/k71Cc-Sm-Mg_00046.mp4,26,16,75,2,-1,False,False,0.0,0.0,0.0,3.313482739031315e-05,0,0,0,0,True,Error reading data/Diving48_data/videos/k71Cc-Sm-Mg_00046.mp4...
diving48,val,XfCaMLlyj9I_00089,data/Diving48_data/videos/XfCaMLlyj9I_00089.mp4,26,16,75,2,-1,False,False,0.0,0.0,0.0,3.4566037356853485e-05,0,0,0,0,True,Error reading data/Diving48_data/videos/XfCaMLlyj9I_00089.mp4...
diving48,val,k71Cc-Sm-Mg_00174,data/Diving48_data/videos/k71Cc-Sm-Mg_00174.mp4,26,16,75,2,-1,False,False,0.0,0.0,0.0,3.326893784105778e-05,0,0,0,0,True,Error reading data/Diving48_data/videos/k71Cc-Sm-Mg_00174.mp4...
diving48,val,sFO6XlfgxNQ_00075,data/Diving48_data/videos/sFO6XlfgxNQ_00075.mp4,26,16,75,2,-1,False,False,0.0,0.0,0.0,3.298395313322544e-05,0,0,0,0,True,Error reading data/Diving48_data/videos/sFO6XlfgxNQ_00075.mp4...
diving48,val,XfCaMLlyj9I_00101,data/Diving48_data/videos/XfCaMLlyj9I_00101.mp4,26,16,75,2,-1,False,False,0.0,0.0,0.0,3.2640062272548676e-05,0,0,0,0,True,Error reading data/Diving48_data/videos/XfCaMLlyj9I_00101.mp4...
diving48,val,rRw7peH60Yw_00011,data/Diving48_data/videos/rRw7peH60Yw_00011.mp4,26,16,75,2,-1,False,False,0.0,0.0,0.0,3.220117650926113e-05,0,0,0,0,True,Error reading data/Diving48_data/videos/rRw7peH60Yw_00011.mp4...
diving48,val,ovWCmIMMkRI_00065,data/Diving48_data/videos/ovWCmIMMkRI_00065.mp4,27,16,75,2,-1,False,False,0.0,0.0,0.0,3.318185918033123e-05,0,0,0,0,True,Error reading data/Diving48_data/videos/ovWCmIMMkRI_00065.mp4...
diving48,val,ovWCmIMMkRI_00045,data/Diving48_data/videos/ovWCmIMMkRI_00045.mp4,27,16,75,2,-1,False,False,0.0,0.0,0.0,3.3084070309996605e-05,0,0,0,0,True,Error reading data/Diving48_data/videos/ovWCmIMMkRI_00045.mp4...
diving48,val,jMEYIEYkpY0_00007,data/Diving48_data/videos/jMEYIEYkpY0_00007.mp4,27,16,75,2,-1,False,False,0.0,0.0,0.0,3.2836105674505234e-05,0,0,0,0,True,Error reading data/Diving48_data/videos/jMEYIEYkpY0_00007.mp4...
diving48,val,zmacW6f2Tdk_00060,data/Diving48_data/videos/zmacW6f2Tdk_00060.mp4,27,16,75,2,-1,False,False,0.0,0.0,0.0,3.370293416082859e-05,0,0,0,0,True,Error reading data/Diving48_data/videos/zmacW6f2Tdk_00060.mp4...
diving48,val,roFeEJPgJD8_00007,data/Diving48_data/videos/roFeEJPgJD8_00007.mp4,27,16,75,2,-1,False,False,0.0,0.0,0.0,3.208802081644535e-05,0,0,0,0,True,Error reading data/Diving48_data/videos/roFeEJPgJD8_00007.mp4...
diving48,val,zmacW6f2Tdk_00005,data/Diving48_data/videos/zmacW6f2Tdk_00005.mp4,27,16,75,2,-1,False,False,0.0,0.0,0.0,3.250804729759693e-05,0,0,0,0,True,Error reading data/Diving48_data/videos/zmacW6f2Tdk_00005.mp4...
diving48,val,yHo2oERGo7A_00025,data/Diving48_data/videos/yHo2oERGo7A_00025.mp4,27,16,75,2,-1,False,False,0.0,0.0,0.0,3.293692134320736e-05,0,0,0,0,True,Error reading data/Diving48_data/videos/yHo2oERGo7A_00025.mp4...
diving48,val,qD3IMtAanSg_00038,data/Diving48_data/videos/qD3IMtAanSg_00038.mp4,27,16,75,2,-1,False,False,0.0,0.0,0.0,3.258395008742809e-05,0,0,0,0,True,Error reading data/Diving48_data/videos/qD3IMtAanSg_00038.mp4...
diving48,val,yHo2oERGo7A_00052,data/Diving48_data/videos/yHo2oERGo7A_00052.mp4,27,16,75,2,-1,False,False,0.0,0.0,0.0,3.38871031999588e-05,0,0,0,0,True,Error reading data/Diving48_data/videos/yHo2oERGo7A_00052.mp4...
diving48,val,bSsVWVfYU4w_00128,data/Diving48_data/videos/bSsVWVfYU4w_00128.mp4,27,16,75,2,-1,False,False,0.0,0.0,0.0,3.392389044165611e-05,0,0,0,0,True,Error reading data/Diving48_data/videos/bSsVWVfYU4w_00128.mp4...
diving48,val,bSsVWVfYU4w_00103,data/Diving48_data/videos/bSsVWVfYU4w_00103.mp4,27,16,75,2,-1,False,False,0.0,0.0,0.0,3.282283432781696e-05,0,0,0,0,True,Error reading data/Diving48_data/videos/bSsVWVfYU4w_00103.mp4...
diving48,val,jMEYIEYkpY0_00042,data/Diving48_data/videos/jMEYIEYkpY0_00042.mp4,27,16,75,2,-1,False,False,0.0,0.0,0.0,3.669201396405697e-05,0,0,0,0,True,Error reading data/Diving48_data/videos/jMEYIEYkpY0_00042.mp4...
diving48,val,jMEYIEYkpY0_00008,data/Diving48_data/videos/jMEYIEYkpY0_00008.mp4,27,16,75,2,-1,False,False,0.0,0.0,0.0,3.3792806789278984e-05,0,0,0,0,True,Error reading data/Diving48_data/videos/jMEYIEYkpY0_00008.mp4...
diving48,val,ovWCmIMMkRI_00046,data/Diving48_data/videos/ovWCmIMMkRI_00046.mp4,27,16,75,2,-1,False,False,0.0,0.0,0.0,3.2488955184817314e-05,0,0,0,0,True,Error reading data/Diving48_data/videos/ovWCmIMMkRI_00046.mp4...
diving48,val,yHo2oERGo7A_00027,data/Diving48_data/videos/yHo2oERGo7A_00027.mp4,27,16,75,2,-1,False,False,0.0,0.0,0.0,3.431597724556923e-05,0,0,0,0,True,Error reading data/Diving48_data/videos/yHo2oERGo7A_00027.mp4...
diving48,val,bSsVWVfYU4w_00129,data/Diving48_data/videos/bSsVWVfYU4w_00129.mp4,27,16,75,2,-1,False,False,0.0,0.0,0.0,3.346707671880722e-05,0,0,0,0,True,Error reading data/Diving48_data/videos/bSsVWVfYU4w_00129.mp4...
diving48,val,yHo2oERGo7A_00028,data/Diving48_data/videos/yHo2oERGo7A_00028.mp4,27,16,75,2,-1,False,False,0.0,0.0,0.0,3.374204970896244e-05,0,0,0,0,True,Error reading data/Diving48_data/videos/yHo2oERGo7A_00028.mp4...
diving48,val,ovWCmIMMkRI_00063,data/Diving48_data/videos/ovWCmIMMkRI_00063.mp4,27,16,75,2,-1,False,False,0.0,0.0,0.0,3.2910844311118126e-05,0,0,0,0,True,Error reading data/Diving48_data/videos/ovWCmIMMkRI_00063.mp4...
diving48,val,jMEYIEYkpY0_00077,data/Diving48_data/videos/jMEYIEYkpY0_00077.mp4,27,16,75,2,-1,False,False,0.0,0.0,0.0,3.348011523485184e-05,0,0,0,0,True,Error reading data/Diving48_data/videos/jMEYIEYkpY0_00077.mp4...
diving48,val,jMEYIEYkpY0_00060,data/Diving48_data/videos/jMEYIEYkpY0_00060.mp4,27,16,75,2,-1,False,False,0.0,0.0,0.0,3.505498170852661e-05,0,0,0,0,True,Error reading data/Diving48_data/videos/jMEYIEYkpY0_00060.mp4...
diving48,val,zBXtMcI41z8_00112,data/Diving48_data/videos/zBXtMcI41z8_00112.mp4,28,16,75,2,-1,False,False,0.0,0.0,0.0,3.363005816936493e-05,0,0,0,0,True,Error reading data/Diving48_data/videos/zBXtMcI41z8_00112.mp4...
diving48,val,qD3IMtAanSg_00051,data/Diving48_data/videos/qD3IMtAanSg_00051.mp4,28,16,75,2,-1,False,False,0.0,0.0,0.0,3.2291049137711525e-05,0,0,0,0,True,Error reading data/Diving48_data/videos/qD3IMtAanSg_00051.mp4...
diving48,val,qD3IMtAanSg_00134,data/Diving48_data/videos/qD3IMtAanSg_00134.mp4,28,16,75,2,-1,False,False,0.0,0.0,0.0,3.264099359512329e-05,0,0,0,0,True,Error reading data/Diving48_data/videos/qD3IMtAanSg_00134.mp4...
diving48,val,XfCaMLlyj9I_00150,data/Diving48_data/videos/XfCaMLlyj9I_00150.mp4,28,16,75,2,-1,False,False,0.0,0.0,0.0,3.254297189414501e-05,0,0,0,0,True,Error reading data/Diving48_data/videos/XfCaMLlyj9I_00150.mp4...
diving48,val,XfCaMLlyj9I_00132,data/Diving48_data/videos/XfCaMLlyj9I_00132.mp4,28,16,75,2,-1,False,False,0.0,0.0,0.0,3.250897862017155e-05,0,0,0,0,True,Error reading data/Diving48_data/videos/XfCaMLlyj9I_00132.mp4...
diving48,val,qD3IMtAanSg_00057,data/Diving48_data/videos/qD3IMtAanSg_00057.mp4,28,16,75,2,-1,False,False,0.0,0.0,0.0,3.2070092856884e-05,0,0,0,0,True,Error reading data/Diving48_data/videos/qD3IMtAanSg_00057.mp4...
diving48,val,qD3IMtAanSg_00081,data/Diving48_data/videos/qD3IMtAanSg_00081.mp4,28,16,75,2,-1,False,False,0.0,0.0,0.0,3.2186973839998245e-05,0,0,0,0,True,Error reading data/Diving48_data/videos/qD3IMtAanSg_00081.mp4...
diving48,val,XfCaMLlyj9I_00148,data/Diving48_data/videos/XfCaMLlyj9I_00148.mp4,28,16,75,2,-1,False,False,0.0,0.0,0.0,3.330293111503124e-05,0,0,0,0,True,Error reading data/Diving48_data/videos/XfCaMLlyj9I_00148.mp4...
diving48,val,k71Cc-Sm-Mg_00107,data/Diving48_data/videos/k71Cc-Sm-Mg_00107.mp4,28,16,75,2,-1,False,False,0.0,0.0,0.0,3.246590495109558e-05,0,0,0,0,True,Error reading data/Diving48_data/videos/k71Cc-Sm-Mg_00107.mp4...
diving48,val,qD3IMtAanSg_00024,data/Diving48_data/videos/qD3IMtAanSg_00024.mp4,28,16,75,2,-1,False,False,0.0,0.0,0.0,3.2729003578424454e-05,0,0,0,0,True,Error reading data/Diving48_data/videos/qD3IMtAanSg_00024.mp4...
diving48,val,k71Cc-Sm-Mg_00114,data/Diving48_data/videos/k71Cc-Sm-Mg_00114.mp4,28,16,75,2,-1,False,False,0.0,0.0,0.0,3.306497819721699e-05,0,0,0,0,True,Error reading data/Diving48_data/videos/k71Cc-Sm-Mg_00114.mp4...
diving48,val,qD3IMtAanSg_00036,data/Diving48_data/videos/qD3IMtAanSg_00036.mp4,28,16,75,2,-1,False,False,0.0,0.0,0.0,3.212597221136093e-05,0,0,0,0,True,Error reading data/Diving48_data/videos/qD3IMtAanSg_00036.mp4...
diving48,val,k71Cc-Sm-Mg_00112,data/Diving48_data/videos/k71Cc-Sm-Mg_00112.mp4,28,16,75,2,-1,False,False,0.0,0.0,0.0,3.237789496779442e-05,0,0,0,0,True,Error reading data/Diving48_data/videos/k71Cc-Sm-Mg_00112.mp4...
diving48,val,XfCaMLlyj9I_00133,data/Diving48_data/videos/XfCaMLlyj9I_00133.mp4,28,16,75,2,-1,False,False,0.0,0.0,0.0,3.313785418868065e-05,0,0,0,0,True,Error reading data/Diving48_data/videos/XfCaMLlyj9I_00133.mp4...
diving48,val,XfCaMLlyj9I_00134,data/Diving48_data/videos/XfCaMLlyj9I_00134.mp4,28,16,75,2,-1,False,False,0.0,0.0,0.0,3.271386958658695e-05,0,0,0,0,True,Error reading data/Diving48_data/videos/XfCaMLlyj9I_00134.mp4...
diving48,val,zBXtMcI41z8_00047,data/Diving48_data/videos/zBXtMcI41z8_00047.mp4,28,16,75,2,-1,False,False,0.0,0.0,0.0,3.2389070838689804e-05,0,0,0,0,True,Error reading data/Diving48_data/videos/zBXtMcI41z8_00047.mp4...
diving48,val,qD3IMtAanSg_00080,data/Diving48_data/videos/qD3IMtAanSg_00080.mp4,28,16,75,2,-1,False,False,0.0,0.0,0.0,3.303983248770237e-05,0,0,0,0,True,Error reading data/Diving48_data/videos/qD3IMtAanSg_00080.mp4...
diving48,val,zBXtMcI41z8_00029,data/Diving48_data/videos/zBXtMcI41z8_00029.mp4,28,16,75,2,-1,False,False,0.0,0.0,0.0,3.3424003049731255e-05,0,0,0,0,True,Error reading data/Diving48_data/videos/zBXtMcI41z8_00029.mp4...
diving48,val,qD3IMtAanSg_00089,data/Diving48_data/videos/qD3IMtAanSg_00089.mp4,28,16,75,2,-1,False,False,0.0,0.0,0.0,3.278721123933792e-05,0,0,0,0,True,Error reading data/Diving48_data/videos/qD3IMtAanSg_00089.mp4...
diving48,val,qD3IMtAanSg_00052,data/Diving48_data/videos/qD3IMtAanSg_00052.mp4,28,16,75,2,-1,False,False,0.0,0.0,0.0,3.4392811357975006e-05,0,0,0,0,True,Error reading data/Diving48_data/videos/qD3IMtAanSg_00052.mp4...
diving48,val,sexZ6VnZ9yc_00005,data/Diving48_data/videos/sexZ6VnZ9yc_00005.mp4,29,16,75,2,-1,False,False,0.0,0.0,0.0,3.430410288274288e-05,0,0,0,0,True,Error reading data/Diving48_data/videos/sexZ6VnZ9yc_00005.mp4...
diving48,val,MbzIpx8kAD0_00008,data/Diving48_data/videos/MbzIpx8kAD0_00008.mp4,29,16,75,2,-1,False,False,0.0,0.0,0.0,3.2970914617180824e-05,0,0,0,0,True,Error reading data/Diving48_data/videos/MbzIpx8kAD0_00008.mp4...
diving48,val,bSsVWVfYU4w_00013,data/Diving48_data/videos/bSsVWVfYU4w_00013.mp4,29,16,75,2,-1,False,False,0.0,0.0,0.0,3.333995118737221e-05,0,0,0,0,True,Error reading data/Diving48_data/videos/bSsVWVfYU4w_00013.mp4...
diving48,val,MbzIpx8kAD0_00001,data/Diving48_data/videos/MbzIpx8kAD0_00001.mp4,29,16,75,2,-1,False,False,0.0,0.0,0.0,3.351923078298569e-05,0,0,0,0,True,Error reading data/Diving48_data/videos/MbzIpx8kAD0_00001.mp4...
diving48,val,sFO6XlfgxNQ_00017,data/Diving48_data/videos/sFO6XlfgxNQ_00017.mp4,29,16,75,2,-1,False,False,0.0,0.0,0.0,3.253319300711155e-05,0,0,0,0,True,Error reading data/Diving48_data/videos/sFO6XlfgxNQ_00017.mp4...
diving48,val,sexZ6VnZ9yc_00004,data/Diving48_data/videos/sexZ6VnZ9yc_00004.mp4,29,16,75,2,-1,False,False,0.0,0.0,0.0,3.334810025990009e-05,0,0,0,0,True,Error reading data/Diving48_data/videos/sexZ6VnZ9yc_00004.mp4...
diving48,val,bSsVWVfYU4w_00022,data/Diving48_data/videos/bSsVWVfYU4w_00022.mp4,29,16,75,2,-1,False,False,0.0,0.0,0.0,3.3880118280649185e-05,0,0,0,0,True,Error reading data/Diving48_data/videos/bSsVWVfYU4w_00022.mp4...
diving48,val,bSsVWVfYU4w_00017,data/Diving48_data/videos/bSsVWVfYU4w_00017.mp4,29,16,75,2,-1,False,False,0.0,0.0,0.0,3.459700383245945e-05,0,0,0,0,True,Error reading data/Diving48_data/videos/bSsVWVfYU4w_00017.mp4...
diving48,val,mGRum47TLX0_00007,data/Diving48_data/videos/mGRum47TLX0_00007.mp4,29,16,75,2,-1,False,False,0.0,0.0,0.0,3.4678028896450996e-05,0,0,0,0,True,Error reading data/Diving48_data/videos/mGRum47TLX0_00007.mp4...
diving48,val,bSsVWVfYU4w_00016,data/Diving48_data/videos/bSsVWVfYU4w_00016.mp4,29,16,75,2,-1,False,False,0.0,0.0,0.0,3.306800499558449e-05,0,0,0,0,True,Error reading data/Diving48_data/videos/bSsVWVfYU4w_00016.mp4...
diving48,val,CVAfPfVFulQ_00005,data/Diving48_data/videos/CVAfPfVFulQ_00005.mp4,29,16,75,2,-1,False,False,0.0,0.0,0.0,3.239419311285019e-05,0,0,0,0,True,Error reading data/Diving48_data/videos/CVAfPfVFulQ_00005.mp4...
diving48,val,bSsVWVfYU4w_00012,data/Diving48_data/videos/bSsVWVfYU4w_00012.mp4,29,16,75,2,-1,False,False,0.0,0.0,0.0,3.3460091799497604e-05,0,0,0,0,True,Error reading data/Diving48_data/videos/bSsVWVfYU4w_00012.mp4...
diving48,val,sFO6XlfgxNQ_00018,data/Diving48_data/videos/sFO6XlfgxNQ_00018.mp4,29,16,75,2,-1,False,False,0.0,0.0,0.0,3.323308192193508e-05,0,0,0,0,True,Error reading data/Diving48_data/videos/sFO6XlfgxNQ_00018.mp4...
diving48,val,bSsVWVfYU4w_00023,data/Diving48_data/videos/bSsVWVfYU4w_00023.mp4,29,16,75,2,-1,False,False,0.0,0.0,0.0,3.233994357287884e-05,0,0,0,0,True,Error reading data/Diving48_data/videos/bSsVWVfYU4w_00023.mp4...
diving48,val,mGRum47TLX0_00006,data/Diving48_data/videos/mGRum47TLX0_00006.mp4,29,16,75,2,-1,False,False,0.0,0.0,0.0,3.223191015422344e-05,0,0,0,0,True,Error reading data/Diving48_data/videos/mGRum47TLX0_00006.mp4...
diving48,val,mGRum47TLX0_00004,data/Diving48_data/videos/mGRum47TLX0_00004.mp4,29,16,75,2,-1,False,False,0.0,0.0,0.0,3.232993185520172e-05,0,0,0,0,True,Error reading data/Diving48_data/videos/mGRum47TLX0_00004.mp4...
diving48,val,bSsVWVfYU4w_00009,data/Diving48_data/videos/bSsVWVfYU4w_00009.mp4,29,16,75,2,-1,False,False,0.0,0.0,0.0,3.2063107937574387e-05,0,0,0,0,True,Error reading data/Diving48_data/videos/bSsVWVfYU4w_00009.mp4...
diving48,val,sFO6XlfgxNQ_00016,data/Diving48_data/videos/sFO6XlfgxNQ_00016.mp4,29,16,75,2,-1,False,False,0.0,0.0,0.0,3.204704262316227e-05,0,0,0,0,True,Error reading data/Diving48_data/videos/sFO6XlfgxNQ_00016.mp4...
diving48,val,mGRum47TLX0_00010,data/Diving48_data/videos/mGRum47TLX0_00010.mp4,29,16,75,2,-1,False,False,0.0,0.0,0.0,3.209407441318035e-05,0,0,0,0,True,Error reading data/Diving48_data/videos/mGRum47TLX0_00010.mp4...
diving48,val,bSsVWVfYU4w_00008,data/Diving48_data/videos/bSsVWVfYU4w_00008.mp4,29,16,75,2,-1,False,False,0.0,0.0,0.0,3.309105522930622e-05,0,0,0,0,True,Error reading data/Diving48_data/videos/bSsVWVfYU4w_00008.mp4...
diving48,val,Le6xdQ2OO8w_00111,data/Diving48_data/videos/Le6xdQ2OO8w_00111.mp4,31,16,75,2,-1,False,False,0.0,0.0,0.0,3.273412585258484e-05,0,0,0,0,True,Error reading data/Diving48_data/videos/Le6xdQ2OO8w_00111.mp4...
diving48,val,Le6xdQ2OO8w_00137,data/Diving48_data/videos/Le6xdQ2OO8w_00137.mp4,31,16,75,2,-1,False,False,0.0,0.0,0.0,3.18021047860384e-05,0,0,0,0,True,Error reading data/Diving48_data/videos/Le6xdQ2OO8w_00137.mp4...
diving48,val,Le6xdQ2OO8w_00025,data/Diving48_data/videos/Le6xdQ2OO8w_00025.mp4,31,16,75,2,-1,False,False,0.0,0.0,0.0,3.332993946969509e-05,0,0,0,0,True,Error reading data/Diving48_data/videos/Le6xdQ2OO8w_00025.mp4...
diving48,val,Le6xdQ2OO8w_00021,data/Diving48_data/videos/Le6xdQ2OO8w_00021.mp4,31,16,75,2,-1,False,False,0.0,0.0,0.0,3.243680112063885e-05,0,0,0,0,True,Error reading data/Diving48_data/videos/Le6xdQ2OO8w_00021.mp4...
diving48,val,CVAfPfVFulQ_00012,data/Diving48_data/videos/CVAfPfVFulQ_00012.mp4,31,16,75,2,-1,False,False,0.0,0.0,0.0,3.20489052683115e-05,0,0,0,0,True,Error reading data/Diving48_data/videos/CVAfPfVFulQ_00012.mp4...
diving48,val,ovWCmIMMkRI_00026,data/Diving48_data/videos/ovWCmIMMkRI_00026.mp4,31,16,75,2,-1,False,False,0.0,0.0,0.0,3.313412889838219e-05,0,0,0,0,True,Error reading data/Diving48_data/videos/ovWCmIMMkRI_00026.mp4...
diving48,val,bSsVWVfYU4w_00038,data/Diving48_data/videos/bSsVWVfYU4w_00038.mp4,31,16,75,2,-1,False,False,0.0,0.0,0.0,3.20549588650465e-05,0,0,0,0,True,Error reading data/Diving48_data/videos/bSsVWVfYU4w_00038.mp4...
diving48,val,bSsVWVfYU4w_00078,data/Diving48_data/videos/bSsVWVfYU4w_00078.mp4,31,16,75,2,-1,False,False,0.0,0.0,0.0,7.079704664647579e-05,0,0,0,0,True,Error reading data/Diving48_data/videos/bSsVWVfYU4w_00078.mp4...
diving48,val,roFeEJPgJD8_00039,data/Diving48_data/videos/roFeEJPgJD8_00039.mp4,31,16,75,2,-1,False,False,0.0,0.0,0.0,3.28700989484787e-05,0,0,0,0,True,Error reading data/Diving48_data/videos/roFeEJPgJD8_00039.mp4...
diving48,val,Le6xdQ2OO8w_00105,data/Diving48_data/videos/Le6xdQ2OO8w_00105.mp4,31,16,75,2,-1,False,False,0.0,0.0,0.0,6.875302642583847e-05,0,0,0,0,True,Error reading data/Diving48_data/videos/Le6xdQ2OO8w_00105.mp4...
diving48,val,TMJ1XIZBRW4_00013,data/Diving48_data/videos/TMJ1XIZBRW4_00013.mp4,31,16,75,2,-1,False,False,0.0,0.0,0.0,3.657490015029907e-05,0,0,0,0,True,Error reading data/Diving48_data/videos/TMJ1XIZBRW4_00013.mp4...
diving48,val,ovWCmIMMkRI_00043,data/Diving48_data/videos/ovWCmIMMkRI_00043.mp4,31,16,75,2,-1,False,False,0.0,0.0,0.0,3.503495827317238e-05,0,0,0,0,True,Error reading data/Diving48_data/videos/ovWCmIMMkRI_00043.mp4...
diving48,val,k71Cc-Sm-Mg_00037,data/Diving48_data/videos/k71Cc-Sm-Mg_00037.mp4,31,16,75,2,-1,False,False,0.0,0.0,0.0,3.495696000754833e-05,0,0,0,0,True,Error reading data/Diving48_data/videos/k71Cc-Sm-Mg_00037.mp4...
diving48,val,CVAfPfVFulQ_00014,data/Diving48_data/videos/CVAfPfVFulQ_00014.mp4,31,16,75,2,-1,False,False,0.0,0.0,0.0,3.540702164173126e-05,0,0,0,0,True,Error reading data/Diving48_data/videos/CVAfPfVFulQ_00014.mp4...
diving48,val,yHo2oERGo7A_00003,data/Diving48_data/videos/yHo2oERGo7A_00003.mp4,31,16,75,2,-1,False,False,0.0,0.0,0.0,3.686593845486641e-05,0,0,0,0,True,Error reading data/Diving48_data/videos/yHo2oERGo7A_00003.mp4...
diving48,val,TMJ1XIZBRW4_00014,data/Diving48_data/videos/TMJ1XIZBRW4_00014.mp4,31,16,75,2,-1,False,False,0.0,0.0,0.0,3.4183962270617485e-05,0,0,0,0,True,Error reading data/Diving48_data/videos/TMJ1XIZBRW4_00014.mp4...
diving48,val,bSsVWVfYU4w_00031,data/Diving48_data/videos/bSsVWVfYU4w_00031.mp4,31,16,75,2,-1,False,False,0.0,0.0,0.0,3.334600478410721e-05,0,0,0,0,True,Error reading data/Diving48_data/videos/bSsVWVfYU4w_00031.mp4...
diving48,val,k71Cc-Sm-Mg_00035,data/Diving48_data/videos/k71Cc-Sm-Mg_00035.mp4,31,16,75,2,-1,False,False,0.0,0.0,0.0,3.3207936212420464e-05,0,0,0,0,True,Error reading data/Diving48_data/videos/k71Cc-Sm-Mg_00035.mp4...
diving48,val,Le6xdQ2OO8w_00181,data/Diving48_data/videos/Le6xdQ2OO8w_00181.mp4,31,16,75,2,-1,False,False,0.0,0.0,0.0,3.2667070627212524e-05,0,0,0,0,True,Error reading data/Diving48_data/videos/Le6xdQ2OO8w_00181.mp4...
diving48,val,Le6xdQ2OO8w_00092,data/Diving48_data/videos/Le6xdQ2OO8w_00092.mp4,31,16,75,2,-1,False,False,0.0,0.0,0.0,3.330409526824951e-05,0,0,0,0,True,Error reading data/Diving48_data/videos/Le6xdQ2OO8w_00092.mp4...
diving48,val,Le6xdQ2OO8w_00243,data/Diving48_data/videos/Le6xdQ2OO8w_00243.mp4,32,16,75,2,-1,False,False,0.0,0.0,0.0,3.286590799689293e-05,0,0,0,0,True,Error reading data/Diving48_data/videos/Le6xdQ2OO8w_00243.mp4...
diving48,val,L_SB1PRgDTE_00021,data/Diving48_data/videos/L_SB1PRgDTE_00021.mp4,32,16,75,2,-1,False,False,0.0,0.0,0.0,3.250897862017155e-05,0,0,0,0,True,Error reading data/Diving48_data/videos/L_SB1PRgDTE_00021.mp4...
diving48,val,bSsVWVfYU4w_00133,data/Diving48_data/videos/bSsVWVfYU4w_00133.mp4,32,16,75,2,-1,False,False,0.0,0.0,0.0,3.203703090548515e-05,0,0,0,0,True,Error reading data/Diving48_data/videos/bSsVWVfYU4w_00133.mp4...
diving48,val,L2tKML4URG8_00007,data/Diving48_data/videos/L2tKML4URG8_00007.mp4,32,16,75,2,-1,False,False,0.0,0.0,0.0,3.616092726588249e-05,0,0,0,0,True,Error reading data/Diving48_data/videos/L2tKML4URG8_00007.mp4...
diving48,val,Le6xdQ2OO8w_00231,data/Diving48_data/videos/Le6xdQ2OO8w_00231.mp4,32,16,75,2,-1,False,False,0.0,0.0,0.0,3.310712054371834e-05,0,0,0,0,True,Error reading data/Diving48_data/videos/Le6xdQ2OO8w_00231.mp4...
diving48,val,L2tKML4URG8_00006,data/Diving48_data/videos/L2tKML4URG8_00006.mp4,32,16,75,2,-1,False,False,0.0,0.0,0.0,3.306102007627487e-05,0,0,0,0,True,Error reading data/Diving48_data/videos/L2tKML4URG8_00006.mp4...
diving48,val,bl0C6d9QgIg_00019,data/Diving48_data/videos/bl0C6d9QgIg_00019.mp4,32,16,75,2,-1,False,False,0.0,0.0,0.0,3.233808092772961e-05,0,0,0,0,True,Error reading data/Diving48_data/videos/bl0C6d9QgIg_00019.mp4...
diving48,val,L_SB1PRgDTE_00032,data/Diving48_data/videos/L_SB1PRgDTE_00032.mp4,32,16,75,2,-1,False,False,0.0,0.0,0.0,3.233295865356922e-05,0,0,0,0,True,Error reading data/Diving48_data/videos/L_SB1PRgDTE_00032.mp4...
diving48,val,MbzIpx8kAD0_00041,data/Diving48_data/videos/MbzIpx8kAD0_00041.mp4,32,16,75,2,-1,False,False,0.0,0.0,0.0,3.254786133766174e-05,0,0,0,0,True,Error reading data/Diving48_data/videos/MbzIpx8kAD0_00041.mp4...
diving48,val,Le6xdQ2OO8w_00237,data/Diving48_data/videos/Le6xdQ2OO8w_00237.mp4,32,16,75,2,-1,False,False,0.0,0.0,0.0,3.246404230594635e-05,0,0,0,0,True,Error reading data/Diving48_data/videos/Le6xdQ2OO8w_00237.mp4...
diving48,val,bSsVWVfYU4w_00165,data/Diving48_data/videos/bSsVWVfYU4w_00165.mp4,32,16,75,2,-1,False,False,0.0,0.0,0.0,3.236881457269192e-05,0,0,0,0,True,Error reading data/Diving48_data/videos/bSsVWVfYU4w_00165.mp4...
diving48,val,ovWCmIMMkRI_00039,data/Diving48_data/videos/ovWCmIMMkRI_00039.mp4,32,16,75,2,-1,False,False,0.0,0.0,0.0,3.2649142667651176e-05,0,0,0,0,True,Error reading data/Diving48_data/videos/ovWCmIMMkRI_00039.mp4...
diving48,val,Le6xdQ2OO8w_00242,data/Diving48_data/videos/Le6xdQ2OO8w_00242.mp4,32,16,75,2,-1,False,False,0.0,0.0,0.0,3.243889659643173e-05,0,0,0,0,True,Error reading data/Diving48_data/videos/Le6xdQ2OO8w_00242.mp4...
diving48,val,mGRum47TLX0_00065,data/Diving48_data/videos/mGRum47TLX0_00065.mp4,32,16,75,2,-1,False,False,0.0,0.0,0.0,3.216485492885113e-05,0,0,0,0,True,Error reading data/Diving48_data/videos/mGRum47TLX0_00065.mp4...
diving48,val,mGRum47TLX0_00059,data/Diving48_data/videos/mGRum47TLX0_00059.mp4,32,16,75,2,-1,False,False,0.0,0.0,0.0,3.2185111194849014e-05,0,0,0,0,True,Error reading data/Diving48_data/videos/mGRum47TLX0_00059.mp4...
diving48,val,Le6xdQ2OO8w_00262,data/Diving48_data/videos/Le6xdQ2OO8w_00262.mp4,32,16,75,2,-1,False,False,0.0,0.0,0.0,3.2692914828658104e-05,0,0,0,0,True,Error reading data/Diving48_data/videos/Le6xdQ2OO8w_00262.mp4...
diving48,val,Le6xdQ2OO8w_00211,data/Diving48_data/videos/Le6xdQ2OO8w_00211.mp4,32,16,75,2,-1,False,False,0.0,0.0,0.0,3.2013049349188805e-05,0,0,0,0,True,Error reading data/Diving48_data/videos/Le6xdQ2OO8w_00211.mp4...
diving48,val,bl0C6d9QgIg_00020,data/Diving48_data/videos/bl0C6d9QgIg_00020.mp4,32,16,75,2,-1,False,False,0.0,0.0,0.0,3.327406011521816e-05,0,0,0,0,True,Error reading data/Diving48_data/videos/bl0C6d9QgIg_00020.mp4...
diving48,val,Le6xdQ2OO8w_00236,data/Diving48_data/videos/Le6xdQ2OO8w_00236.mp4,32,16,75,2,-1,False,False,0.0,0.0,0.0,3.1836796551942825e-05,0,0,0,0,True,Error reading data/Diving48_data/videos/Le6xdQ2OO8w_00236.mp4...
diving48,val,Le6xdQ2OO8w_00230,data/Diving48_data/videos/Le6xdQ2OO8w_00230.mp4,32,16,75,2,-1,False,False,0.0,0.0,0.0,3.220001235604286e-05,0,0,0,0,True,Error reading data/Diving48_data/videos/Le6xdQ2OO8w_00230.mp4...
diving48,val,rRw7peH60Yw_00003,data/Diving48_data/videos/rRw7peH60Yw_00003.mp4,33,16,75,2,-1,False,False,0.0,0.0,0.0,3.17480880767107e-05,0,0,0,0,True,Error reading data/Diving48_data/videos/rRw7peH60Yw_00003.mp4...
diving48,val,XfCaMLlyj9I_00065,data/Diving48_data/videos/XfCaMLlyj9I_00065.mp4,33,16,75,2,-1,False,False,0.0,0.0,0.0,3.386614844202995e-05,0,0,0,0,True,Error reading data/Diving48_data/videos/XfCaMLlyj9I_00065.mp4...
diving48,val,XfCaMLlyj9I_00076,data/Diving48_data/videos/XfCaMLlyj9I_00076.mp4,33,16,75,2,-1,False,False,0.0,0.0,0.0,3.5828910768032074e-05,0,0,0,0,True,Error reading data/Diving48_data/videos/XfCaMLlyj9I_00076.mp4...
diving48,val,XfCaMLlyj9I_00070,data/Diving48_data/videos/XfCaMLlyj9I_00070.mp4,33,16,75,2,-1,False,False,0.0,0.0,0.0,3.3259158954024315e-05,0,0,0,0,True,Error reading data/Diving48_data/videos/XfCaMLlyj9I_00070.mp4...
diving48,val,rRw7peH60Yw_00026,data/Diving48_data/videos/rRw7peH60Yw_00026.mp4,33,16,75,2,-1,False,False,0.0,0.0,0.0,3.296905197203159e-05,0,0,0,0,True,Error reading data/Diving48_data/videos/rRw7peH60Yw_00026.mp4...
diving48,val,ovWCmIMMkRI_00049,data/Diving48_data/videos/ovWCmIMMkRI_00049.mp4,33,16,75,2,-1,False,False,0.0,0.0,0.0,3.3017946407198906e-05,0,0,0,0,True,Error reading data/Diving48_data/videos/ovWCmIMMkRI_00049.mp4...
diving48,val,k71Cc-Sm-Mg_00095,data/Diving48_data/videos/k71Cc-Sm-Mg_00095.mp4,33,16,75,2,-1,False,False,0.0,0.0,0.0,3.2769981771707535e-05,0,0,0,0,True,Error reading data/Diving48_data/videos/k71Cc-Sm-Mg_00095.mp4...
diving48,val,jMEYIEYkpY0_00076,data/Diving48_data/videos/jMEYIEYkpY0_00076.mp4,33,16,75,2,-1,False,False,0.0,0.0,0.0,3.3386051654815674e-05,0,0,0,0,True,Error reading data/Diving48_data/videos/jMEYIEYkpY0_00076.mp4...
diving48,val,jMEYIEYkpY0_00099,data/Diving48_data/videos/jMEYIEYkpY0_00099.mp4,33,16,75,2,-1,False,False,0.0,0.0,0.0,3.313389606773853e-05,0,0,0,0,True,Error reading data/Diving48_data/videos/jMEYIEYkpY0_00099.mp4...
diving48,val,rRw7peH60Yw_00005,data/Diving48_data/videos/rRw7peH60Yw_00005.mp4,33,16,75,2,-1,False,False,0.0,0.0,0.0,3.272108733654022e-05,0,0,0,0,True,Error reading data/Diving48_data/videos/rRw7peH60Yw_00005.mp4...
diving48,val,ovWCmIMMkRI_00047,data/Diving48_data/videos/ovWCmIMMkRI_00047.mp4,33,16,75,2,-1,False,False,0.0,0.0,0.0,3.213505260646343e-05,0,0,0,0,True,Error reading data/Diving48_data/videos/ovWCmIMMkRI_00047.mp4...
diving48,val,jMEYIEYkpY0_00075,data/Diving48_data/videos/jMEYIEYkpY0_00075.mp4,33,16,75,2,-1,False,False,0.0,0.0,0.0,3.2646115869283676e-05,0,0,0,0,True,Error reading data/Diving48_data/videos/jMEYIEYkpY0_00075.mp4...
diving48,val,XfCaMLlyj9I_00141,data/Diving48_data/videos/XfCaMLlyj9I_00141.mp4,33,16,75,2,-1,False,False,0.0,0.0,0.0,3.2325973734259605e-05,0,0,0,0,True,Error reading data/Diving48_data/videos/XfCaMLlyj9I_00141.mp4...
diving48,val,XfCaMLlyj9I_00063,data/Diving48_data/videos/XfCaMLlyj9I_00063.mp4,33,16,75,2,-1,False,False,0.0,0.0,0.0,3.218604251742363e-05,0,0,0,0,True,Error reading data/Diving48_data/videos/XfCaMLlyj9I_00063.mp4...
diving48,val,SbzcCzXjYSU_00041,data/Diving48_data/videos/SbzcCzXjYSU_00041.mp4,33,16,75,2,-1,False,False,0.0,0.0,0.0,3.21120023727417e-05,0,0,0,0,True,Error reading data/Diving48_data/videos/SbzcCzXjYSU_00041.mp4...
diving48,val,rRw7peH60Yw_00017,data/Diving48_data/videos/rRw7peH60Yw_00017.mp4,33,16,75,2,-1,False,False,0.0,0.0,0.0,3.244704566895962e-05,0,0,0,0,True,Error reading data/Diving48_data/videos/rRw7peH60Yw_00017.mp4...
diving48,val,k71Cc-Sm-Mg_00096,data/Diving48_data/videos/k71Cc-Sm-Mg_00096.mp4,33,16,75,2,-1,False,False,0.0,0.0,0.0,3.1834933906793594e-05,0,0,0,0,True,Error reading data/Diving48_data/videos/k71Cc-Sm-Mg_00096.mp4...
diving48,val,SbzcCzXjYSU_00042,data/Diving48_data/videos/SbzcCzXjYSU_00042.mp4,33,16,75,2,-1,False,False,0.0,0.0,0.0,3.1979987397789955e-05,0,0,0,0,True,Error reading data/Diving48_data/videos/SbzcCzXjYSU_00042.mp4...
diving48,val,XfCaMLlyj9I_00073,data/Diving48_data/videos/XfCaMLlyj9I_00073.mp4,33,16,75,2,-1,False,False,0.0,0.0,0.0,3.207707777619362e-05,0,0,0,0,True,Error reading data/Diving48_data/videos/XfCaMLlyj9I_00073.mp4...
diving48,val,k71Cc-Sm-Mg_00098,data/Diving48_data/videos/k71Cc-Sm-Mg_00098.mp4,33,16,75,2,-1,False,False,0.0,0.0,0.0,3.230199217796326e-05,0,0,0,0,True,Error reading data/Diving48_data/videos/k71Cc-Sm-Mg_00098.mp4...
diving48,val,SbzcCzXjYSU_00023,data/Diving48_data/videos/SbzcCzXjYSU_00023.mp4,34,16,75,2,-1,False,False,0.0,0.0,0.0,3.21210827678442e-05,0,0,0,0,True,Error reading data/Diving48_data/videos/SbzcCzXjYSU_00023.mp4...
diving48,val,roFeEJPgJD8_00025,data/Diving48_data/videos/roFeEJPgJD8_00025.mp4,34,16,75,2,-1,False,False,0.0,0.0,0.0,3.468594513833523e-05,0,0,0,0,True,Error reading data/Diving48_data/videos/roFeEJPgJD8_00025.mp4...
diving48,val,SbzcCzXjYSU_00024,data/Diving48_data/videos/SbzcCzXjYSU_00024.mp4,34,16,75,2,-1,False,False,0.0,0.0,0.0,3.2366951927542686e-05,0,0,0,0,True,Error reading data/Diving48_data/videos/SbzcCzXjYSU_00024.mp4...
diving48,val,yHo2oERGo7A_00073,data/Diving48_data/videos/yHo2oERGo7A_00073.mp4,34,16,75,2,-1,False,False,0.0,0.0,0.0,3.21029219776392e-05,0,0,0,0,True,Error reading data/Diving48_data/videos/yHo2oERGo7A_00073.mp4...
diving48,val,yHo2oERGo7A_00013,data/Diving48_data/videos/yHo2oERGo7A_00013.mp4,34,16,75,2,-1,False,False,0.0,0.0,0.0,3.2363925129175186e-05,0,0,0,0,True,Error reading data/Diving48_data/videos/yHo2oERGo7A_00013.mp4...
diving48,val,yHo2oERGo7A_00031,data/Diving48_data/videos/yHo2oERGo7A_00031.mp4,34,16,75,2,-1,False,False,0.0,0.0,0.0,3.165402449667454e-05,0,0,0,0,True,Error reading data/Diving48_data/videos/yHo2oERGo7A_00031.mp4...
diving48,val,yHo2oERGo7A_00039,data/Diving48_data/videos/yHo2oERGo7A_00039.mp4,34,16,75,2,-1,False,False,0.0,0.0,0.0,3.14109493046999e-05,0,0,0,0,True,Error reading data/Diving48_data/videos/yHo2oERGo7A_00039.mp4...
diving48,val,jMEYIEYkpY0_00057,data/Diving48_data/videos/jMEYIEYkpY0_00057.mp4,34,16,75,2,-1,False,False,0.0,0.0,0.0,3.195996396243572e-05,0,0,0,0,True,Error reading data/Diving48_data/videos/jMEYIEYkpY0_00057.mp4...
diving48,val,CVAfPfVFulQ_00069,data/Diving48_data/videos/CVAfPfVFulQ_00069.mp4,34,16,75,2,-1,False,False,0.0,0.0,0.0,3.227312117815018e-05,0,0,0,0,True,Error reading data/Diving48_data/videos/CVAfPfVFulQ_00069.mp4...
diving48,val,SbzcCzXjYSU_00012,data/Diving48_data/videos/SbzcCzXjYSU_00012.mp4,34,16,75,2,-1,False,False,0.0,0.0,0.0,3.4142984077334404e-05,0,0,0,0,True,Error reading data/Diving48_data/videos/SbzcCzXjYSU_00012.mp4...
diving48,val,zmacW6f2Tdk_00012,data/Diving48_data/videos/zmacW6f2Tdk_00012.mp4,34,16,75,2,-1,False,False,0.0,0.0,0.0,3.148498944938183e-05,0,0,0,0,True,Error reading data/Diving48_data/videos/zmacW6f2Tdk_00012.mp4...
diving48,val,bSsVWVfYU4w_00146,data/Diving48_data/videos/bSsVWVfYU4w_00146.mp4,34,16,75,2,-1,False,False,0.0,0.0,0.0,3.240094520151615e-05,0,0,0,0,True,Error reading data/Diving48_data/videos/bSsVWVfYU4w_00146.mp4...
diving48,val,yHo2oERGo7A_00010,data/Diving48_data/videos/yHo2oERGo7A_00010.mp4,34,16,75,2,-1,False,False,0.0,0.0,0.0,3.232806921005249e-05,0,0,0,0,True,Error reading data/Diving48_data/videos/yHo2oERGo7A_00010.mp4...
diving48,val,SbzcCzXjYSU_00010,data/Diving48_data/videos/SbzcCzXjYSU_00010.mp4,34,16,75,2,-1,False,False,0.0,0.0,0.0,3.2051932066679e-05,0,0,0,0,True,Error reading data/Diving48_data/videos/SbzcCzXjYSU_00010.mp4...
diving48,val,yHo2oERGo7A_00030,data/Diving48_data/videos/yHo2oERGo7A_00030.mp4,34,16,75,2,-1,False,False,0.0,0.0,0.0,3.230292350053787e-05,0,0,0,0,True,Error reading data/Diving48_data/videos/yHo2oERGo7A_00030.mp4...
diving48,val,SbzcCzXjYSU_00013,data/Diving48_data/videos/SbzcCzXjYSU_00013.mp4,34,16,75,2,-1,False,False,0.0,0.0,0.0,3.329990431666374e-05,0,0,0,0,True,Error reading data/Diving48_data/videos/SbzcCzXjYSU_00013.mp4...
diving48,val,bSsVWVfYU4w_00145,data/Diving48_data/videos/bSsVWVfYU4w_00145.mp4,34,16,75,2,-1,False,False,0.0,0.0,0.0,3.299699164927006e-05,0,0,0,0,True,Error reading data/Diving48_data/videos/bSsVWVfYU4w_00145.mp4...
diving48,val,CVAfPfVFulQ_00057,data/Diving48_data/videos/CVAfPfVFulQ_00057.mp4,34,16,75,2,-1,False,False,0.0,0.0,0.0,3.224797546863556e-05,0,0,0,0,True,Error reading data/Diving48_data/videos/CVAfPfVFulQ_00057.mp4...
diving48,val,SbzcCzXjYSU_00025,data/Diving48_data/videos/SbzcCzXjYSU_00025.mp4,34,16,75,2,-1,False,False,0.0,0.0,0.0,3.272993490099907e-05,0,0,0,0,True,Error reading data/Diving48_data/videos/SbzcCzXjYSU_00025.mp4...
diving48,val,CVAfPfVFulQ_00050,data/Diving48_data/videos/CVAfPfVFulQ_00050.mp4,34,16,75,2,-1,False,False,0.0,0.0,0.0,3.194715827703476e-05,0,0,0,0,True,Error reading data/Diving48_data/videos/CVAfPfVFulQ_00050.mp4...
diving48,val,qD3IMtAanSg_00096,data/Diving48_data/videos/qD3IMtAanSg_00096.mp4,35,16,75,2,-1,False,False,0.0,0.0,0.0,0.00010125385597348213,0,0,0,0,True,Error reading data/Diving48_data/videos/qD3IMtAanSg_00096.mp4...
diving48,val,zBXtMcI41z8_00079,data/Diving48_data/videos/zBXtMcI41z8_00079.mp4,35,16,75,2,-1,False,False,0.0,0.0,0.0,3.2262178137898445e-05,0,0,0,0,True,Error reading data/Diving48_data/videos/zBXtMcI41z8_00079.mp4...
diving48,val,sFO6XlfgxNQ_00065,data/Diving48_data/videos/sFO6XlfgxNQ_00065.mp4,35,16,75,2,-1,False,False,0.0,0.0,0.0,3.281189128756523e-05,0,0,0,0,True,Error reading data/Diving48_data/videos/sFO6XlfgxNQ_00065.mp4...
diving48,val,XfCaMLlyj9I_00128,data/Diving48_data/videos/XfCaMLlyj9I_00128.mp4,35,16,75,2,-1,False,False,0.0,0.0,0.0,3.215717151761055e-05,0,0,0,0,True,Error reading data/Diving48_data/videos/XfCaMLlyj9I_00128.mp4...
diving48,val,XfCaMLlyj9I_00124,data/Diving48_data/videos/XfCaMLlyj9I_00124.mp4,35,16,75,2,-1,False,False,0.0,0.0,0.0,3.1602103263139725e-05,0,0,0,0,True,Error reading data/Diving48_data/videos/XfCaMLlyj9I_00124.mp4...
diving48,val,zBXtMcI41z8_00078,data/Diving48_data/videos/zBXtMcI41z8_00078.mp4,35,16,75,2,-1,False,False,0.0,0.0,0.0,3.278092481195927e-05,0,0,0,0,True,Error reading data/Diving48_data/videos/zBXtMcI41z8_00078.mp4...
diving48,val,qD3IMtAanSg_00095,data/Diving48_data/videos/qD3IMtAanSg_00095.mp4,35,16,75,2,-1,False,False,0.0,0.0,0.0,3.226497210562229e-05,0,0,0,0,True,Error reading data/Diving48_data/videos/qD3IMtAanSg_00095.mp4...
diving48,val,XfCaMLlyj9I_00085,data/Diving48_data/videos/XfCaMLlyj9I_00085.mp4,35,16,75,2,-1,False,False,0.0,0.0,0.0,3.248103894293308e-05,0,0,0,0,True,Error reading data/Diving48_data/videos/XfCaMLlyj9I_00085.mp4...
diving48,val,k71Cc-Sm-Mg_00142,data/Diving48_data/videos/k71Cc-Sm-Mg_00142.mp4,35,16,75,2,-1,False,False,0.0,0.0,0.0,3.200001083314419e-05,0,0,0,0,True,Error reading data/Diving48_data/videos/k71Cc-Sm-Mg_00142.mp4...
diving48,val,k71Cc-Sm-Mg_00149,data/Diving48_data/videos/k71Cc-Sm-Mg_00149.mp4,35,16,75,2,-1,False,False,0.0,0.0,0.0,3.2588839530944824e-05,0,0,0,0,True,Error reading data/Diving48_data/videos/k71Cc-Sm-Mg_00149.mp4...
diving48,val,sFO6XlfgxNQ_00066,data/Diving48_data/videos/sFO6XlfgxNQ_00066.mp4,35,16,75,2,-1,False,False,0.0,0.0,0.0,3.1908974051475525e-05,0,0,0,0,True,Error reading data/Diving48_data/videos/sFO6XlfgxNQ_00066.mp4...
diving48,val,sFO6XlfgxNQ_00064,data/Diving48_data/videos/sFO6XlfgxNQ_00064.mp4,35,16,75,2,-1,False,False,0.0,0.0,0.0,3.172201104462147e-05,0,0,0,0,True,Error reading data/Diving48_data/videos/sFO6XlfgxNQ_00064.mp4...
diving48,val,sFO6XlfgxNQ_00078,data/Diving48_data/videos/sFO6XlfgxNQ_00078.mp4,35,16,75,2,-1,False,False,0.0,0.0,0.0,3.220117650926113e-05,0,0,0,0,True,Error reading data/Diving48_data/videos/sFO6XlfgxNQ_00078.mp4...
diving48,val,sFO6XlfgxNQ_00076,data/Diving48_data/videos/sFO6XlfgxNQ_00076.mp4,35,16,75,2,-1,False,False,0.0,0.0,0.0,3.188801929354668e-05,0,0,0,0,True,Error reading data/Diving48_data/videos/sFO6XlfgxNQ_00076.mp4...
diving48,val,zBXtMcI41z8_00035,data/Diving48_data/videos/zBXtMcI41z8_00035.mp4,35,16,75,2,-1,False,False,0.0,0.0,0.0,3.183213993906975e-05,0,0,0,0,True,Error reading data/Diving48_data/videos/zBXtMcI41z8_00035.mp4...
diving48,val,k71Cc-Sm-Mg_00143,data/Diving48_data/videos/k71Cc-Sm-Mg_00143.mp4,35,16,75,2,-1,False,False,0.0,0.0,0.0,3.179721534252167e-05,0,0,0,0,True,Error reading data/Diving48_data/videos/k71Cc-Sm-Mg_00143.mp4...
diving48,val,jMEYIEYkpY0_00046,data/Diving48_data/videos/jMEYIEYkpY0_00046.mp4,35,16,75,2,-1,False,False,0.0,0.0,0.0,3.4411903470754623e-05,0,0,0,0,True,Error reading data/Diving48_data/videos/jMEYIEYkpY0_00046.mp4...
diving48,val,jMEYIEYkpY0_00051,data/Diving48_data/videos/jMEYIEYkpY0_00051.mp4,35,16,75,2,-1,False,False,0.0,0.0,0.0,3.289710730314255e-05,0,0,0,0,True,Error reading data/Diving48_data/videos/jMEYIEYkpY0_00051.mp4...
diving48,val,qD3IMtAanSg_00087,data/Diving48_data/videos/qD3IMtAanSg_00087.mp4,35,16,75,2,-1,False,False,0.0,0.0,0.0,3.284495323896408e-05,0,0,0,0,True,Error reading data/Diving48_data/videos/qD3IMtAanSg_00087.mp4...
diving48,val,sFO6XlfgxNQ_00108,data/Diving48_data/videos/sFO6XlfgxNQ_00108.mp4,35,16,75,2,-1,False,False,0.0,0.0,0.0,3.192899748682976e-05,0,0,0,0,True,Error reading data/Diving48_data/videos/sFO6XlfgxNQ_00108.mp4...
diving48,val,k71Cc-Sm-Mg_00005,data/Diving48_data/videos/k71Cc-Sm-Mg_00005.mp4,36,16,75,2,-1,False,False,0.0,0.0,0.0,3.2229116186499596e-05,0,0,0,0,True,Error reading data/Diving48_data/videos/k71Cc-Sm-Mg_00005.mp4...
diving48,val,Le6xdQ2OO8w_00107,data/Diving48_data/videos/Le6xdQ2OO8w_00107.mp4,36,16,75,2,-1,False,False,0.0,0.0,0.0,3.168894909322262e-05,0,0,0,0,True,Error reading data/Diving48_data/videos/Le6xdQ2OO8w_00107.mp4...
diving48,val,bSsVWVfYU4w_00042,data/Diving48_data/videos/bSsVWVfYU4w_00042.mp4,36,16,75,2,-1,False,False,0.0,0.0,0.0,3.1539006158709526e-05,0,0,0,0,True,Error reading data/Diving48_data/videos/bSsVWVfYU4w_00042.mp4...
diving48,val,sFO6XlfgxNQ_00011,data/Diving48_data/videos/sFO6XlfgxNQ_00011.mp4,36,16,75,2,-1,False,False,0.0,0.0,0.0,3.2423995435237885e-05,0,0,0,0,True,Error reading data/Diving48_data/videos/sFO6XlfgxNQ_00011.mp4...
diving48,val,sFO6XlfgxNQ_00010,data/Diving48_data/videos/sFO6XlfgxNQ_00010.mp4,36,16,75,2,-1,False,False,0.0,0.0,0.0,3.230082802474499e-05,0,0,0,0,True,Error reading data/Diving48_data/videos/sFO6XlfgxNQ_00010.mp4...
diving48,val,mGRum47TLX0_00021,data/Diving48_data/videos/mGRum47TLX0_00021.mp4,36,16,75,2,-1,False,False,0.0,0.0,0.0,3.195996396243572e-05,0,0,0,0,True,Error reading data/Diving48_data/videos/mGRum47TLX0_00021.mp4...
diving48,val,zBXtMcI41z8_00092,data/Diving48_data/videos/zBXtMcI41z8_00092.mp4,36,16,75,2,-1,False,False,0.0,0.0,0.0,3.2791867852211e-05,0,0,0,0,True,Error reading data/Diving48_data/videos/zBXtMcI41z8_00092.mp4...
diving48,val,TMJ1XIZBRW4_00009,data/Diving48_data/videos/TMJ1XIZBRW4_00009.mp4,36,16,75,2,-1,False,False,0.0,0.0,0.0,3.300514072179794e-05,0,0,0,0,True,Error reading data/Diving48_data/videos/TMJ1XIZBRW4_00009.mp4...
diving48,val,Le6xdQ2OO8w_00096,data/Diving48_data/videos/Le6xdQ2OO8w_00096.mp4,36,16,75,2,-1,False,False,0.0,0.0,0.0,3.316299989819527e-05,0,0,0,0,True,Error reading data/Diving48_data/videos/Le6xdQ2OO8w_00096.mp4...
diving48,val,bSsVWVfYU4w_00035,data/Diving48_data/videos/bSsVWVfYU4w_00035.mp4,36,16,75,2,-1,False,False,0.0,0.0,0.0,3.28640453517437e-05,0,0,0,0,True,Error reading data/Diving48_data/videos/bSsVWVfYU4w_00035.mp4...
diving48,val,Le6xdQ2OO8w_00100,data/Diving48_data/videos/Le6xdQ2OO8w_00100.mp4,36,16,75,2,-1,False,False,0.0,0.0,0.0,3.192294389009476e-05,0,0,0,0,True,Error reading data/Diving48_data/videos/Le6xdQ2OO8w_00100.mp4...
diving48,val,bSsVWVfYU4w_00088,data/Diving48_data/videos/bSsVWVfYU4w_00088.mp4,36,16,75,2,-1,False,False,0.0,0.0,0.0,3.228778950870037e-05,0,0,0,0,True,Error reading data/Diving48_data/videos/bSsVWVfYU4w_00088.mp4...
diving48,val,sFO6XlfgxNQ_00007,data/Diving48_data/videos/sFO6XlfgxNQ_00007.mp4,36,16,75,2,-1,False,False,0.0,0.0,0.0,3.2114097848534584e-05,0,0,0,0,True,Error reading data/Diving48_data/videos/sFO6XlfgxNQ_00007.mp4...
diving48,val,Le6xdQ2OO8w_00116,data/Diving48_data/videos/Le6xdQ2OO8w_00116.mp4,36,16,75,2,-1,False,False,0.0,0.0,0.0,3.200420178472996e-05,0,0,0,0,True,Error reading data/Diving48_data/videos/Le6xdQ2OO8w_00116.mp4...
diving48,val,sFO6XlfgxNQ_00006,data/Diving48_data/videos/sFO6XlfgxNQ_00006.mp4,36,16,75,2,-1,False,False,0.0,0.0,0.0,3.17839439958334e-05,0,0,0,0,True,Error reading data/Diving48_data/videos/sFO6XlfgxNQ_00006.mp4...
diving48,val,zBXtMcI41z8_00005,data/Diving48_data/videos/zBXtMcI41z8_00005.mp4,36,16,75,2,-1,False,False,0.0,0.0,0.0,3.2378826290369034e-05,0,0,0,0,True,Error reading data/Diving48_data/videos/zBXtMcI41z8_00005.mp4...
diving48,val,Le6xdQ2OO8w_00114,data/Diving48_data/videos/Le6xdQ2OO8w_00114.mp4,36,16,75,2,-1,False,False,0.0,0.0,0.0,3.1769974157214165e-05,0,0,0,0,True,Error reading data/Diving48_data/videos/Le6xdQ2OO8w_00114.mp4...
diving48,val,ovWCmIMMkRI_00027,data/Diving48_data/videos/ovWCmIMMkRI_00027.mp4,36,16,75,2,-1,False,False,0.0,0.0,0.0,3.2939016819000244e-05,0,0,0,0,True,Error reading data/Diving48_data/videos/ovWCmIMMkRI_00027.mp4...
diving48,val,Le6xdQ2OO8w_00112,data/Diving48_data/videos/Le6xdQ2OO8w_00112.mp4,36,16,75,2,-1,False,False,0.0,0.0,0.0,3.2573938369750977e-05,0,0,0,0,True,Error reading data/Diving48_data/videos/Le6xdQ2OO8w_00112.mp4...
diving48,val,zBXtMcI41z8_00086,data/Diving48_data/videos/zBXtMcI41z8_00086.mp4,36,16,75,2,-1,False,False,0.0,0.0,0.0,3.28009482473135e-05,0,0,0,0,True,Error reading data/Diving48_data/videos/zBXtMcI41z8_00086.mp4...
diving48,val,SbzcCzXjYSU_00006,data/Diving48_data/videos/SbzcCzXjYSU_00006.mp4,37,16,75,2,-1,False,False,0.0,0.0,0.0,3.301817923784256e-05,0,0,0,0,True,Error reading data/Diving48_data/videos/SbzcCzXjYSU_00006.mp4...
diving48,val,bSsVWVfYU4w_00091,data/Diving48_data/videos/bSsVWVfYU4w_00091.mp4,37,16,75,2,-1,False,False,0.0,0.0,0.0,3.287498839199543e-05,0,0,0,0,True,Error reading data/Diving48_data/videos/bSsVWVfYU4w_00091.mp4...
diving48,val,bSsVWVfYU4w_00090,data/Diving48_data/videos/bSsVWVfYU4w_00090.mp4,37,16,75,2,-1,False,False,0.0,0.0,0.0,3.2992102205753326e-05,0,0,0,0,True,Error reading data/Diving48_data/videos/bSsVWVfYU4w_00090.mp4...
diving48,val,SbzcCzXjYSU_00005,data/Diving48_data/videos/SbzcCzXjYSU_00005.mp4,37,16,75,2,-1,False,False,0.0,0.0,0.0,3.226194530725479e-05,0,0,0,0,True,Error reading data/Diving48_data/videos/SbzcCzXjYSU_00005.mp4...
diving48,val,cs8g1es4vfM_00036,data/Diving48_data/videos/cs8g1es4vfM_00036.mp4,38,16,75,2,-1,False,False,0.0,0.0,0.0,3.4582801163196564e-05,0,0,0,0,True,Error reading data/Diving48_data/videos/cs8g1es4vfM_00036.mp4...
diving48,val,cs8g1es4vfM_00037,data/Diving48_data/videos/cs8g1es4vfM_00037.mp4,38,16,75,2,-1,False,False,0.0,0.0,0.0,3.244099207222462e-05,0,0,0,0,True,Error reading data/Diving48_data/videos/cs8g1es4vfM_00037.mp4...
diving48,val,yHo2oERGo7A_00094,data/Diving48_data/videos/yHo2oERGo7A_00094.mp4,39,16,75,2,-1,False,False,0.0,0.0,0.0,3.231293521821499e-05,0,0,0,0,True,Error reading data/Diving48_data/videos/yHo2oERGo7A_00094.mp4...
diving48,val,yHo2oERGo7A_00095,data/Diving48_data/videos/yHo2oERGo7A_00095.mp4,39,16,75,2,-1,False,False,0.0,0.0,0.0,3.199093043804169e-05,0,0,0,0,True,Error reading data/Diving48_data/videos/yHo2oERGo7A_00095.mp4...
diving48,val,cs8g1es4vfM_00044,data/Diving48_data/videos/cs8g1es4vfM_00044.mp4,39,16,75,2,-1,False,False,0.0,0.0,0.0,3.203912638127804e-05,0,0,0,0,True,Error reading data/Diving48_data/videos/cs8g1es4vfM_00044.mp4...
diving48,val,cs8g1es4vfM_00045,data/Diving48_data/videos/cs8g1es4vfM_00045.mp4,39,16,75,2,-1,False,False,0.0,0.0,0.0,3.202795051038265e-05,0,0,0,0,True,Error reading data/Diving48_data/videos/cs8g1es4vfM_00045.mp4...
diving48,val,yHo2oERGo7A_00093,data/Diving48_data/videos/yHo2oERGo7A_00093.mp4,39,16,75,2,-1,False,False,0.0,0.0,0.0,3.2014911994338036e-05,0,0,0,0,True,Error reading data/Diving48_data/videos/yHo2oERGo7A_00093.mp4...
diving48,val,rRw7peH60Yw_00033,data/Diving48_data/videos/rRw7peH60Yw_00033.mp4,40,16,75,2,-1,False,False,0.0,0.0,0.0,3.2744137570261955e-05,0,0,0,0,True,Error reading data/Diving48_data/videos/rRw7peH60Yw_00033.mp4...
diving48,val,rRw7peH60Yw_00012,data/Diving48_data/videos/rRw7peH60Yw_00012.mp4,40,16,75,2,-1,False,False,0.0,0.0,0.0,3.196578472852707e-05,0,0,0,0,True,Error reading data/Diving48_data/videos/rRw7peH60Yw_00012.mp4...
diving48,val,sRA_iEJGHtU_00001,data/Diving48_data/videos/sRA_iEJGHtU_00001.mp4,41,16,75,2,-1,False,False,0.0,0.0,0.0,3.242003731429577e-05,0,0,0,0,True,Error reading data/Diving48_data/videos/sRA_iEJGHtU_00001.mp4...
diving48,val,cs8g1es4vfM_00007,data/Diving48_data/videos/cs8g1es4vfM_00007.mp4,41,16,75,2,-1,False,False,0.0,0.0,0.0,3.2912008464336395e-05,0,0,0,0,True,Error reading data/Diving48_data/videos/cs8g1es4vfM_00007.mp4...
diving48,val,zmacW6f2Tdk_00055,data/Diving48_data/videos/zmacW6f2Tdk_00055.mp4,41,16,75,2,-1,False,False,0.0,0.0,0.0,3.453809767961502e-05,0,0,0,0,True,Error reading data/Diving48_data/videos/zmacW6f2Tdk_00055.mp4...
diving48,val,SbzcCzXjYSU_00035,data/Diving48_data/videos/SbzcCzXjYSU_00035.mp4,41,16,75,2,-1,False,False,0.0,0.0,0.0,3.437488339841366e-05,0,0,0,0,True,Error reading data/Diving48_data/videos/SbzcCzXjYSU_00035.mp4...
diving48,val,SbzcCzXjYSU_00036,data/Diving48_data/videos/SbzcCzXjYSU_00036.mp4,41,16,75,2,-1,False,False,0.0,0.0,0.0,3.2637035474181175e-05,0,0,0,0,True,Error reading data/Diving48_data/videos/SbzcCzXjYSU_00036.mp4...
diving48,val,SbzcCzXjYSU_00037,data/Diving48_data/videos/SbzcCzXjYSU_00037.mp4,41,16,75,2,-1,False,False,0.0,0.0,0.0,3.2800016924738884e-05,0,0,0,0,True,Error reading data/Diving48_data/videos/SbzcCzXjYSU_00037.mp4...
diving48,val,sRA_iEJGHtU_00003,data/Diving48_data/videos/sRA_iEJGHtU_00003.mp4,41,16,75,2,-1,False,False,0.0,0.0,0.0,3.2593030482530594e-05,0,0,0,0,True,Error reading data/Diving48_data/videos/sRA_iEJGHtU_00003.mp4...
diving48,val,sRA_iEJGHtU_00000,data/Diving48_data/videos/sRA_iEJGHtU_00000.mp4,41,16,75,2,-1,False,False,0.0,0.0,0.0,3.310712054371834e-05,0,0,0,0,True,Error reading data/Diving48_data/videos/sRA_iEJGHtU_00000.mp4...
diving48,val,cs8g1es4vfM_00006,data/Diving48_data/videos/cs8g1es4vfM_00006.mp4,41,16,75,2,-1,False,False,0.0,0.0,0.0,3.2640062272548676e-05,0,0,0,0,True,Error reading data/Diving48_data/videos/cs8g1es4vfM_00006.mp4...
diving48,val,sRA_iEJGHtU_00002,data/Diving48_data/videos/sRA_iEJGHtU_00002.mp4,41,16,75,2,-1,False,False,0.0,0.0,0.0,3.2528070732951164e-05,0,0,0,0,True,Error reading data/Diving48_data/videos/sRA_iEJGHtU_00002.mp4...
diving48,val,k71Cc-Sm-Mg_00180,data/Diving48_data/videos/k71Cc-Sm-Mg_00180.mp4,42,16,75,2,-1,False,False,0.0,0.0,0.0,3.3088959753513336e-05,0,0,0,0,True,Error reading data/Diving48_data/videos/k71Cc-Sm-Mg_00180.mp4...
diving48,val,k71Cc-Sm-Mg_00179,data/Diving48_data/videos/k71Cc-Sm-Mg_00179.mp4,42,16,75,2,-1,False,False,0.0,0.0,0.0,3.2207928597927094e-05,0,0,0,0,True,Error reading data/Diving48_data/videos/k71Cc-Sm-Mg_00179.mp4...
diving48,val,rRw7peH60Yw_00023,data/Diving48_data/videos/rRw7peH60Yw_00023.mp4,42,16,75,2,-1,False,False,0.0,0.0,0.0,3.239302895963192e-05,0,0,0,0,True,Error reading data/Diving48_data/videos/rRw7peH60Yw_00023.mp4...
diving48,val,SbzcCzXjYSU_00044,data/Diving48_data/videos/SbzcCzXjYSU_00044.mp4,43,16,75,2,-1,False,False,0.0,0.0,0.0,3.216788172721863e-05,0,0,0,0,True,Error reading data/Diving48_data/videos/SbzcCzXjYSU_00044.mp4...
diving48,val,SbzcCzXjYSU_00046,data/Diving48_data/videos/SbzcCzXjYSU_00046.mp4,43,16,75,2,-1,False,False,0.0,0.0,0.0,3.1984178349375725e-05,0,0,0,0,True,Error reading data/Diving48_data/videos/SbzcCzXjYSU_00046.mp4...
diving48,val,rRw7peH60Yw_00022,data/Diving48_data/videos/rRw7peH60Yw_00022.mp4,43,16,75,2,-1,False,False,0.0,0.0,0.0,3.2504089176654816e-05,0,0,0,0,True,Error reading data/Diving48_data/videos/rRw7peH60Yw_00022.mp4...
diving48,val,rRw7peH60Yw_00007,data/Diving48_data/videos/rRw7peH60Yw_00007.mp4,43,16,75,2,-1,False,False,0.0,0.0,0.0,3.296299837529659e-05,0,0,0,0,True,Error reading data/Diving48_data/videos/rRw7peH60Yw_00007.mp4...
diving48,val,SbzcCzXjYSU_00017,data/Diving48_data/videos/SbzcCzXjYSU_00017.mp4,43,16,75,2,-1,False,False,0.0,0.0,0.0,3.282283432781696e-05,0,0,0,0,True,Error reading data/Diving48_data/videos/SbzcCzXjYSU_00017.mp4...
diving48,val,zmacW6f2Tdk_00053,data/Diving48_data/videos/zmacW6f2Tdk_00053.mp4,43,16,75,2,-1,False,False,0.0,0.0,0.0,3.363005816936493e-05,0,0,0,0,True,Error reading data/Diving48_data/videos/zmacW6f2Tdk_00053.mp4...
diving48,val,SbzcCzXjYSU_00045,data/Diving48_data/videos/SbzcCzXjYSU_00045.mp4,43,16,75,2,-1,False,False,0.0,0.0,0.0,3.224494867026806e-05,0,0,0,0,True,Error reading data/Diving48_data/videos/SbzcCzXjYSU_00045.mp4...
diving48,val,zmacW6f2Tdk_00054,data/Diving48_data/videos/zmacW6f2Tdk_00054.mp4,43,16,75,2,-1,False,False,0.0,0.0,0.0,3.1735049560666084e-05,0,0,0,0,True,Error reading data/Diving48_data/videos/zmacW6f2Tdk_00054.mp4...
diving48,val,8qRmKunCjtY_00017,data/Diving48_data/videos/8qRmKunCjtY_00017.mp4,43,16,75,2,-1,False,False,0.0,0.0,0.0,9.758095256984234e-05,0,0,0,0,True,Error reading data/Diving48_data/videos/8qRmKunCjtY_00017.mp4...
diving48,val,yHo2oERGo7A_00074,data/Diving48_data/videos/yHo2oERGo7A_00074.mp4,44,16,75,2,-1,False,False,0.0,0.0,0.0,3.42989806085825e-05,0,0,0,0,True,Error reading data/Diving48_data/videos/yHo2oERGo7A_00074.mp4...
diving48,val,roFeEJPgJD8_00023,data/Diving48_data/videos/roFeEJPgJD8_00023.mp4,44,16,75,2,-1,False,False,0.0,0.0,0.0,3.3630989491939545e-05,0,0,0,0,True,Error reading data/Diving48_data/videos/roFeEJPgJD8_00023.mp4...
diving48,val,Le6xdQ2OO8w_00223,data/Diving48_data/videos/Le6xdQ2OO8w_00223.mp4,44,16,75,2,-1,False,False,0.0,0.0,0.0,3.2881973311305046e-05,0,0,0,0,True,Error reading data/Diving48_data/videos/Le6xdQ2OO8w_00223.mp4...
diving48,val,zmacW6f2Tdk_00022,data/Diving48_data/videos/zmacW6f2Tdk_00022.mp4,44,16,75,2,-1,False,False,0.0,0.0,0.0,3.2307812944054604e-05,0,0,0,0,True,Error reading data/Diving48_data/videos/zmacW6f2Tdk_00022.mp4...
diving48,val,CVAfPfVFulQ_00074,data/Diving48_data/videos/CVAfPfVFulQ_00074.mp4,44,16,75,2,-1,False,False,0.0,0.0,0.0,3.201398067176342e-05,0,0,0,0,True,Error reading data/Diving48_data/videos/CVAfPfVFulQ_00074.mp4...
diving48,val,yHo2oERGo7A_00049,data/Diving48_data/videos/yHo2oERGo7A_00049.mp4,44,16,75,2,-1,False,False,0.0,0.0,0.0,3.218487836420536e-05,0,0,0,0,True,Error reading data/Diving48_data/videos/yHo2oERGo7A_00049.mp4...
diving48,val,SbzcCzXjYSU_00026,data/Diving48_data/videos/SbzcCzXjYSU_00026.mp4,44,16,75,2,-1,False,False,0.0,0.0,0.0,3.214809112250805e-05,0,0,0,0,True,Error reading data/Diving48_data/videos/SbzcCzXjYSU_00026.mp4...
diving48,val,jMEYIEYkpY0_00086,data/Diving48_data/videos/jMEYIEYkpY0_00086.mp4,44,16,75,2,-1,False,False,0.0,0.0,0.0,3.331317566335201e-05,0,0,0,0,True,Error reading data/Diving48_data/videos/jMEYIEYkpY0_00086.mp4...
diving48,val,jMEYIEYkpY0_00071,data/Diving48_data/videos/jMEYIEYkpY0_00071.mp4,44,16,75,2,-1,False,False,0.0,0.0,0.0,3.357394598424435e-05,0,0,0,0,True,Error reading data/Diving48_data/videos/jMEYIEYkpY0_00071.mp4...
diving48,val,roFeEJPgJD8_00024,data/Diving48_data/videos/roFeEJPgJD8_00024.mp4,44,16,75,2,-1,False,False,0.0,0.0,0.0,3.277393989264965e-05,0,0,0,0,True,Error reading data/Diving48_data/videos/roFeEJPgJD8_00024.mp4...
diving48,val,TMJ1XIZBRW4_00049,data/Diving48_data/videos/TMJ1XIZBRW4_00049.mp4,44,16,75,2,-1,False,False,0.0,0.0,0.0,3.27348243445158e-05,0,0,0,0,True,Error reading data/Diving48_data/videos/TMJ1XIZBRW4_00049.mp4...
diving48,val,cs8g1es4vfM_00030,data/Diving48_data/videos/cs8g1es4vfM_00030.mp4,44,16,75,2,-1,False,False,0.0,0.0,0.0,3.261398524045944e-05,0,0,0,0,True,Error reading data/Diving48_data/videos/cs8g1es4vfM_00030.mp4...
diving48,val,yHo2oERGo7A_00062,data/Diving48_data/videos/yHo2oERGo7A_00062.mp4,44,16,75,2,-1,False,False,0.0,0.0,0.0,3.463681787252426e-05,0,0,0,0,True,Error reading data/Diving48_data/videos/yHo2oERGo7A_00062.mp4...
diving48,val,yHo2oERGo7A_00080,data/Diving48_data/videos/yHo2oERGo7A_00080.mp4,44,16,75,2,-1,False,False,0.0,0.0,0.0,3.437604755163193e-05,0,0,0,0,True,Error reading data/Diving48_data/videos/yHo2oERGo7A_00080.mp4...
diving48,val,jMEYIEYkpY0_00085,data/Diving48_data/videos/jMEYIEYkpY0_00085.mp4,44,16,75,2,-1,False,False,0.0,0.0,0.0,3.463192842900753e-05,0,0,0,0,True,Error reading data/Diving48_data/videos/jMEYIEYkpY0_00085.mp4...
diving48,val,yHo2oERGo7A_00050,data/Diving48_data/videos/yHo2oERGo7A_00050.mp4,44,16,75,2,-1,False,False,0.0,0.0,0.0,3.390992060303688e-05,0,0,0,0,True,Error reading data/Diving48_data/videos/yHo2oERGo7A_00050.mp4...
diving48,val,zmacW6f2Tdk_00033,data/Diving48_data/videos/zmacW6f2Tdk_00033.mp4,44,16,75,2,-1,False,False,0.0,0.0,0.0,3.3868011087179184e-05,0,0,0,0,True,Error reading data/Diving48_data/videos/zmacW6f2Tdk_00033.mp4...
diving48,val,Le6xdQ2OO8w_00222,data/Diving48_data/videos/Le6xdQ2OO8w_00222.mp4,44,16,75,2,-1,False,False,0.0,0.0,0.0,3.366800956428051e-05,0,0,0,0,True,Error reading data/Diving48_data/videos/Le6xdQ2OO8w_00222.mp4...
diving48,val,cs8g1es4vfM_00026,data/Diving48_data/videos/cs8g1es4vfM_00026.mp4,44,16,75,2,-1,False,False,0.0,0.0,0.0,3.388896584510803e-05,0,0,0,0,True,Error reading data/Diving48_data/videos/cs8g1es4vfM_00026.mp4...
diving48,val,yHo2oERGo7A_00063,data/Diving48_data/videos/yHo2oERGo7A_00063.mp4,44,16,75,2,-1,False,False,0.0,0.0,0.0,3.2803043723106384e-05,0,0,0,0,True,Error reading data/Diving48_data/videos/yHo2oERGo7A_00063.mp4...
diving48,val,rRw7peH60Yw_00015,data/Diving48_data/videos/rRw7peH60Yw_00015.mp4,45,16,75,2,-1,False,False,0.0,0.0,0.0,3.3904099836945534e-05,0,0,0,0,True,Error reading data/Diving48_data/videos/rRw7peH60Yw_00015.mp4...
diving48,val,k71Cc-Sm-Mg_00063,data/Diving48_data/videos/k71Cc-Sm-Mg_00063.mp4,45,16,75,2,-1,False,False,0.0,0.0,0.0,3.31350602209568e-05,0,0,0,0,True,Error reading data/Diving48_data/videos/k71Cc-Sm-Mg_00063.mp4...
diving48,val,qD3IMtAanSg_00118,data/Diving48_data/videos/qD3IMtAanSg_00118.mp4,45,16,75,2,-1,False,False,0.0,0.0,0.0,3.254483453929424e-05,0,0,0,0,True,Error reading data/Diving48_data/videos/qD3IMtAanSg_00118.mp4...
diving48,val,qD3IMtAanSg_00094,data/Diving48_data/videos/qD3IMtAanSg_00094.mp4,45,16,75,2,-1,False,False,0.0,0.0,0.0,3.21690458804369e-05,0,0,0,0,True,Error reading data/Diving48_data/videos/qD3IMtAanSg_00094.mp4...
diving48,val,qD3IMtAanSg_00001,data/Diving48_data/videos/qD3IMtAanSg_00001.mp4,45,16,75,2,-1,False,False,0.0,0.0,0.0,3.432203084230423e-05,0,0,0,0,True,Error reading data/Diving48_data/videos/qD3IMtAanSg_00001.mp4...
diving48,val,XfCaMLlyj9I_00104,data/Diving48_data/videos/XfCaMLlyj9I_00104.mp4,45,16,75,2,-1,False,False,0.0,0.0,0.0,3.304705023765564e-05,0,0,0,0,True,Error reading data/Diving48_data/videos/XfCaMLlyj9I_00104.mp4...
diving48,val,qD3IMtAanSg_00093,data/Diving48_data/videos/qD3IMtAanSg_00093.mp4,45,16,75,2,-1,False,False,0.0,0.0,0.0,3.2139942049980164e-05,0,0,0,0,True,Error reading data/Diving48_data/videos/qD3IMtAanSg_00093.mp4...
diving48,val,qD3IMtAanSg_00071,data/Diving48_data/videos/qD3IMtAanSg_00071.mp4,45,16,75,2,-1,False,False,0.0,0.0,0.0,3.3070798963308334e-05,0,0,0,0,True,Error reading data/Diving48_data/videos/qD3IMtAanSg_00071.mp4...
diving48,val,qD3IMtAanSg_00049,data/Diving48_data/videos/qD3IMtAanSg_00049.mp4,45,16,75,2,-1,False,False,0.0,0.0,0.0,3.206590190529823e-05,0,0,0,0,True,Error reading data/Diving48_data/videos/qD3IMtAanSg_00049.mp4...
diving48,val,qD3IMtAanSg_00000,data/Diving48_data/videos/qD3IMtAanSg_00000.mp4,45,16,75,2,-1,False,False,0.0,0.0,0.0,3.250781446695328e-05,0,0,0,0,True,Error reading data/Diving48_data/videos/qD3IMtAanSg_00000.mp4...
diving48,val,XfCaMLlyj9I_00106,data/Diving48_data/videos/XfCaMLlyj9I_00106.mp4,45,16,75,2,-1,False,False,0.0,0.0,0.0,3.290502354502678e-05,0,0,0,0,True,Error reading data/Diving48_data/videos/XfCaMLlyj9I_00106.mp4...
diving48,val,k71Cc-Sm-Mg_00091,data/Diving48_data/videos/k71Cc-Sm-Mg_00091.mp4,45,16,75,2,-1,False,False,0.0,0.0,0.0,3.2451003789901733e-05,0,0,0,0,True,Error reading data/Diving48_data/videos/k71Cc-Sm-Mg_00091.mp4...
diving48,val,jMEYIEYkpY0_00069,data/Diving48_data/videos/jMEYIEYkpY0_00069.mp4,45,16,75,2,-1,False,False,0.0,0.0,0.0,3.275694325566292e-05,0,0,0,0,True,Error reading data/Diving48_data/videos/jMEYIEYkpY0_00069.mp4...
diving48,val,k71Cc-Sm-Mg_00064,data/Diving48_data/videos/k71Cc-Sm-Mg_00064.mp4,45,16,75,2,-1,False,False,0.0,0.0,0.0,3.324099816381931e-05,0,0,0,0,True,Error reading data/Diving48_data/videos/k71Cc-Sm-Mg_00064.mp4...
diving48,val,qD3IMtAanSg_00108,data/Diving48_data/videos/qD3IMtAanSg_00108.mp4,45,16,75,2,-1,False,False,0.0,0.0,0.0,3.2987212762236595e-05,0,0,0,0,True,Error reading data/Diving48_data/videos/qD3IMtAanSg_00108.mp4...
diving48,val,zBXtMcI41z8_00055,data/Diving48_data/videos/zBXtMcI41z8_00055.mp4,45,16,75,2,-1,False,False,0.0,0.0,0.0,3.497488796710968e-05,0,0,0,0,True,Error reading data/Diving48_data/videos/zBXtMcI41z8_00055.mp4...
diving48,val,zBXtMcI41z8_00054,data/Diving48_data/videos/zBXtMcI41z8_00054.mp4,45,16,75,2,-1,False,False,0.0,0.0,0.0,3.2881973311305046e-05,0,0,0,0,True,Error reading data/Diving48_data/videos/zBXtMcI41z8_00054.mp4...
diving48,val,XfCaMLlyj9I_00105,data/Diving48_data/videos/XfCaMLlyj9I_00105.mp4,45,16,75,2,-1,False,False,0.0,0.0,0.0,3.2396987080574036e-05,0,0,0,0,True,Error reading data/Diving48_data/videos/XfCaMLlyj9I_00105.mp4...
diving48,val,k71Cc-Sm-Mg_00065,data/Diving48_data/videos/k71Cc-Sm-Mg_00065.mp4,45,16,75,2,-1,False,False,0.0,0.0,0.0,3.206194378435612e-05,0,0,0,0,True,Error reading data/Diving48_data/videos/k71Cc-Sm-Mg_00065.mp4...
diving48,val,qD3IMtAanSg_00107,data/Diving48_data/videos/qD3IMtAanSg_00107.mp4,45,16,75,2,-1,False,False,0.0,0.0,0.0,3.2159965485334396e-05,0,0,0,0,True,Error reading data/Diving48_data/videos/qD3IMtAanSg_00107.mp4...
diving48,val,zBXtMcI41z8_00025,data/Diving48_data/videos/zBXtMcI41z8_00025.mp4,46,16,75,2,-1,False,False,0.0,0.0,0.0,3.247614949941635e-05,0,0,0,0,True,Error reading data/Diving48_data/videos/zBXtMcI41z8_00025.mp4...
diving48,val,bSsVWVfYU4w_00057,data/Diving48_data/videos/bSsVWVfYU4w_00057.mp4,46,16,75,2,-1,False,False,0.0,0.0,0.0,3.17839439958334e-05,0,0,0,0,True,Error reading data/Diving48_data/videos/bSsVWVfYU4w_00057.mp4...
diving48,val,MbzIpx8kAD0_00028,data/Diving48_data/videos/MbzIpx8kAD0_00028.mp4,46,16,75,2,-1,False,False,0.0,0.0,0.0,3.214692696928978e-05,0,0,0,0,True,Error reading data/Diving48_data/videos/MbzIpx8kAD0_00028.mp4...
diving48,val,zBXtMcI41z8_00024,data/Diving48_data/videos/zBXtMcI41z8_00024.mp4,46,16,75,2,-1,False,False,0.0,0.0,0.0,3.282399848103523e-05,0,0,0,0,True,Error reading data/Diving48_data/videos/zBXtMcI41z8_00024.mp4...
diving48,val,sFO6XlfgxNQ_00001,data/Diving48_data/videos/sFO6XlfgxNQ_00001.mp4,46,16,75,2,-1,False,False,0.0,0.0,0.0,3.278302028775215e-05,0,0,0,0,True,Error reading data/Diving48_data/videos/sFO6XlfgxNQ_00001.mp4...
diving48,val,sFO6XlfgxNQ_00015,data/Diving48_data/videos/sFO6XlfgxNQ_00015.mp4,46,16,75,2,-1,False,False,0.0,0.0,0.0,3.351690247654915e-05,0,0,0,0,True,Error reading data/Diving48_data/videos/sFO6XlfgxNQ_00015.mp4...
diving48,val,bSsVWVfYU4w_00082,data/Diving48_data/videos/bSsVWVfYU4w_00082.mp4,46,16,75,2,-1,False,False,0.0,0.0,0.0,3.279396332800388e-05,0,0,0,0,True,Error reading data/Diving48_data/videos/bSsVWVfYU4w_00082.mp4...
diving48,val,k71Cc-Sm-Mg_00163,data/Diving48_data/videos/k71Cc-Sm-Mg_00163.mp4,46,16,75,2,-1,False,False,0.0,0.0,0.0,3.38270328938961e-05,0,0,0,0,True,Error reading data/Diving48_data/videos/k71Cc-Sm-Mg_00163.mp4...
diving48,val,zBXtMcI41z8_00097,data/Diving48_data/videos/zBXtMcI41z8_00097.mp4,46,16,75,2,-1,False,False,0.0,0.0,0.0,3.315112553536892e-05,0,0,0,0,True,Error reading data/Diving48_data/videos/zBXtMcI41z8_00097.mp4...
diving48,val,k71Cc-Sm-Mg_00159,data/Diving48_data/videos/k71Cc-Sm-Mg_00159.mp4,46,16,75,2,-1,False,False,0.0,0.0,0.0,3.263307735323906e-05,0,0,0,0,True,Error reading data/Diving48_data/videos/k71Cc-Sm-Mg_00159.mp4...
diving48,val,k71Cc-Sm-Mg_00026,data/Diving48_data/videos/k71Cc-Sm-Mg_00026.mp4,46,16,75,2,-1,False,False,0.0,0.0,0.0,3.220001235604286e-05,0,0,0,0,True,Error reading data/Diving48_data/videos/k71Cc-Sm-Mg_00026.mp4...
diving48,val,k71Cc-Sm-Mg_00034,data/Diving48_data/videos/k71Cc-Sm-Mg_00034.mp4,46,16,75,2,-1,False,False,0.0,0.0,0.0,3.530294634401798e-05,0,0,0,0,True,Error reading data/Diving48_data/videos/k71Cc-Sm-Mg_00034.mp4...
diving48,val,MbzIpx8kAD0_00022,data/Diving48_data/videos/MbzIpx8kAD0_00022.mp4,46,16,75,2,-1,False,False,0.0,0.0,0.0,3.252713941037655e-05,0,0,0,0,True,Error reading data/Diving48_data/videos/MbzIpx8kAD0_00022.mp4...
diving48,val,zBXtMcI41z8_00106,data/Diving48_data/videos/zBXtMcI41z8_00106.mp4,46,16,75,2,-1,False,False,0.0,0.0,0.0,3.247708082199097e-05,0,0,0,0,True,Error reading data/Diving48_data/videos/zBXtMcI41z8_00106.mp4...
diving48,val,Le6xdQ2OO8w_00089,data/Diving48_data/videos/Le6xdQ2OO8w_00089.mp4,46,16,75,2,-1,False,False,0.0,0.0,0.0,3.480701707303524e-05,0,0,0,0,True,Error reading data/Diving48_data/videos/Le6xdQ2OO8w_00089.mp4...
diving48,val,zBXtMcI41z8_00015,data/Diving48_data/videos/zBXtMcI41z8_00015.mp4,46,16,75,2,-1,False,False,0.0,0.0,0.0,3.194110468029976e-05,0,0,0,0,True,Error reading data/Diving48_data/videos/zBXtMcI41z8_00015.mp4...
diving48,val,XfCaMLlyj9I_00029,data/Diving48_data/videos/XfCaMLlyj9I_00029.mp4,46,16,75,2,-1,False,False,0.0,0.0,0.0,3.1406059861183167e-05,0,0,0,0,True,Error reading data/Diving48_data/videos/XfCaMLlyj9I_00029.mp4...
diving48,val,ovWCmIMMkRI_00015,data/Diving48_data/videos/ovWCmIMMkRI_00015.mp4,46,16,75,2,-1,False,False,0.0,0.0,0.0,3.2945070415735245e-05,0,0,0,0,True,Error reading data/Diving48_data/videos/ovWCmIMMkRI_00015.mp4...
diving48,val,XfCaMLlyj9I_00042,data/Diving48_data/videos/XfCaMLlyj9I_00042.mp4,46,16,75,2,-1,False,False,0.0,0.0,0.0,3.302609547972679e-05,0,0,0,0,True,Error reading data/Diving48_data/videos/XfCaMLlyj9I_00042.mp4...
diving48,val,sFO6XlfgxNQ_00034,data/Diving48_data/videos/sFO6XlfgxNQ_00034.mp4,46,16,75,2,-1,False,False,0.0,0.0,0.0,3.3264048397541046e-05,0,0,0,0,True,Error reading data/Diving48_data/videos/sFO6XlfgxNQ_00034.mp4...
diving48,val,mGRum47TLX0_00033,data/Diving48_data/videos/mGRum47TLX0_00033.mp4,47,16,75,2,-1,False,False,0.0,0.0,0.0,3.360607661306858e-05,0,0,0,0,True,Error reading data/Diving48_data/videos/mGRum47TLX0_00033.mp4...
diving48,val,Le6xdQ2OO8w_00077,data/Diving48_data/videos/Le6xdQ2OO8w_00077.mp4,47,16,75,2,-1,False,False,0.0,0.0,0.0,3.27620655298233e-05,0,0,0,0,True,Error reading data/Diving48_data/videos/Le6xdQ2OO8w_00077.mp4...
diving48,val,CVAfPfVFulQ_00042,data/Diving48_data/videos/CVAfPfVFulQ_00042.mp4,47,16,75,2,-1,False,False,0.0,0.0,0.0,3.290316089987755e-05,0,0,0,0,True,Error reading data/Diving48_data/videos/CVAfPfVFulQ_00042.mp4...
diving48,val,MbzIpx8kAD0_00023,data/Diving48_data/videos/MbzIpx8kAD0_00023.mp4,47,16,75,2,-1,False,False,0.0,0.0,0.0,3.207288682460785e-05,0,0,0,0,True,Error reading data/Diving48_data/videos/MbzIpx8kAD0_00023.mp4...
diving48,val,bSsVWVfYU4w_00062,data/Diving48_data/videos/bSsVWVfYU4w_00062.mp4,47,16,75,2,-1,False,False,0.0,0.0,0.0,3.169011324644089e-05,0,0,0,0,True,Error reading data/Diving48_data/videos/bSsVWVfYU4w_00062.mp4...
diving48,val,Le6xdQ2OO8w_00061,data/Diving48_data/videos/Le6xdQ2OO8w_00061.mp4,47,16,75,2,-1,False,False,0.0,0.0,0.0,3.2664043828845024e-05,0,0,0,0,True,Error reading data/Diving48_data/videos/Le6xdQ2OO8w_00061.mp4...
diving48,val,CVAfPfVFulQ_00030,data/Diving48_data/videos/CVAfPfVFulQ_00030.mp4,47,16,75,2,-1,False,False,0.0,0.0,0.0,3.278790973126888e-05,0,0,0,0,True,Error reading data/Diving48_data/videos/CVAfPfVFulQ_00030.mp4...
diving48,val,CVAfPfVFulQ_00041,data/Diving48_data/videos/CVAfPfVFulQ_00041.mp4,47,16,75,2,-1,False,False,0.0,0.0,0.0,3.265100531280041e-05,0,0,0,0,True,Error reading data/Diving48_data/videos/CVAfPfVFulQ_00041.mp4...
diving48,val,Le6xdQ2OO8w_00078,data/Diving48_data/videos/Le6xdQ2OO8w_00078.mp4,47,16,75,2,-1,False,False,0.0,0.0,0.0,3.261910751461983e-05,0,0,0,0,True,Error reading data/Diving48_data/videos/Le6xdQ2OO8w_00078.mp4...
diving48,val,mGRum47TLX0_00040,data/Diving48_data/videos/mGRum47TLX0_00040.mp4,47,16,75,2,-1,False,False,0.0,0.0,0.0,3.266986459493637e-05,0,0,0,0,True,Error reading data/Diving48_data/videos/mGRum47TLX0_00040.mp4...
diving48,val,bSsVWVfYU4w_00073,data/Diving48_data/videos/bSsVWVfYU4w_00073.mp4,47,16,75,2,-1,False,False,0.0,0.0,0.0,3.144005313515663e-05,0,0,0,0,True,Error reading data/Diving48_data/videos/bSsVWVfYU4w_00073.mp4...
diving48,val,ovWCmIMMkRI_00051,data/Diving48_data/videos/ovWCmIMMkRI_00051.mp4,47,16,75,2,-1,False,False,0.0,0.0,0.0,3.2381853088736534e-05,0,0,0,0,True,Error reading data/Diving48_data/videos/ovWCmIMMkRI_00051.mp4...
diving48,val,CVAfPfVFulQ_00037,data/Diving48_data/videos/CVAfPfVFulQ_00037.mp4,47,16,75,2,-1,False,False,0.0,0.0,0.0,3.2725976780056953e-05,0,0,0,0,True,Error reading data/Diving48_data/videos/CVAfPfVFulQ_00037.mp4...
diving48,val,bSsVWVfYU4w_00063,data/Diving48_data/videos/bSsVWVfYU4w_00063.mp4,47,16,75,2,-1,False,False,0.0,0.0,0.0,3.3774878829717636e-05,0,0,0,0,True,Error reading data/Diving48_data/videos/bSsVWVfYU4w_00063.mp4...
diving48,val,mGRum47TLX0_00031,data/Diving48_data/videos/mGRum47TLX0_00031.mp4,47,16,75,2,-1,False,False,0.0,0.0,0.0,3.2559968531131744e-05,0,0,0,0,True,Error reading data/Diving48_data/videos/mGRum47TLX0_00031.mp4...
diving48,val,bSsVWVfYU4w_00075,data/Diving48_data/videos/bSsVWVfYU4w_00075.mp4,47,16,75,2,-1,False,False,0.0,0.0,0.0,3.312714397907257e-05,0,0,0,0,True,Error reading data/Diving48_data/videos/bSsVWVfYU4w_00075.mp4...
diving48,val,bSsVWVfYU4w_00070,data/Diving48_data/videos/bSsVWVfYU4w_00070.mp4,47,16,75,2,-1,False,False,0.0,0.0,0.0,3.247614949941635e-05,0,0,0,0,True,Error reading data/Diving48_data/videos/bSsVWVfYU4w_00070.mp4...
diving48,val,CVAfPfVFulQ_00046,data/Diving48_data/videos/CVAfPfVFulQ_00046.mp4,47,16,75,2,-1,False,False,0.0,0.0,0.0,3.3431220799684525e-05,0,0,0,0,True,Error reading data/Diving48_data/videos/CVAfPfVFulQ_00046.mp4...
diving48,val,bSsVWVfYU4w_00074,data/Diving48_data/videos/bSsVWVfYU4w_00074.mp4,47,16,75,2,-1,False,False,0.0,0.0,0.0,3.3142976462841034e-05,0,0,0,0,True,Error reading data/Diving48_data/videos/bSsVWVfYU4w_00074.mp4...
diving48,val,mGRum47TLX0_00037,data/Diving48_data/videos/mGRum47TLX0_00037.mp4,47,16,75,2,-1,False,False,0.0,0.0,0.0,3.445800393819809e-05,0,0,0,0,True,Error reading data/Diving48_data/videos/mGRum47TLX0_00037.mp4...
