video_id,label_id,source_frames,distinct_frames,model_input_frames,span_pct,config,correct_top1,confidence,model,dataset
Le6xdQ2OO8w_00124,0,106,8,8,10,span10,False,0.47432008385658264,timesformer,diving48
bl0C6d9QgIg_00021,0,51,5,8,10,span10,False,0.8510901927947998,timesformer,diving48
mGRum47TLX0_00045,0,211,8,8,10,span10,False,0.33068743348121643,timesformer,diving48
L_SB1PRgDTE_00029,0,87,8,8,10,span10,False,0.982090413570404,timesformer,diving48
Le6xdQ2OO8w_00154,0,113,8,8,10,span10,False,0.6886448860168457,timesformer,diving48
Le6xdQ2OO8w_00127,0,161,8,8,10,span10,False,0.21732957661151886,timesformer,diving48
Le6xdQ2OO8w_00121,0,110,8,8,10,span10,True,0.24572508037090302,timesformer,diving48
Le6xdQ2OO8w_00119,0,130,8,8,10,span10,False,0.510871171951294,timesformer,diving48
bSsVWVfYU4w_00118,0,151,8,8,10,span10,True,0.18452508747577667,timesformer,diving48
bl0C6d9QgIg_00022,0,96,8,8,10,span10,False,0.3467728793621063,timesformer,diving48
bl0C6d9QgIg_00017,0,250,8,8,10,span10,False,0.27892252802848816,timesformer,diving48
bl0C6d9QgIg_00023,0,90,8,8,10,span10,False,0.8036802411079407,timesformer,diving48
bSsVWVfYU4w_00086,0,53,5,8,10,span10,False,0.9611440896987915,timesformer,diving48
bSsVWVfYU4w_00169,0,141,8,8,10,span10,False,0.2593899071216583,timesformer,diving48
MbzIpx8kAD0_00025,0,96,8,8,10,span10,True,0.9640748500823975,timesformer,diving48
ovWCmIMMkRI_00055,0,88,8,8,10,span10,False,0.33631300926208496,timesformer,diving48
Le6xdQ2OO8w_00139,0,150,8,8,10,span10,False,0.23444850742816925,timesformer,diving48
Le6xdQ2OO8w_00160,0,105,8,8,10,span10,False,0.28815340995788574,timesformer,diving48
Le6xdQ2OO8w_00120,0,96,8,8,10,span10,True,0.3606569468975067,timesformer,diving48
zmacW6f2Tdk_00048,0,93,8,8,10,span10,False,0.2259564995765686,timesformer,diving48
cs8g1es4vfM_00034,1,64,6,8,10,span10,False,0.37792280316352844,timesformer,diving48
cs8g1es4vfM_00043,1,93,8,8,10,span10,False,0.2776241898536682,timesformer,diving48
CVAfPfVFulQ_00076,1,92,8,8,10,span10,False,0.9092153310775757,timesformer,diving48
yHo2oERGo7A_00056,1,122,8,8,10,span10,False,0.8554223775863647,timesformer,diving48
ovWCmIMMkRI_00058,1,105,8,8,10,span10,False,0.2511719763278961,timesformer,diving48
yHo2oERGo7A_00058,1,94,8,8,10,span10,False,0.9077149033546448,timesformer,diving48
cs8g1es4vfM_00056,1,102,8,8,10,span10,False,0.6575976014137268,timesformer,diving48
SbzcCzXjYSU_00049,1,87,8,8,10,span10,False,0.5432870984077454,timesformer,diving48
cs8g1es4vfM_00010,1,77,8,8,10,span10,False,0.6850795149803162,timesformer,diving48
ovWCmIMMkRI_00034,1,92,8,8,10,span10,True,0.2939138114452362,timesformer,diving48
yHo2oERGo7A_00057,1,102,8,8,10,span10,True,0.5448214411735535,timesformer,diving48
SbzcCzXjYSU_00056,1,109,8,8,10,span10,False,0.2101118564605713,timesformer,diving48
jMEYIEYkpY0_00103,1,140,8,8,10,span10,False,0.22245988249778748,timesformer,diving48
ovWCmIMMkRI_00033,1,72,7,8,10,span10,False,0.8813840746879578,timesformer,diving48
ovWCmIMMkRI_00057,1,102,8,8,10,span10,False,0.8193302750587463,timesformer,diving48
MbzIpx8kAD0_00065,1,164,8,8,10,span10,False,0.2653004825115204,timesformer,diving48
cs8g1es4vfM_00033,1,99,8,8,10,span10,True,0.45914387702941895,timesformer,diving48
cs8g1es4vfM_00032,1,155,8,8,10,span10,False,0.5864335894584656,timesformer,diving48
ovWCmIMMkRI_00056,1,90,8,8,10,span10,False,0.2869393229484558,timesformer,diving48
yHo2oERGo7A_00088,1,114,8,8,10,span10,True,0.4297664165496826,timesformer,diving48
zmacW6f2Tdk_00058,2,126,8,8,10,span10,False,0.8516544103622437,timesformer,diving48
rRw7peH60Yw_00032,2,128,8,8,10,span10,False,0.2414548248052597,timesformer,diving48
zmacW6f2Tdk_00057,2,127,8,8,10,span10,False,0.8163498044013977,timesformer,diving48
Le6xdQ2OO8w_00215,3,70,7,8,10,span10,False,0.22586043179035187,timesformer,diving48
Le6xdQ2OO8w_00201,3,133,8,8,10,span10,False,0.1721460223197937,timesformer,diving48
zmacW6f2Tdk_00039,3,96,8,8,10,span10,False,0.4887312054634094,timesformer,diving48
Jud-06v5Ghw_00001,3,115,8,8,10,span10,False,0.36050114035606384,timesformer,diving48
Le6xdQ2OO8w_00249,3,86,8,8,10,span10,False,0.43196290731430054,timesformer,diving48
Le6xdQ2OO8w_00256,3,60,6,8,10,span10,False,0.7296172976493835,timesformer,diving48
jMEYIEYkpY0_00031,3,117,8,8,10,span10,False,0.7635278701782227,timesformer,diving48
Le6xdQ2OO8w_00202,3,105,8,8,10,span10,False,0.27799704670906067,timesformer,diving48
CVAfPfVFulQ_00079,3,41,4,8,10,span10,False,0.6314525604248047,timesformer,diving48
CVAfPfVFulQ_00084,3,71,7,8,10,span10,True,0.24179914593696594,timesformer,diving48
yHo2oERGo7A_00006,3,61,6,8,10,span10,False,0.3760295510292053,timesformer,diving48
SbzcCzXjYSU_00020,3,62,6,8,10,span10,False,0.881482720375061,timesformer,diving48
jMEYIEYkpY0_00030,3,113,8,8,10,span10,False,0.4605938196182251,timesformer,diving48
Le6xdQ2OO8w_00172,3,105,8,8,10,span10,False,0.5561709403991699,timesformer,diving48
Le6xdQ2OO8w_00228,3,76,8,8,10,span10,False,0.7672856450080872,timesformer,diving48
roFeEJPgJD8_00038,3,79,8,8,10,span10,False,0.3943875730037689,timesformer,diving48
jMEYIEYkpY0_00029,3,189,8,8,10,span10,False,0.847661018371582,timesformer,diving48
Le6xdQ2OO8w_00226,3,98,8,8,10,span10,False,0.2887599468231201,timesformer,diving48
zmacW6f2Tdk_00040,3,131,8,8,10,span10,False,0.08591917902231216,timesformer,diving48
Le6xdQ2OO8w_00229,3,109,8,8,10,span10,False,0.6456509828567505,timesformer,diving48
CVAfPfVFulQ_00080,4,65,6,8,10,span10,False,0.36801689863204956,timesformer,diving48
Le6xdQ2OO8w_00234,4,203,8,8,10,span10,False,0.31862133741378784,timesformer,diving48
Le6xdQ2OO8w_00194,4,122,8,8,10,span10,True,0.250313937664032,timesformer,diving48
CVAfPfVFulQ_00063,4,124,8,8,10,span10,False,0.20503106713294983,timesformer,diving48
bSsVWVfYU4w_00126,4,152,8,8,10,span10,False,0.3211897611618042,timesformer,diving48
MbzIpx8kAD0_00057,4,137,8,8,10,span10,False,0.20274069905281067,timesformer,diving48
Le6xdQ2OO8w_00235,4,183,8,8,10,span10,False,0.290537029504776,timesformer,diving48
Le6xdQ2OO8w_00248,4,101,8,8,10,span10,False,0.25197845697402954,timesformer,diving48
Le6xdQ2OO8w_00214,4,75,8,8,10,span10,False,0.16926562786102295,timesformer,diving48
Le6xdQ2OO8w_00179,4,65,6,8,10,span10,False,0.792994499206543,timesformer,diving48
L2tKML4URG8_00012,4,53,5,8,10,span10,False,0.18816541135311127,timesformer,diving48
MbzIpx8kAD0_00059,4,71,7,8,10,span10,False,0.6326810717582703,timesformer,diving48
L2tKML4URG8_00013,4,101,8,8,10,span10,False,0.3351326286792755,timesformer,diving48
Le6xdQ2OO8w_00180,4,73,7,8,10,span10,False,0.7060031890869141,timesformer,diving48
bSsVWVfYU4w_00127,4,106,8,8,10,span10,False,0.2577567994594574,timesformer,diving48
Le6xdQ2OO8w_00193,4,105,8,8,10,span10,False,0.2554722726345062,timesformer,diving48
bSsVWVfYU4w_00162,4,187,8,8,10,span10,False,0.37319785356521606,timesformer,diving48
bSsVWVfYU4w_00163,4,135,8,8,10,span10,False,0.4326910972595215,timesformer,diving48
Le6xdQ2OO8w_00253,4,57,6,8,10,span10,False,0.4783673584461212,timesformer,diving48
mGRum47TLX0_00047,4,74,7,8,10,span10,False,0.6526393890380859,timesformer,diving48
roFeEJPgJD8_00016,5,128,8,8,10,span10,False,0.4792362153530121,timesformer,diving48
zBXtMcI41z8_00026,5,59,6,8,10,span10,False,0.6284304857254028,timesformer,diving48
sFO6XlfgxNQ_00119,5,87,8,8,10,span10,False,0.7785946726799011,timesformer,diving48
sFO6XlfgxNQ_00103,5,79,8,8,10,span10,False,0.5137807130813599,timesformer,diving48
zBXtMcI41z8_00073,5,103,8,8,10,span10,False,0.11822043359279633,timesformer,diving48
sFO6XlfgxNQ_00061,5,183,8,8,10,span10,False,0.432258278131485,timesformer,diving48
sFO6XlfgxNQ_00109,5,60,6,8,10,span10,False,0.5463663935661316,timesformer,diving48
sFO6XlfgxNQ_00117,5,120,8,8,10,span10,False,0.6861862540245056,timesformer,diving48
zBXtMcI41z8_00074,5,81,8,8,10,span10,False,0.26819971203804016,timesformer,diving48
sFO6XlfgxNQ_00116,5,206,8,8,10,span10,False,0.5158743262290955,timesformer,diving48
sFO6XlfgxNQ_00120,5,116,8,8,10,span10,False,0.5968095064163208,timesformer,diving48
zBXtMcI41z8_00110,5,72,7,8,10,span10,False,0.24993444979190826,timesformer,diving48
sFO6XlfgxNQ_00056,5,159,8,8,10,span10,False,0.498832106590271,timesformer,diving48
jMEYIEYkpY0_00092,5,131,8,8,10,span10,False,0.3351871371269226,timesformer,diving48
zBXtMcI41z8_00028,5,59,6,8,10,span10,False,0.27948832511901855,timesformer,diving48
jMEYIEYkpY0_00090,5,96,8,8,10,span10,False,0.8375795483589172,timesformer,diving48
sFO6XlfgxNQ_00104,5,186,8,8,10,span10,False,0.5476765036582947,timesformer,diving48
sFO6XlfgxNQ_00111,5,197,8,8,10,span10,False,0.4068554639816284,timesformer,diving48
zBXtMcI41z8_00109,5,95,8,8,10,span10,False,0.39065539836883545,timesformer,diving48
zBXtMcI41z8_00027,5,73,7,8,10,span10,False,0.3915681838989258,timesformer,diving48
zBXtMcI41z8_00072,6,105,8,8,10,span10,False,0.3514426350593567,timesformer,diving48
zBXtMcI41z8_00067,6,59,6,8,10,span10,False,0.416831374168396,timesformer,diving48
qD3IMtAanSg_00067,6,57,6,8,10,span10,False,0.5263351798057556,timesformer,diving48
qD3IMtAanSg_00069,6,102,8,8,10,span10,False,0.75827556848526,timesformer,diving48
qD3IMtAanSg_00130,6,70,7,8,10,span10,False,0.46629729866981506,timesformer,diving48
qD3IMtAanSg_00021,6,68,7,8,10,span10,True,0.6293417811393738,timesformer,diving48
qD3IMtAanSg_00060,6,220,8,8,10,span10,True,0.7988532185554504,timesformer,diving48
qD3IMtAanSg_00092,6,154,8,8,10,span10,False,0.387160986661911,timesformer,diving48
qD3IMtAanSg_00061,6,127,8,8,10,span10,False,0.9885502457618713,timesformer,diving48
zBXtMcI41z8_00071,6,99,8,8,10,span10,False,0.22359685599803925,timesformer,diving48
zBXtMcI41z8_00070,6,122,8,8,10,span10,True,0.41294559836387634,timesformer,diving48
zBXtMcI41z8_00068,6,90,8,8,10,span10,False,0.6618462800979614,timesformer,diving48
qD3IMtAanSg_00074,6,245,8,8,10,span10,False,0.31046178936958313,timesformer,diving48
qD3IMtAanSg_00023,6,85,8,8,10,span10,False,0.3031991720199585,timesformer,diving48
zBXtMcI41z8_00069,6,100,8,8,10,span10,False,0.35450688004493713,timesformer,diving48
qD3IMtAanSg_00059,6,152,8,8,10,span10,False,0.8611490726470947,timesformer,diving48
qD3IMtAanSg_00073,6,101,8,8,10,span10,False,0.647304117679596,timesformer,diving48
qD3IMtAanSg_00068,6,181,8,8,10,span10,True,0.6673445105552673,timesformer,diving48
qD3IMtAanSg_00091,6,108,8,8,10,span10,False,0.8165279626846313,timesformer,diving48
qD3IMtAanSg_00075,6,191,8,8,10,span10,False,0.28570082783699036,timesformer,diving48
zmacW6f2Tdk_00027,7,97,8,8,10,span10,True,0.25206130743026733,timesformer,diving48
qD3IMtAanSg_00029,7,71,7,8,10,span10,False,0.8899029493331909,timesformer,diving48
k71Cc-Sm-Mg_00169,7,122,8,8,10,span10,False,0.3025248348712921,timesformer,diving48
TMJ1XIZBRW4_00036,7,53,5,8,10,span10,False,0.5253601670265198,timesformer,diving48
k71Cc-Sm-Mg_00170,7,122,8,8,10,span10,False,0.6011959314346313,timesformer,diving48
Le6xdQ2OO8w_00124,0,106,8,8,25,span25,False,0.4976022243499756,timesformer,diving48
bl0C6d9QgIg_00021,0,51,8,8,25,span25,False,0.6790688633918762,timesformer,diving48
mGRum47TLX0_00045,0,211,8,8,25,span25,True,0.44771406054496765,timesformer,diving48
L_SB1PRgDTE_00029,0,87,8,8,25,span25,False,0.6301213502883911,timesformer,diving48
Le6xdQ2OO8w_00154,0,113,8,8,25,span25,False,0.3854614496231079,timesformer,diving48
Le6xdQ2OO8w_00127,0,161,8,8,25,span25,False,0.6916769742965698,timesformer,diving48
Le6xdQ2OO8w_00121,0,110,8,8,25,span25,True,0.8721323609352112,timesformer,diving48
Le6xdQ2OO8w_00119,0,130,8,8,25,span25,True,0.4437828063964844,timesformer,diving48
bSsVWVfYU4w_00118,0,151,8,8,25,span25,False,0.24086792767047882,timesformer,diving48
bl0C6d9QgIg_00022,0,96,8,8,25,span25,False,0.5692980289459229,timesformer,diving48
bl0C6d9QgIg_00017,0,250,8,8,25,span25,False,0.41814878582954407,timesformer,diving48
bl0C6d9QgIg_00023,0,90,8,8,25,span25,True,0.5977702736854553,timesformer,diving48
bSsVWVfYU4w_00086,0,53,8,8,25,span25,False,0.975578248500824,timesformer,diving48
bSsVWVfYU4w_00169,0,141,8,8,25,span25,False,0.41651561856269836,timesformer,diving48
MbzIpx8kAD0_00025,0,96,8,8,25,span25,True,0.6142836213111877,timesformer,diving48
ovWCmIMMkRI_00055,0,88,8,8,25,span25,False,0.812160849571228,timesformer,diving48
Le6xdQ2OO8w_00139,0,150,8,8,25,span25,True,0.8237694501876831,timesformer,diving48
Le6xdQ2OO8w_00160,0,105,8,8,25,span25,False,0.9389422535896301,timesformer,diving48
Le6xdQ2OO8w_00120,0,96,8,8,25,span25,False,0.5879299640655518,timesformer,diving48
zmacW6f2Tdk_00048,0,93,8,8,25,span25,False,0.32483816146850586,timesformer,diving48
cs8g1es4vfM_00034,1,64,8,8,25,span25,False,0.601318359375,timesformer,diving48
cs8g1es4vfM_00043,1,93,8,8,25,span25,False,0.5478423237800598,timesformer,diving48
CVAfPfVFulQ_00076,1,92,8,8,25,span25,False,0.8075789213180542,timesformer,diving48
yHo2oERGo7A_00056,1,122,8,8,25,span25,False,0.2851254940032959,timesformer,diving48
ovWCmIMMkRI_00058,1,105,8,8,25,span25,False,0.629970371723175,timesformer,diving48
yHo2oERGo7A_00058,1,94,8,8,25,span25,False,0.7500820159912109,timesformer,diving48
cs8g1es4vfM_00056,1,102,8,8,25,span25,False,0.3124649226665497,timesformer,diving48
SbzcCzXjYSU_00049,1,87,8,8,25,span25,False,0.8950465321540833,timesformer,diving48
cs8g1es4vfM_00010,1,77,8,8,25,span25,False,0.9684827327728271,timesformer,diving48
ovWCmIMMkRI_00034,1,92,8,8,25,span25,True,0.37043923139572144,timesformer,diving48
yHo2oERGo7A_00057,1,102,8,8,25,span25,True,0.4389338493347168,timesformer,diving48
SbzcCzXjYSU_00056,1,109,8,8,25,span25,False,0.42642176151275635,timesformer,diving48
jMEYIEYkpY0_00103,1,140,8,8,25,span25,True,0.3241187334060669,timesformer,diving48
ovWCmIMMkRI_00033,1,72,8,8,25,span25,False,0.3486676514148712,timesformer,diving48
ovWCmIMMkRI_00057,1,102,8,8,25,span25,False,0.9704987406730652,timesformer,diving48
MbzIpx8kAD0_00065,1,164,8,8,25,span25,False,0.9393239617347717,timesformer,diving48
cs8g1es4vfM_00033,1,99,8,8,25,span25,True,0.3654082715511322,timesformer,diving48
cs8g1es4vfM_00032,1,155,8,8,25,span25,False,0.8139684796333313,timesformer,diving48
ovWCmIMMkRI_00056,1,90,8,8,25,span25,False,0.588650107383728,timesformer,diving48
yHo2oERGo7A_00088,1,114,8,8,25,span25,True,0.6985180974006653,timesformer,diving48
zmacW6f2Tdk_00058,2,126,8,8,25,span25,True,0.2823360860347748,timesformer,diving48
rRw7peH60Yw_00032,2,128,8,8,25,span25,False,0.35710957646369934,timesformer,diving48
zmacW6f2Tdk_00057,2,127,8,8,25,span25,False,0.4073909521102905,timesformer,diving48
Le6xdQ2OO8w_00215,3,70,8,8,25,span25,True,0.4785362780094147,timesformer,diving48
Le6xdQ2OO8w_00201,3,133,8,8,25,span25,True,0.26140233874320984,timesformer,diving48
zmacW6f2Tdk_00039,3,96,8,8,25,span25,True,0.6531791687011719,timesformer,diving48
Jud-06v5Ghw_00001,3,115,8,8,25,span25,False,0.3129724860191345,timesformer,diving48
Le6xdQ2OO8w_00249,3,86,8,8,25,span25,False,0.8326503038406372,timesformer,diving48
Le6xdQ2OO8w_00256,3,60,8,8,25,span25,False,0.6626362204551697,timesformer,diving48
jMEYIEYkpY0_00031,3,117,8,8,25,span25,False,0.3921479880809784,timesformer,diving48
Le6xdQ2OO8w_00202,3,105,8,8,25,span25,False,0.9108765125274658,timesformer,diving48
CVAfPfVFulQ_00079,3,41,8,8,25,span25,False,0.42142757773399353,timesformer,diving48
CVAfPfVFulQ_00084,3,71,8,8,25,span25,False,0.2889922857284546,timesformer,diving48
yHo2oERGo7A_00006,3,61,8,8,25,span25,False,0.2597993016242981,timesformer,diving48
SbzcCzXjYSU_00020,3,62,8,8,25,span25,False,0.5950838923454285,timesformer,diving48
jMEYIEYkpY0_00030,3,113,8,8,25,span25,False,0.3616293668746948,timesformer,diving48
Le6xdQ2OO8w_00172,3,105,8,8,25,span25,False,0.4732619524002075,timesformer,diving48
Le6xdQ2OO8w_00228,3,76,8,8,25,span25,False,0.7153229713439941,timesformer,diving48
roFeEJPgJD8_00038,3,79,8,8,25,span25,False,0.6275389790534973,timesformer,diving48
jMEYIEYkpY0_00029,3,189,8,8,25,span25,False,0.34810033440589905,timesformer,diving48
Le6xdQ2OO8w_00226,3,98,8,8,25,span25,False,0.4760444760322571,timesformer,diving48
zmacW6f2Tdk_00040,3,131,8,8,25,span25,False,0.8786939978599548,timesformer,diving48
Le6xdQ2OO8w_00229,3,109,8,8,25,span25,False,0.875469982624054,timesformer,diving48
CVAfPfVFulQ_00080,4,65,8,8,25,span25,False,0.41360652446746826,timesformer,diving48
Le6xdQ2OO8w_00234,4,203,8,8,25,span25,False,0.33888545632362366,timesformer,diving48
Le6xdQ2OO8w_00194,4,122,8,8,25,span25,True,0.41360023617744446,timesformer,diving48
CVAfPfVFulQ_00063,4,124,8,8,25,span25,False,0.3950795531272888,timesformer,diving48
bSsVWVfYU4w_00126,4,152,8,8,25,span25,True,0.27983400225639343,timesformer,diving48
MbzIpx8kAD0_00057,4,137,8,8,25,span25,False,0.22075124084949493,timesformer,diving48
Le6xdQ2OO8w_00235,4,183,8,8,25,span25,False,0.4588327407836914,timesformer,diving48
Le6xdQ2OO8w_00248,4,101,8,8,25,span25,False,0.45416975021362305,timesformer,diving48
Le6xdQ2OO8w_00214,4,75,8,8,25,span25,False,0.4341135025024414,timesformer,diving48
Le6xdQ2OO8w_00179,4,65,8,8,25,span25,False,0.33509689569473267,timesformer,diving48
L2tKML4URG8_00012,4,53,8,8,25,span25,True,0.23934970796108246,timesformer,diving48
MbzIpx8kAD0_00059,4,71,8,8,25,span25,False,0.8131834864616394,timesformer,diving48
L2tKML4URG8_00013,4,101,8,8,25,span25,True,0.26979395747184753,timesformer,diving48
Le6xdQ2OO8w_00180,4,73,8,8,25,span25,False,0.43501603603363037,timesformer,diving48
bSsVWVfYU4w_00127,4,106,8,8,25,span25,False,0.26532235741615295,timesformer,diving48
Le6xdQ2OO8w_00193,4,105,8,8,25,span25,True,0.6437993049621582,timesformer,diving48
bSsVWVfYU4w_00162,4,187,8,8,25,span25,False,0.2402094006538391,timesformer,diving48
bSsVWVfYU4w_00163,4,135,8,8,25,span25,False,0.7849034667015076,timesformer,diving48
Le6xdQ2OO8w_00253,4,57,8,8,25,span25,False,0.5407128930091858,timesformer,diving48
mGRum47TLX0_00047,4,74,8,8,25,span25,False,0.44588470458984375,timesformer,diving48
roFeEJPgJD8_00016,5,128,8,8,25,span25,False,0.300934761762619,timesformer,diving48
zBXtMcI41z8_00026,5,59,8,8,25,span25,False,0.9344057440757751,timesformer,diving48
sFO6XlfgxNQ_00119,5,87,8,8,25,span25,False,0.6340653300285339,timesformer,diving48
sFO6XlfgxNQ_00103,5,79,8,8,25,span25,False,0.5168651938438416,timesformer,diving48
zBXtMcI41z8_00073,5,103,8,8,25,span25,False,0.400829553604126,timesformer,diving48
sFO6XlfgxNQ_00061,5,183,8,8,25,span25,False,0.6658732295036316,timesformer,diving48
sFO6XlfgxNQ_00109,5,60,8,8,25,span25,False,0.721290647983551,timesformer,diving48
sFO6XlfgxNQ_00117,5,120,8,8,25,span25,False,0.9603918790817261,timesformer,diving48
zBXtMcI41z8_00074,5,81,8,8,25,span25,False,0.20181527733802795,timesformer,diving48
sFO6XlfgxNQ_00116,5,206,8,8,25,span25,True,0.9593620300292969,timesformer,diving48
sFO6XlfgxNQ_00120,5,116,8,8,25,span25,False,0.908812940120697,timesformer,diving48
zBXtMcI41z8_00110,5,72,8,8,25,span25,False,0.47592103481292725,timesformer,diving48
sFO6XlfgxNQ_00056,5,159,8,8,25,span25,False,0.4207019805908203,timesformer,diving48
jMEYIEYkpY0_00092,5,131,8,8,25,span25,False,0.3610512316226959,timesformer,diving48
zBXtMcI41z8_00028,5,59,8,8,25,span25,False,0.9014211297035217,timesformer,diving48
jMEYIEYkpY0_00090,5,96,8,8,25,span25,False,0.7204983234405518,timesformer,diving48
sFO6XlfgxNQ_00104,5,186,8,8,25,span25,True,0.20040462911128998,timesformer,diving48
sFO6XlfgxNQ_00111,5,197,8,8,25,span25,False,0.5212994813919067,timesformer,diving48
zBXtMcI41z8_00109,5,95,8,8,25,span25,False,0.8378587365150452,timesformer,diving48
zBXtMcI41z8_00027,5,73,8,8,25,span25,False,0.5085939168930054,timesformer,diving48
zBXtMcI41z8_00072,6,105,8,8,25,span25,False,0.6205637454986572,timesformer,diving48
zBXtMcI41z8_00067,6,59,8,8,25,span25,False,0.7292630076408386,timesformer,diving48
qD3IMtAanSg_00067,6,57,8,8,25,span25,False,0.3348846435546875,timesformer,diving48
qD3IMtAanSg_00069,6,102,8,8,25,span25,False,0.7585252523422241,timesformer,diving48
qD3IMtAanSg_00130,6,70,8,8,25,span25,True,0.26941242814064026,timesformer,diving48
qD3IMtAanSg_00021,6,68,8,8,25,span25,True,0.957730233669281,timesformer,diving48
qD3IMtAanSg_00060,6,220,8,8,25,span25,True,0.7503178715705872,timesformer,diving48
qD3IMtAanSg_00092,6,154,8,8,25,span25,True,0.3820752203464508,timesformer,diving48
qD3IMtAanSg_00061,6,127,8,8,25,span25,False,0.6961150169372559,timesformer,diving48
zBXtMcI41z8_00071,6,99,8,8,25,span25,False,0.7941215634346008,timesformer,diving48
zBXtMcI41z8_00070,6,122,8,8,25,span25,True,0.696922242641449,timesformer,diving48
zBXtMcI41z8_00068,6,90,8,8,25,span25,False,0.4280067980289459,timesformer,diving48
qD3IMtAanSg_00074,6,245,8,8,25,span25,True,0.65730881690979,timesformer,diving48
qD3IMtAanSg_00023,6,85,8,8,25,span25,True,0.42083632946014404,timesformer,diving48
zBXtMcI41z8_00069,6,100,8,8,25,span25,True,0.3038327097892761,timesformer,diving48
qD3IMtAanSg_00059,6,152,8,8,25,span25,False,0.48351699113845825,timesformer,diving48
qD3IMtAanSg_00073,6,101,8,8,25,span25,True,0.6852347254753113,timesformer,diving48
qD3IMtAanSg_00068,6,181,8,8,25,span25,True,0.39435115456581116,timesformer,diving48
qD3IMtAanSg_00091,6,108,8,8,25,span25,True,0.6260793805122375,timesformer,diving48
qD3IMtAanSg_00075,6,191,8,8,25,span25,False,0.5782341957092285,timesformer,diving48
zmacW6f2Tdk_00027,7,97,8,8,25,span25,True,0.8095089793205261,timesformer,diving48
qD3IMtAanSg_00029,7,71,8,8,25,span25,False,0.97288978099823,timesformer,diving48
k71Cc-Sm-Mg_00169,7,122,8,8,25,span25,False,0.7469666004180908,timesformer,diving48
TMJ1XIZBRW4_00036,7,53,8,8,25,span25,True,0.529048502445221,timesformer,diving48
k71Cc-Sm-Mg_00170,7,122,8,8,25,span25,False,0.2437392771244049,timesformer,diving48
Le6xdQ2OO8w_00124,0,106,8,8,50,span50,True,0.8745825886726379,timesformer,diving48
bl0C6d9QgIg_00021,0,51,8,8,50,span50,False,0.7434619069099426,timesformer,diving48
mGRum47TLX0_00045,0,211,8,8,50,span50,True,0.7991199493408203,timesformer,diving48
L_SB1PRgDTE_00029,0,87,8,8,50,span50,False,0.4692491888999939,timesformer,diving48
Le6xdQ2OO8w_00154,0,113,8,8,50,span50,True,0.709729015827179,timesformer,diving48
Le6xdQ2OO8w_00127,0,161,8,8,50,span50,True,0.8709782958030701,timesformer,diving48
Le6xdQ2OO8w_00121,0,110,8,8,50,span50,True,0.45880556106567383,timesformer,diving48
Le6xdQ2OO8w_00119,0,130,8,8,50,span50,True,0.8844694495201111,timesformer,diving48
bSsVWVfYU4w_00118,0,151,8,8,50,span50,False,0.4726925492286682,timesformer,diving48
bl0C6d9QgIg_00022,0,96,8,8,50,span50,False,0.6239373683929443,timesformer,diving48
bl0C6d9QgIg_00017,0,250,8,8,50,span50,False,0.16366218030452728,timesformer,diving48
bl0C6d9QgIg_00023,0,90,8,8,50,span50,True,0.8583757877349854,timesformer,diving48
bSsVWVfYU4w_00086,0,53,8,8,50,span50,False,0.9362266063690186,timesformer,diving48
bSsVWVfYU4w_00169,0,141,8,8,50,span50,True,0.43366682529449463,timesformer,diving48
MbzIpx8kAD0_00025,0,96,8,8,50,span50,True,0.7173755764961243,timesformer,diving48
ovWCmIMMkRI_00055,0,88,8,8,50,span50,False,0.23681990802288055,timesformer,diving48
Le6xdQ2OO8w_00139,0,150,8,8,50,span50,True,0.7848724126815796,timesformer,diving48
Le6xdQ2OO8w_00160,0,105,8,8,50,span50,False,0.8261698484420776,timesformer,diving48
Le6xdQ2OO8w_00120,0,96,8,8,50,span50,True,0.8860283493995667,timesformer,diving48
zmacW6f2Tdk_00048,0,93,8,8,50,span50,True,0.9383618831634521,timesformer,diving48
cs8g1es4vfM_00034,1,64,8,8,50,span50,False,0.8075591325759888,timesformer,diving48
cs8g1es4vfM_00043,1,93,8,8,50,span50,False,0.6728249192237854,timesformer,diving48
CVAfPfVFulQ_00076,1,92,8,8,50,span50,True,0.45668506622314453,timesformer,diving48
yHo2oERGo7A_00056,1,122,8,8,50,span50,True,0.5826423168182373,timesformer,diving48
ovWCmIMMkRI_00058,1,105,8,8,50,span50,False,0.6658350229263306,timesformer,diving48
yHo2oERGo7A_00058,1,94,8,8,50,span50,False,0.4536686837673187,timesformer,diving48
cs8g1es4vfM_00056,1,102,8,8,50,span50,False,0.48067453503608704,timesformer,diving48
SbzcCzXjYSU_00049,1,87,8,8,50,span50,True,0.6461799740791321,timesformer,diving48
cs8g1es4vfM_00010,1,77,8,8,50,span50,False,0.41098248958587646,timesformer,diving48
ovWCmIMMkRI_00034,1,92,8,8,50,span50,True,0.4424874484539032,timesformer,diving48
yHo2oERGo7A_00057,1,102,8,8,50,span50,False,0.44446036219596863,timesformer,diving48
SbzcCzXjYSU_00056,1,109,8,8,50,span50,False,0.48612281680107117,timesformer,diving48
jMEYIEYkpY0_00103,1,140,8,8,50,span50,False,0.5501458644866943,timesformer,diving48
ovWCmIMMkRI_00033,1,72,8,8,50,span50,True,0.30632078647613525,timesformer,diving48
ovWCmIMMkRI_00057,1,102,8,8,50,span50,False,0.6694365739822388,timesformer,diving48
MbzIpx8kAD0_00065,1,164,8,8,50,span50,False,0.5623762011528015,timesformer,diving48
cs8g1es4vfM_00033,1,99,8,8,50,span50,False,0.5622300505638123,timesformer,diving48
cs8g1es4vfM_00032,1,155,8,8,50,span50,True,0.5076603889465332,timesformer,diving48
ovWCmIMMkRI_00056,1,90,8,8,50,span50,False,0.791572630405426,timesformer,diving48
yHo2oERGo7A_00088,1,114,8,8,50,span50,True,0.6738528609275818,timesformer,diving48
zmacW6f2Tdk_00058,2,126,8,8,50,span50,False,0.37082430720329285,timesformer,diving48
rRw7peH60Yw_00032,2,128,8,8,50,span50,False,0.8283723592758179,timesformer,diving48
zmacW6f2Tdk_00057,2,127,8,8,50,span50,False,0.41772791743278503,timesformer,diving48
Le6xdQ2OO8w_00215,3,70,8,8,50,span50,False,0.4230305254459381,timesformer,diving48
Le6xdQ2OO8w_00201,3,133,8,8,50,span50,True,0.5258973240852356,timesformer,diving48
zmacW6f2Tdk_00039,3,96,8,8,50,span50,False,0.7061057090759277,timesformer,diving48
Jud-06v5Ghw_00001,3,115,8,8,50,span50,False,0.6200718879699707,timesformer,diving48
Le6xdQ2OO8w_00249,3,86,8,8,50,span50,False,0.7109275460243225,timesformer,diving48
Le6xdQ2OO8w_00256,3,60,8,8,50,span50,False,0.6986480355262756,timesformer,diving48
jMEYIEYkpY0_00031,3,117,8,8,50,span50,False,0.37776386737823486,timesformer,diving48
Le6xdQ2OO8w_00202,3,105,8,8,50,span50,True,0.5073503851890564,timesformer,diving48
CVAfPfVFulQ_00079,3,41,8,8,50,span50,False,0.27480193972587585,timesformer,diving48
CVAfPfVFulQ_00084,3,71,8,8,50,span50,True,0.48143845796585083,timesformer,diving48
yHo2oERGo7A_00006,3,61,8,8,50,span50,True,0.2859343886375427,timesformer,diving48
SbzcCzXjYSU_00020,3,62,8,8,50,span50,False,0.7307640314102173,timesformer,diving48
jMEYIEYkpY0_00030,3,113,8,8,50,span50,False,0.4894408583641052,timesformer,diving48
Le6xdQ2OO8w_00172,3,105,8,8,50,span50,True,0.4062889516353607,timesformer,diving48
Le6xdQ2OO8w_00228,3,76,8,8,50,span50,False,0.8384807109832764,timesformer,diving48
roFeEJPgJD8_00038,3,79,8,8,50,span50,True,0.34344908595085144,timesformer,diving48
jMEYIEYkpY0_00029,3,189,8,8,50,span50,False,0.45182448625564575,timesformer,diving48
Le6xdQ2OO8w_00226,3,98,8,8,50,span50,False,0.29414066672325134,timesformer,diving48
zmacW6f2Tdk_00040,3,131,8,8,50,span50,False,0.24635183811187744,timesformer,diving48
Le6xdQ2OO8w_00229,3,109,8,8,50,span50,False,0.9375687837600708,timesformer,diving48
CVAfPfVFulQ_00080,4,65,8,8,50,span50,False,0.31493479013442993,timesformer,diving48
Le6xdQ2OO8w_00234,4,203,8,8,50,span50,False,0.6519061326980591,timesformer,diving48
Le6xdQ2OO8w_00194,4,122,8,8,50,span50,True,0.5964014530181885,timesformer,diving48
CVAfPfVFulQ_00063,4,124,8,8,50,span50,False,0.45659157633781433,timesformer,diving48
bSsVWVfYU4w_00126,4,152,8,8,50,span50,True,0.49373146891593933,timesformer,diving48
MbzIpx8kAD0_00057,4,137,8,8,50,span50,False,0.2228858768939972,timesformer,diving48
Le6xdQ2OO8w_00235,4,183,8,8,50,span50,True,0.37742069363594055,timesformer,diving48
Le6xdQ2OO8w_00248,4,101,8,8,50,span50,True,0.42818009853363037,timesformer,diving48
Le6xdQ2OO8w_00214,4,75,8,8,50,span50,False,0.45905885100364685,timesformer,diving48
Le6xdQ2OO8w_00179,4,65,8,8,50,span50,False,0.27289068698883057,timesformer,diving48
L2tKML4URG8_00012,4,53,8,8,50,span50,False,0.5329959988594055,timesformer,diving48
MbzIpx8kAD0_00059,4,71,8,8,50,span50,False,0.22822386026382446,timesformer,diving48
L2tKML4URG8_00013,4,101,8,8,50,span50,False,0.6210841536521912,timesformer,diving48
Le6xdQ2OO8w_00180,4,73,8,8,50,span50,False,0.7434154152870178,timesformer,diving48
bSsVWVfYU4w_00127,4,106,8,8,50,span50,False,0.6489124298095703,timesformer,diving48
Le6xdQ2OO8w_00193,4,105,8,8,50,span50,True,0.5002883076667786,timesformer,diving48
bSsVWVfYU4w_00162,4,187,8,8,50,span50,True,0.2415371686220169,timesformer,diving48
bSsVWVfYU4w_00163,4,135,8,8,50,span50,False,0.5782460570335388,timesformer,diving48
Le6xdQ2OO8w_00253,4,57,8,8,50,span50,False,0.6965271830558777,timesformer,diving48
mGRum47TLX0_00047,4,74,8,8,50,span50,False,0.8387420177459717,timesformer,diving48
roFeEJPgJD8_00016,5,128,8,8,50,span50,False,0.5389599204063416,timesformer,diving48
zBXtMcI41z8_00026,5,59,8,8,50,span50,False,0.3998272716999054,timesformer,diving48
sFO6XlfgxNQ_00119,5,87,8,8,50,span50,False,0.34781113266944885,timesformer,diving48
sFO6XlfgxNQ_00103,5,79,8,8,50,span50,True,0.9966388940811157,timesformer,diving48
zBXtMcI41z8_00073,5,103,8,8,50,span50,False,0.6890462040901184,timesformer,diving48
sFO6XlfgxNQ_00061,5,183,8,8,50,span50,True,0.9648323059082031,timesformer,diving48
sFO6XlfgxNQ_00109,5,60,8,8,50,span50,True,0.7110338807106018,timesformer,diving48
sFO6XlfgxNQ_00117,5,120,8,8,50,span50,False,0.9729480147361755,timesformer,diving48
zBXtMcI41z8_00074,5,81,8,8,50,span50,True,0.6928814649581909,timesformer,diving48
sFO6XlfgxNQ_00116,5,206,8,8,50,span50,True,0.9755262732505798,timesformer,diving48
sFO6XlfgxNQ_00120,5,116,8,8,50,span50,False,0.965394139289856,timesformer,diving48
zBXtMcI41z8_00110,5,72,8,8,50,span50,False,0.22007840871810913,timesformer,diving48
sFO6XlfgxNQ_00056,5,159,8,8,50,span50,False,0.8957420587539673,timesformer,diving48
jMEYIEYkpY0_00092,5,131,8,8,50,span50,False,0.33990687131881714,timesformer,diving48
zBXtMcI41z8_00028,5,59,8,8,50,span50,False,0.7608887553215027,timesformer,diving48
jMEYIEYkpY0_00090,5,96,8,8,50,span50,True,0.501214325428009,timesformer,diving48
sFO6XlfgxNQ_00104,5,186,8,8,50,span50,True,0.9630349278450012,timesformer,diving48
sFO6XlfgxNQ_00111,5,197,8,8,50,span50,False,0.3905026316642761,timesformer,diving48
zBXtMcI41z8_00109,5,95,8,8,50,span50,True,0.7519734501838684,timesformer,diving48
zBXtMcI41z8_00027,5,73,8,8,50,span50,True,0.826932966709137,timesformer,diving48
zBXtMcI41z8_00072,6,105,8,8,50,span50,True,0.26410213112831116,timesformer,diving48
zBXtMcI41z8_00067,6,59,8,8,50,span50,True,0.5793469548225403,timesformer,diving48
qD3IMtAanSg_00067,6,57,8,8,50,span50,False,0.6059935688972473,timesformer,diving48
qD3IMtAanSg_00069,6,102,8,8,50,span50,False,0.8156285881996155,timesformer,diving48
qD3IMtAanSg_00130,6,70,8,8,50,span50,True,0.839015781879425,timesformer,diving48
qD3IMtAanSg_00021,6,68,8,8,50,span50,False,0.6108513474464417,timesformer,diving48
qD3IMtAanSg_00060,6,220,8,8,50,span50,True,0.5377542972564697,timesformer,diving48
qD3IMtAanSg_00092,6,154,8,8,50,span50,False,0.9546855688095093,timesformer,diving48
qD3IMtAanSg_00061,6,127,8,8,50,span50,False,0.6189618706703186,timesformer,diving48
zBXtMcI41z8_00071,6,99,8,8,50,span50,False,0.81639164686203,timesformer,diving48
zBXtMcI41z8_00070,6,122,8,8,50,span50,True,0.6388393044471741,timesformer,diving48
zBXtMcI41z8_00068,6,90,8,8,50,span50,True,0.25905826687812805,timesformer,diving48
qD3IMtAanSg_00074,6,245,8,8,50,span50,False,0.5721884965896606,timesformer,diving48
qD3IMtAanSg_00023,6,85,8,8,50,span50,True,0.45935702323913574,timesformer,diving48
zBXtMcI41z8_00069,6,100,8,8,50,span50,True,0.8559246063232422,timesformer,diving48
qD3IMtAanSg_00059,6,152,8,8,50,span50,False,0.964775025844574,timesformer,diving48
qD3IMtAanSg_00073,6,101,8,8,50,span50,False,0.7478939294815063,timesformer,diving48
qD3IMtAanSg_00068,6,181,8,8,50,span50,True,0.8144151568412781,timesformer,diving48
qD3IMtAanSg_00091,6,108,8,8,50,span50,False,0.5103034377098083,timesformer,diving48
qD3IMtAanSg_00075,6,191,8,8,50,span50,False,0.2576299011707306,timesformer,diving48
zmacW6f2Tdk_00027,7,97,8,8,50,span50,False,0.42882010340690613,timesformer,diving48
qD3IMtAanSg_00029,7,71,8,8,50,span50,False,0.6547384858131409,timesformer,diving48
k71Cc-Sm-Mg_00169,7,122,8,8,50,span50,False,0.8071726560592651,timesformer,diving48
TMJ1XIZBRW4_00036,7,53,8,8,50,span50,False,0.7522394061088562,timesformer,diving48
k71Cc-Sm-Mg_00170,7,122,8,8,50,span50,False,0.3091641664505005,timesformer,diving48
Le6xdQ2OO8w_00124,0,106,8,8,75,span75,True,0.988248348236084,timesformer,diving48
bl0C6d9QgIg_00021,0,51,8,8,75,span75,False,0.44585365056991577,timesformer,diving48
mGRum47TLX0_00045,0,211,8,8,75,span75,True,0.9676400423049927,timesformer,diving48
L_SB1PRgDTE_00029,0,87,8,8,75,span75,False,0.32898029685020447,timesformer,diving48
Le6xdQ2OO8w_00154,0,113,8,8,75,span75,True,0.7130890488624573,timesformer,diving48
Le6xdQ2OO8w_00127,0,161,8,8,75,span75,True,0.5652963519096375,timesformer,diving48
Le6xdQ2OO8w_00121,0,110,8,8,75,span75,True,0.9713729619979858,timesformer,diving48
Le6xdQ2OO8w_00119,0,130,8,8,75,span75,True,0.9380610585212708,timesformer,diving48
bSsVWVfYU4w_00118,0,151,8,8,75,span75,True,0.37992775440216064,timesformer,diving48
bl0C6d9QgIg_00022,0,96,8,8,75,span75,False,0.6293867826461792,timesformer,diving48
bl0C6d9QgIg_00017,0,250,8,8,75,span75,False,0.17783889174461365,timesformer,diving48
bl0C6d9QgIg_00023,0,90,8,8,75,span75,True,0.9373282790184021,timesformer,diving48
bSsVWVfYU4w_00086,0,53,8,8,75,span75,False,0.7731583714485168,timesformer,diving48
bSsVWVfYU4w_00169,0,141,8,8,75,span75,True,0.9626713991165161,timesformer,diving48
MbzIpx8kAD0_00025,0,96,8,8,75,span75,True,0.5127259492874146,timesformer,diving48
ovWCmIMMkRI_00055,0,88,8,8,75,span75,False,0.32526007294654846,timesformer,diving48
Le6xdQ2OO8w_00139,0,150,8,8,75,span75,True,0.9628995060920715,timesformer,diving48
Le6xdQ2OO8w_00160,0,105,8,8,75,span75,False,0.39454028010368347,timesformer,diving48
Le6xdQ2OO8w_00120,0,96,8,8,75,span75,True,0.9811936020851135,timesformer,diving48
zmacW6f2Tdk_00048,0,93,8,8,75,span75,True,0.9051926732063293,timesformer,diving48
cs8g1es4vfM_00034,1,64,8,8,75,span75,False,0.7436051368713379,timesformer,diving48
cs8g1es4vfM_00043,1,93,8,8,75,span75,False,0.22562244534492493,timesformer,diving48
CVAfPfVFulQ_00076,1,92,8,8,75,span75,True,0.5186909437179565,timesformer,diving48
yHo2oERGo7A_00056,1,122,8,8,75,span75,False,0.5915650129318237,timesformer,diving48
ovWCmIMMkRI_00058,1,105,8,8,75,span75,False,0.8303309082984924,timesformer,diving48
yHo2oERGo7A_00058,1,94,8,8,75,span75,False,0.5715041756629944,timesformer,diving48
cs8g1es4vfM_00056,1,102,8,8,75,span75,False,0.270417720079422,timesformer,diving48
SbzcCzXjYSU_00049,1,87,8,8,75,span75,False,0.5949224233627319,timesformer,diving48
cs8g1es4vfM_00010,1,77,8,8,75,span75,False,0.28357547521591187,timesformer,diving48
ovWCmIMMkRI_00034,1,92,8,8,75,span75,False,0.6374853849411011,timesformer,diving48
yHo2oERGo7A_00057,1,102,8,8,75,span75,False,0.749579906463623,timesformer,diving48
SbzcCzXjYSU_00056,1,109,8,8,75,span75,False,0.48432713747024536,timesformer,diving48
jMEYIEYkpY0_00103,1,140,8,8,75,span75,False,0.5696927905082703,timesformer,diving48
ovWCmIMMkRI_00033,1,72,8,8,75,span75,True,0.35417503118515015,timesformer,diving48
ovWCmIMMkRI_00057,1,102,8,8,75,span75,True,0.6882147789001465,timesformer,diving48
MbzIpx8kAD0_00065,1,164,8,8,75,span75,True,0.42130690813064575,timesformer,diving48
cs8g1es4vfM_00033,1,99,8,8,75,span75,True,0.5189774632453918,timesformer,diving48
cs8g1es4vfM_00032,1,155,8,8,75,span75,False,0.21326705813407898,timesformer,diving48
ovWCmIMMkRI_00056,1,90,8,8,75,span75,True,0.5386699438095093,timesformer,diving48
yHo2oERGo7A_00088,1,114,8,8,75,span75,False,0.8176472187042236,timesformer,diving48
zmacW6f2Tdk_00058,2,126,8,8,75,span75,False,0.4571489989757538,timesformer,diving48
rRw7peH60Yw_00032,2,128,8,8,75,span75,False,0.48069947957992554,timesformer,diving48
zmacW6f2Tdk_00057,2,127,8,8,75,span75,False,0.9394373297691345,timesformer,diving48
Le6xdQ2OO8w_00215,3,70,8,8,75,span75,False,0.2923331558704376,timesformer,diving48
Le6xdQ2OO8w_00201,3,133,8,8,75,span75,False,0.24613061547279358,timesformer,diving48
zmacW6f2Tdk_00039,3,96,8,8,75,span75,False,0.6639681458473206,timesformer,diving48
Jud-06v5Ghw_00001,3,115,8,8,75,span75,True,0.7510730028152466,timesformer,diving48
Le6xdQ2OO8w_00249,3,86,8,8,75,span75,False,0.5428123474121094,timesformer,diving48
Le6xdQ2OO8w_00256,3,60,8,8,75,span75,False,0.8805060982704163,timesformer,diving48
jMEYIEYkpY0_00031,3,117,8,8,75,span75,False,0.6479387283325195,timesformer,diving48
Le6xdQ2OO8w_00202,3,105,8,8,75,span75,True,0.6422249674797058,timesformer,diving48
CVAfPfVFulQ_00079,3,41,8,8,75,span75,False,0.21124228835105896,timesformer,diving48
CVAfPfVFulQ_00084,3,71,8,8,75,span75,False,0.4535159170627594,timesformer,diving48
yHo2oERGo7A_00006,3,61,8,8,75,span75,False,0.5565008521080017,timesformer,diving48
SbzcCzXjYSU_00020,3,62,8,8,75,span75,False,0.7374064326286316,timesformer,diving48
jMEYIEYkpY0_00030,3,113,8,8,75,span75,False,0.8499673008918762,timesformer,diving48
Le6xdQ2OO8w_00172,3,105,8,8,75,span75,True,0.21893402934074402,timesformer,diving48
Le6xdQ2OO8w_00228,3,76,8,8,75,span75,False,0.8045058846473694,timesformer,diving48
roFeEJPgJD8_00038,3,79,8,8,75,span75,False,0.25585249066352844,timesformer,diving48
jMEYIEYkpY0_00029,3,189,8,8,75,span75,True,0.4672987163066864,timesformer,diving48
Le6xdQ2OO8w_00226,3,98,8,8,75,span75,False,0.48377901315689087,timesformer,diving48
zmacW6f2Tdk_00040,3,131,8,8,75,span75,False,0.4519941508769989,timesformer,diving48
Le6xdQ2OO8w_00229,3,109,8,8,75,span75,False,0.846534788608551,timesformer,diving48
CVAfPfVFulQ_00080,4,65,8,8,75,span75,False,0.521679162979126,timesformer,diving48
Le6xdQ2OO8w_00234,4,203,8,8,75,span75,False,0.42215287685394287,timesformer,diving48
Le6xdQ2OO8w_00194,4,122,8,8,75,span75,True,0.44114288687705994,timesformer,diving48
CVAfPfVFulQ_00063,4,124,8,8,75,span75,True,0.3595707416534424,timesformer,diving48
bSsVWVfYU4w_00126,4,152,8,8,75,span75,False,0.40499210357666016,timesformer,diving48
MbzIpx8kAD0_00057,4,137,8,8,75,span75,False,0.48427441716194153,timesformer,diving48
Le6xdQ2OO8w_00235,4,183,8,8,75,span75,False,0.5356010794639587,timesformer,diving48
Le6xdQ2OO8w_00248,4,101,8,8,75,span75,False,0.5067776441574097,timesformer,diving48
Le6xdQ2OO8w_00214,4,75,8,8,75,span75,False,0.33839306235313416,timesformer,diving48
Le6xdQ2OO8w_00179,4,65,8,8,75,span75,False,0.42438405752182007,timesformer,diving48
L2tKML4URG8_00012,4,53,8,8,75,span75,False,0.4838000535964966,timesformer,diving48
MbzIpx8kAD0_00059,4,71,8,8,75,span75,False,0.2532031536102295,timesformer,diving48
L2tKML4URG8_00013,4,101,8,8,75,span75,True,0.23948831856250763,timesformer,diving48
Le6xdQ2OO8w_00180,4,73,8,8,75,span75,False,0.6769468784332275,timesformer,diving48
bSsVWVfYU4w_00127,4,106,8,8,75,span75,False,0.3793344795703888,timesformer,diving48
Le6xdQ2OO8w_00193,4,105,8,8,75,span75,False,0.745248556137085,timesformer,diving48
bSsVWVfYU4w_00162,4,187,8,8,75,span75,False,0.26038020849227905,timesformer,diving48
bSsVWVfYU4w_00163,4,135,8,8,75,span75,True,0.3649124503135681,timesformer,diving48
Le6xdQ2OO8w_00253,4,57,8,8,75,span75,False,0.4566762149333954,timesformer,diving48
mGRum47TLX0_00047,4,74,8,8,75,span75,False,0.6454550623893738,timesformer,diving48
roFeEJPgJD8_00016,5,128,8,8,75,span75,False,0.20989984273910522,timesformer,diving48
zBXtMcI41z8_00026,5,59,8,8,75,span75,False,0.4716970920562744,timesformer,diving48
sFO6XlfgxNQ_00119,5,87,8,8,75,span75,True,0.9438264966011047,timesformer,diving48
sFO6XlfgxNQ_00103,5,79,8,8,75,span75,True,0.9952300786972046,timesformer,diving48
zBXtMcI41z8_00073,5,103,8,8,75,span75,False,0.40147721767425537,timesformer,diving48
sFO6XlfgxNQ_00061,5,183,8,8,75,span75,False,0.6221045255661011,timesformer,diving48
sFO6XlfgxNQ_00109,5,60,8,8,75,span75,True,0.9868330359458923,timesformer,diving48
sFO6XlfgxNQ_00117,5,120,8,8,75,span75,True,0.6382765173912048,timesformer,diving48
zBXtMcI41z8_00074,5,81,8,8,75,span75,False,0.3413434326648712,timesformer,diving48
sFO6XlfgxNQ_00116,5,206,8,8,75,span75,True,0.9823591113090515,timesformer,diving48
sFO6XlfgxNQ_00120,5,116,8,8,75,span75,True,0.7108493447303772,timesformer,diving48
zBXtMcI41z8_00110,5,72,8,8,75,span75,False,0.3199285566806793,timesformer,diving48
sFO6XlfgxNQ_00056,5,159,8,8,75,span75,True,0.5774018168449402,timesformer,diving48
jMEYIEYkpY0_00092,5,131,8,8,75,span75,True,0.40498122572898865,timesformer,diving48
zBXtMcI41z8_00028,5,59,8,8,75,span75,False,0.2865990698337555,timesformer,diving48
jMEYIEYkpY0_00090,5,96,8,8,75,span75,True,0.5372282266616821,timesformer,diving48
sFO6XlfgxNQ_00104,5,186,8,8,75,span75,True,0.8918431401252747,timesformer,diving48
sFO6XlfgxNQ_00111,5,197,8,8,75,span75,True,0.39704224467277527,timesformer,diving48
zBXtMcI41z8_00109,5,95,8,8,75,span75,True,0.6898665428161621,timesformer,diving48
zBXtMcI41z8_00027,5,73,8,8,75,span75,True,0.501488447189331,timesformer,diving48
zBXtMcI41z8_00072,6,105,8,8,75,span75,True,0.5174810290336609,timesformer,diving48
zBXtMcI41z8_00067,6,59,8,8,75,span75,False,0.33167725801467896,timesformer,diving48
qD3IMtAanSg_00067,6,57,8,8,75,span75,False,0.8711766600608826,timesformer,diving48
qD3IMtAanSg_00069,6,102,8,8,75,span75,False,0.5567254424095154,timesformer,diving48
qD3IMtAanSg_00130,6,70,8,8,75,span75,True,0.7889151573181152,timesformer,diving48
qD3IMtAanSg_00021,6,68,8,8,75,span75,False,0.5959022641181946,timesformer,diving48
qD3IMtAanSg_00060,6,220,8,8,75,span75,False,0.8066034317016602,timesformer,diving48
qD3IMtAanSg_00092,6,154,8,8,75,span75,False,0.9791268706321716,timesformer,diving48
qD3IMtAanSg_00061,6,127,8,8,75,span75,False,0.5573809146881104,timesformer,diving48
zBXtMcI41z8_00071,6,99,8,8,75,span75,False,0.7791808247566223,timesformer,diving48
zBXtMcI41z8_00070,6,122,8,8,75,span75,False,0.5908122658729553,timesformer,diving48
zBXtMcI41z8_00068,6,90,8,8,75,span75,True,0.7752818465232849,timesformer,diving48
qD3IMtAanSg_00074,6,245,8,8,75,span75,True,0.7491533160209656,timesformer,diving48
qD3IMtAanSg_00023,6,85,8,8,75,span75,True,0.6157627105712891,timesformer,diving48
zBXtMcI41z8_00069,6,100,8,8,75,span75,False,0.6430709958076477,timesformer,diving48
qD3IMtAanSg_00059,6,152,8,8,75,span75,False,0.9835087656974792,timesformer,diving48
qD3IMtAanSg_00073,6,101,8,8,75,span75,False,0.6489906907081604,timesformer,diving48
qD3IMtAanSg_00068,6,181,8,8,75,span75,False,0.9096047878265381,timesformer,diving48
qD3IMtAanSg_00091,6,108,8,8,75,span75,False,0.9355674982070923,timesformer,diving48
qD3IMtAanSg_00075,6,191,8,8,75,span75,False,0.8658194541931152,timesformer,diving48
zmacW6f2Tdk_00027,7,97,8,8,75,span75,False,0.33132463693618774,timesformer,diving48
qD3IMtAanSg_00029,7,71,8,8,75,span75,False,0.6615437865257263,timesformer,diving48
k71Cc-Sm-Mg_00169,7,122,8,8,75,span75,True,0.5544145107269287,timesformer,diving48
TMJ1XIZBRW4_00036,7,53,8,8,75,span75,False,0.2656903564929962,timesformer,diving48
k71Cc-Sm-Mg_00170,7,122,8,8,75,span75,False,0.7163546681404114,timesformer,diving48
Le6xdQ2OO8w_00124,0,106,8,8,100,span100,True,0.7555583715438843,timesformer,diving48
bl0C6d9QgIg_00021,0,51,8,8,100,span100,False,0.3504036068916321,timesformer,diving48
mGRum47TLX0_00045,0,211,8,8,100,span100,True,0.9018234014511108,timesformer,diving48
L_SB1PRgDTE_00029,0,87,8,8,100,span100,True,0.5067722201347351,timesformer,diving48
Le6xdQ2OO8w_00154,0,113,8,8,100,span100,True,0.9730966687202454,timesformer,diving48
Le6xdQ2OO8w_00127,0,161,8,8,100,span100,False,0.3752407133579254,timesformer,diving48
Le6xdQ2OO8w_00121,0,110,8,8,100,span100,True,0.9411919116973877,timesformer,diving48
Le6xdQ2OO8w_00119,0,130,8,8,100,span100,True,0.767728328704834,timesformer,diving48
bSsVWVfYU4w_00118,0,151,8,8,100,span100,True,0.43277791142463684,timesformer,diving48
bl0C6d9QgIg_00022,0,96,8,8,100,span100,False,0.3286343812942505,timesformer,diving48
bl0C6d9QgIg_00017,0,250,8,8,100,span100,False,0.53717440366745,timesformer,diving48
bl0C6d9QgIg_00023,0,90,8,8,100,span100,True,0.9062737822532654,timesformer,diving48
bSsVWVfYU4w_00086,0,53,8,8,100,span100,False,0.6784352660179138,timesformer,diving48
bSsVWVfYU4w_00169,0,141,8,8,100,span100,True,0.7525840401649475,timesformer,diving48
MbzIpx8kAD0_00025,0,96,8,8,100,span100,True,0.8782725930213928,timesformer,diving48
ovWCmIMMkRI_00055,0,88,8,8,100,span100,False,0.5751836895942688,timesformer,diving48
Le6xdQ2OO8w_00139,0,150,8,8,100,span100,False,0.3207288384437561,timesformer,diving48
Le6xdQ2OO8w_00160,0,105,8,8,100,span100,True,0.2479681819677353,timesformer,diving48
Le6xdQ2OO8w_00120,0,96,8,8,100,span100,True,0.7613961696624756,timesformer,diving48
zmacW6f2Tdk_00048,0,93,8,8,100,span100,True,0.9569442868232727,timesformer,diving48
cs8g1es4vfM_00034,1,64,8,8,100,span100,False,0.8177420496940613,timesformer,diving48
cs8g1es4vfM_00043,1,93,8,8,100,span100,False,0.8734133839607239,timesformer,diving48
CVAfPfVFulQ_00076,1,92,8,8,100,span100,True,0.5897006988525391,timesformer,diving48
yHo2oERGo7A_00056,1,122,8,8,100,span100,True,0.4552590250968933,timesformer,diving48
ovWCmIMMkRI_00058,1,105,8,8,100,span100,False,0.3840501606464386,timesformer,diving48
yHo2oERGo7A_00058,1,94,8,8,100,span100,False,0.6860172748565674,timesformer,diving48
cs8g1es4vfM_00056,1,102,8,8,100,span100,False,0.15584874153137207,timesformer,diving48
SbzcCzXjYSU_00049,1,87,8,8,100,span100,True,0.3042708933353424,timesformer,diving48
cs8g1es4vfM_00010,1,77,8,8,100,span100,False,0.540743887424469,timesformer,diving48
ovWCmIMMkRI_00034,1,92,8,8,100,span100,False,0.9085235595703125,timesformer,diving48
yHo2oERGo7A_00057,1,102,8,8,100,span100,False,0.5147552490234375,timesformer,diving48
SbzcCzXjYSU_00056,1,109,8,8,100,span100,False,0.9154055714607239,timesformer,diving48
jMEYIEYkpY0_00103,1,140,8,8,100,span100,False,0.9234175682067871,timesformer,diving48
ovWCmIMMkRI_00033,1,72,8,8,100,span100,False,0.6851099729537964,timesformer,diving48
ovWCmIMMkRI_00057,1,102,8,8,100,span100,True,0.8068689107894897,timesformer,diving48
MbzIpx8kAD0_00065,1,164,8,8,100,span100,False,0.8864622116088867,timesformer,diving48
cs8g1es4vfM_00033,1,99,8,8,100,span100,False,0.31321248412132263,timesformer,diving48
cs8g1es4vfM_00032,1,155,8,8,100,span100,False,0.5976689457893372,timesformer,diving48
ovWCmIMMkRI_00056,1,90,8,8,100,span100,True,0.35303765535354614,timesformer,diving48
yHo2oERGo7A_00088,1,114,8,8,100,span100,True,0.8228546380996704,timesformer,diving48
zmacW6f2Tdk_00058,2,126,8,8,100,span100,False,0.5994692444801331,timesformer,diving48
rRw7peH60Yw_00032,2,128,8,8,100,span100,False,0.3663647770881653,timesformer,diving48
zmacW6f2Tdk_00057,2,127,8,8,100,span100,False,0.9780013561248779,timesformer,diving48
Le6xdQ2OO8w_00215,3,70,8,8,100,span100,True,0.2829415798187256,timesformer,diving48
Le6xdQ2OO8w_00201,3,133,8,8,100,span100,False,0.3247290253639221,timesformer,diving48
zmacW6f2Tdk_00039,3,96,8,8,100,span100,True,0.3013121783733368,timesformer,diving48
Jud-06v5Ghw_00001,3,115,8,8,100,span100,True,0.44338253140449524,timesformer,diving48
Le6xdQ2OO8w_00249,3,86,8,8,100,span100,False,0.9844343066215515,timesformer,diving48
Le6xdQ2OO8w_00256,3,60,8,8,100,span100,False,0.8664265275001526,timesformer,diving48
jMEYIEYkpY0_00031,3,117,8,8,100,span100,False,0.4191739559173584,timesformer,diving48
Le6xdQ2OO8w_00202,3,105,8,8,100,span100,False,0.22835364937782288,timesformer,diving48
CVAfPfVFulQ_00079,3,41,8,8,100,span100,False,0.21700051426887512,timesformer,diving48
CVAfPfVFulQ_00084,3,71,8,8,100,span100,False,0.4329293668270111,timesformer,diving48
yHo2oERGo7A_00006,3,61,8,8,100,span100,False,0.8174601793289185,timesformer,diving48
SbzcCzXjYSU_00020,3,62,8,8,100,span100,False,0.7397725582122803,timesformer,diving48
jMEYIEYkpY0_00030,3,113,8,8,100,span100,False,0.5779604911804199,timesformer,diving48
Le6xdQ2OO8w_00172,3,105,8,8,100,span100,False,0.9420551061630249,timesformer,diving48
Le6xdQ2OO8w_00228,3,76,8,8,100,span100,False,0.5884496569633484,timesformer,diving48
roFeEJPgJD8_00038,3,79,8,8,100,span100,False,0.9538360834121704,timesformer,diving48
jMEYIEYkpY0_00029,3,189,8,8,100,span100,False,0.942947506904602,timesformer,diving48
Le6xdQ2OO8w_00226,3,98,8,8,100,span100,False,0.4780624806880951,timesformer,diving48
zmacW6f2Tdk_00040,3,131,8,8,100,span100,False,0.5415012836456299,timesformer,diving48
Le6xdQ2OO8w_00229,3,109,8,8,100,span100,False,0.9561796188354492,timesformer,diving48
CVAfPfVFulQ_00080,4,65,8,8,100,span100,True,0.6069126129150391,timesformer,diving48
Le6xdQ2OO8w_00234,4,203,8,8,100,span100,False,0.9093409776687622,timesformer,diving48
Le6xdQ2OO8w_00194,4,122,8,8,100,span100,True,0.4821051359176636,timesformer,diving48
CVAfPfVFulQ_00063,4,124,8,8,100,span100,False,0.15742143988609314,timesformer,diving48
bSsVWVfYU4w_00126,4,152,8,8,100,span100,True,0.6756417751312256,timesformer,diving48
MbzIpx8kAD0_00057,4,137,8,8,100,span100,False,0.27412092685699463,timesformer,diving48
Le6xdQ2OO8w_00235,4,183,8,8,100,span100,False,0.24587805569171906,timesformer,diving48
Le6xdQ2OO8w_00248,4,101,8,8,100,span100,True,0.5463475584983826,timesformer,diving48
Le6xdQ2OO8w_00214,4,75,8,8,100,span100,True,0.20501098036766052,timesformer,diving48
Le6xdQ2OO8w_00179,4,65,8,8,100,span100,False,0.5215148329734802,timesformer,diving48
L2tKML4URG8_00012,4,53,8,8,100,span100,False,0.7138094902038574,timesformer,diving48
MbzIpx8kAD0_00059,4,71,8,8,100,span100,True,0.606195330619812,timesformer,diving48
L2tKML4URG8_00013,4,101,8,8,100,span100,True,0.24716724455356598,timesformer,diving48
Le6xdQ2OO8w_00180,4,73,8,8,100,span100,False,0.6204671263694763,timesformer,diving48
bSsVWVfYU4w_00127,4,106,8,8,100,span100,False,0.6572863459587097,timesformer,diving48
Le6xdQ2OO8w_00193,4,105,8,8,100,span100,True,0.35007673501968384,timesformer,diving48
bSsVWVfYU4w_00162,4,187,8,8,100,span100,False,0.14461258053779602,timesformer,diving48
bSsVWVfYU4w_00163,4,135,8,8,100,span100,False,0.5025380253791809,timesformer,diving48
Le6xdQ2OO8w_00253,4,57,8,8,100,span100,False,0.43368473649024963,timesformer,diving48
mGRum47TLX0_00047,4,74,8,8,100,span100,True,0.5641795992851257,timesformer,diving48
roFeEJPgJD8_00016,5,128,8,8,100,span100,False,0.4698449373245239,timesformer,diving48
zBXtMcI41z8_00026,5,59,8,8,100,span100,False,0.9435726404190063,timesformer,diving48
sFO6XlfgxNQ_00119,5,87,8,8,100,span100,True,0.9502068758010864,timesformer,diving48
sFO6XlfgxNQ_00103,5,79,8,8,100,span100,True,0.9878365397453308,timesformer,diving48
zBXtMcI41z8_00073,5,103,8,8,100,span100,False,0.4371640384197235,timesformer,diving48
sFO6XlfgxNQ_00061,5,183,8,8,100,span100,True,0.9834747910499573,timesformer,diving48
sFO6XlfgxNQ_00109,5,60,8,8,100,span100,True,0.9788943529129028,timesformer,diving48
sFO6XlfgxNQ_00117,5,120,8,8,100,span100,True,0.41946613788604736,timesformer,diving48
zBXtMcI41z8_00074,5,81,8,8,100,span100,True,0.35346129536628723,timesformer,diving48
sFO6XlfgxNQ_00116,5,206,8,8,100,span100,True,0.979908287525177,timesformer,diving48
sFO6XlfgxNQ_00120,5,116,8,8,100,span100,False,0.7267096042633057,timesformer,diving48
zBXtMcI41z8_00110,5,72,8,8,100,span100,False,0.3715611398220062,timesformer,diving48
sFO6XlfgxNQ_00056,5,159,8,8,100,span100,True,0.6983595490455627,timesformer,diving48
jMEYIEYkpY0_00092,5,131,8,8,100,span100,False,0.2299562245607376,timesformer,diving48
zBXtMcI41z8_00028,5,59,8,8,100,span100,False,0.771774172782898,timesformer,diving48
jMEYIEYkpY0_00090,5,96,8,8,100,span100,False,0.25165703892707825,timesformer,diving48
sFO6XlfgxNQ_00104,5,186,8,8,100,span100,True,0.9923248291015625,timesformer,diving48
sFO6XlfgxNQ_00111,5,197,8,8,100,span100,False,0.765068769454956,timesformer,diving48
zBXtMcI41z8_00109,5,95,8,8,100,span100,False,0.4803052544593811,timesformer,diving48
zBXtMcI41z8_00027,5,73,8,8,100,span100,False,0.4170813262462616,timesformer,diving48
zBXtMcI41z8_00072,6,105,8,8,100,span100,False,0.33472740650177,timesformer,diving48
zBXtMcI41z8_00067,6,59,8,8,100,span100,True,0.5487045645713806,timesformer,diving48
qD3IMtAanSg_00067,6,57,8,8,100,span100,False,0.7020893096923828,timesformer,diving48
qD3IMtAanSg_00069,6,102,8,8,100,span100,False,0.5199940204620361,timesformer,diving48
qD3IMtAanSg_00130,6,70,8,8,100,span100,False,0.3316049873828888,timesformer,diving48
qD3IMtAanSg_00021,6,68,8,8,100,span100,True,0.34292516112327576,timesformer,diving48
qD3IMtAanSg_00060,6,220,8,8,100,span100,False,0.9494693279266357,timesformer,diving48
qD3IMtAanSg_00092,6,154,8,8,100,span100,False,0.7705217003822327,timesformer,diving48
qD3IMtAanSg_00061,6,127,8,8,100,span100,False,0.2714521586894989,timesformer,diving48
zBXtMcI41z8_00071,6,99,8,8,100,span100,False,0.7535126805305481,timesformer,diving48
zBXtMcI41z8_00070,6,122,8,8,100,span100,False,0.6439487338066101,timesformer,diving48
zBXtMcI41z8_00068,6,90,8,8,100,span100,True,0.5998185873031616,timesformer,diving48
qD3IMtAanSg_00074,6,245,8,8,100,span100,False,0.9757472276687622,timesformer,diving48
qD3IMtAanSg_00023,6,85,8,8,100,span100,True,0.7509517073631287,timesformer,diving48
zBXtMcI41z8_00069,6,100,8,8,100,span100,True,0.33227214217185974,timesformer,diving48
qD3IMtAanSg_00059,6,152,8,8,100,span100,False,0.9817542433738708,timesformer,diving48
qD3IMtAanSg_00073,6,101,8,8,100,span100,True,0.8306840658187866,timesformer,diving48
qD3IMtAanSg_00068,6,181,8,8,100,span100,False,0.8484295010566711,timesformer,diving48
qD3IMtAanSg_00091,6,108,8,8,100,span100,False,0.7481122016906738,timesformer,diving48
qD3IMtAanSg_00075,6,191,8,8,100,span100,False,0.786542534828186,timesformer,diving48
zmacW6f2Tdk_00027,7,97,8,8,100,span100,False,0.3596629798412323,timesformer,diving48
qD3IMtAanSg_00029,7,71,8,8,100,span100,False,0.5083783864974976,timesformer,diving48
k71Cc-Sm-Mg_00169,7,122,8,8,100,span100,False,0.49168193340301514,timesformer,diving48
TMJ1XIZBRW4_00036,7,53,8,8,100,span100,True,0.365105539560318,timesformer,diving48
k71Cc-Sm-Mg_00170,7,122,8,8,100,span100,False,0.6866034865379333,timesformer,diving48
zmacW6f2Tdk_00009,7,113,8,8,10,span10,True,0.6350661516189575,timesformer,diving48
XfCaMLlyj9I_00113,7,77,8,8,10,span10,False,0.47490736842155457,timesformer,diving48
rRw7peH60Yw_00018,7,77,8,8,10,span10,True,0.6926485300064087,timesformer,diving48
sFO6XlfgxNQ_00087,7,180,8,8,10,span10,False,0.5030070543289185,timesformer,diving48
k71Cc-Sm-Mg_00041,7,161,8,8,10,span10,False,0.8607263565063477,timesformer,diving48
rRw7peH60Yw_00006,7,140,8,8,10,span10,False,0.20987774431705475,timesformer,diving48
zmacW6f2Tdk_00015,7,115,8,8,10,span10,False,0.8307237029075623,timesformer,diving48
zmacW6f2Tdk_00017,7,116,8,8,10,span10,False,0.7623040080070496,timesformer,diving48
SbzcCzXjYSU_00008,7,248,8,8,10,span10,False,0.2554037272930145,timesformer,diving48
SbzcCzXjYSU_00034,7,175,8,8,10,span10,False,0.2352292388677597,timesformer,diving48
jMEYIEYkpY0_00028,7,162,8,8,10,span10,True,0.47730258107185364,timesformer,diving48
SbzcCzXjYSU_00054,7,141,8,8,10,span10,False,0.867486834526062,timesformer,diving48
qD3IMtAanSg_00103,7,64,6,8,10,span10,False,0.2299867421388626,timesformer,diving48
zmacW6f2Tdk_00028,7,85,8,8,10,span10,True,0.9887714982032776,timesformer,diving48
zmacW6f2Tdk_00051,7,127,8,8,10,span10,False,0.5131494998931885,timesformer,diving48
yHo2oERGo7A_00066,8,131,8,8,10,span10,False,0.9535658955574036,timesformer,diving48
yHo2oERGo7A_00046,8,87,8,8,10,span10,False,0.17638953030109406,timesformer,diving48
zmacW6f2Tdk_00018,8,77,8,8,10,span10,False,0.5609785318374634,timesformer,diving48
Le6xdQ2OO8w_00183,8,78,8,8,10,span10,False,0.4430095851421356,timesformer,diving48
zmacW6f2Tdk_00019,8,62,6,8,10,span10,False,0.37715741991996765,timesformer,diving48
yHo2oERGo7A_00061,8,106,8,8,10,span10,False,0.7602388262748718,timesformer,diving48
jMEYIEYkpY0_00035,8,96,8,8,10,span10,False,0.8984217643737793,timesformer,diving48
Le6xdQ2OO8w_00232,8,45,4,8,10,span10,False,0.5776354670524597,timesformer,diving48
roFeEJPgJD8_00036,8,74,7,8,10,span10,False,0.6815047860145569,timesformer,diving48
mGRum47TLX0_00057,8,179,8,8,10,span10,True,0.16585107147693634,timesformer,diving48
jMEYIEYkpY0_00094,8,98,8,8,10,span10,False,0.4833196997642517,timesformer,diving48
SbzcCzXjYSU_00021,8,73,7,8,10,span10,True,0.24041038751602173,timesformer,diving48
cs8g1es4vfM_00020,8,157,8,8,10,span10,True,0.5821948647499084,timesformer,diving48
CVAfPfVFulQ_00060,8,79,8,8,10,span10,False,0.6680842638015747,timesformer,diving48
yHo2oERGo7A_00044,8,163,8,8,10,span10,False,0.3902013599872589,timesformer,diving48
jMEYIEYkpY0_00095,8,86,8,8,10,span10,False,0.722090482711792,timesformer,diving48
yHo2oERGo7A_00059,8,128,8,8,10,span10,False,0.8488648533821106,timesformer,diving48
Le6xdQ2OO8w_00224,8,123,8,8,10,span10,False,0.3135509192943573,timesformer,diving48
bSsVWVfYU4w_00170,8,85,8,8,10,span10,False,0.25712206959724426,timesformer,diving48
yHo2oERGo7A_00054,8,94,8,8,10,span10,False,0.886347770690918,timesformer,diving48
roFeEJPgJD8_00032,9,58,6,8,10,span10,False,0.208196222782135,timesformer,diving48
roFeEJPgJD8_00029,9,224,8,8,10,span10,False,0.3286215662956238,timesformer,diving48
qD3IMtAanSg_00018,10,90,8,8,10,span10,True,0.5907168984413147,timesformer,diving48
qD3IMtAanSg_00082,10,61,6,8,10,span10,False,0.38457760214805603,timesformer,diving48
qD3IMtAanSg_00007,10,131,8,8,10,span10,False,0.9397985339164734,timesformer,diving48
qD3IMtAanSg_00084,10,63,6,8,10,span10,False,0.30002841353416443,timesformer,diving48
qD3IMtAanSg_00100,10,114,8,8,10,span10,False,0.9165865182876587,timesformer,diving48
qD3IMtAanSg_00005,10,152,8,8,10,span10,False,0.39870116114616394,timesformer,diving48
qD3IMtAanSg_00123,10,108,8,8,10,span10,False,0.19092713296413422,timesformer,diving48
qD3IMtAanSg_00125,10,107,8,8,10,span10,True,0.7883365750312805,timesformer,diving48
qD3IMtAanSg_00098,10,204,8,8,10,span10,False,0.4487243890762329,timesformer,diving48
qD3IMtAanSg_00124,10,181,8,8,10,span10,True,0.6689198017120361,timesformer,diving48
qD3IMtAanSg_00083,10,139,8,8,10,span10,True,0.6804013252258301,timesformer,diving48
qD3IMtAanSg_00017,10,166,8,8,10,span10,True,0.5405023097991943,timesformer,diving48
qD3IMtAanSg_00099,10,146,8,8,10,span10,True,0.5285204648971558,timesformer,diving48
qD3IMtAanSg_00016,10,100,8,8,10,span10,False,0.8197098970413208,timesformer,diving48
qD3IMtAanSg_00006,10,156,8,8,10,span10,True,0.7494921684265137,timesformer,diving48
qD3IMtAanSg_00116,11,204,8,8,10,span10,True,0.276682049036026,timesformer,diving48
qD3IMtAanSg_00063,11,203,8,8,10,span10,False,0.5312094688415527,timesformer,diving48
qD3IMtAanSg_00110,11,69,7,8,10,span10,False,0.4855048954486847,timesformer,diving48
qD3IMtAanSg_00046,11,181,8,8,10,span10,False,0.46395304799079895,timesformer,diving48
qD3IMtAanSg_00115,11,81,8,8,10,span10,False,0.7642795443534851,timesformer,diving48
qD3IMtAanSg_00064,11,75,8,8,10,span10,False,0.38192012906074524,timesformer,diving48
qD3IMtAanSg_00062,11,85,8,8,10,span10,False,0.7757121920585632,timesformer,diving48
qD3IMtAanSg_00066,11,217,8,8,10,span10,True,0.25420862436294556,timesformer,diving48
qD3IMtAanSg_00112,11,75,8,8,10,span10,False,0.9285945892333984,timesformer,diving48
qD3IMtAanSg_00065,11,83,8,8,10,span10,False,0.8814148902893066,timesformer,diving48
qD3IMtAanSg_00113,11,92,8,8,10,span10,False,0.5184054970741272,timesformer,diving48
zBXtMcI41z8_00058,11,126,8,8,10,span10,True,0.3589363694190979,timesformer,diving48
zBXtMcI41z8_00059,11,137,8,8,10,span10,False,0.4921082854270935,timesformer,diving48
zBXtMcI41z8_00057,11,175,8,8,10,span10,True,0.2209634780883789,timesformer,diving48
qD3IMtAanSg_00114,11,207,8,8,10,span10,False,0.3733801543712616,timesformer,diving48
qD3IMtAanSg_00045,11,68,7,8,10,span10,False,0.4192541539669037,timesformer,diving48
qD3IMtAanSg_00111,11,182,8,8,10,span10,False,0.8800687193870544,timesformer,diving48
sFO6XlfgxNQ_00094,12,132,8,8,10,span10,False,0.5119994282722473,timesformer,diving48
zBXtMcI41z8_00042,12,68,7,8,10,span10,False,0.8970449566841125,timesformer,diving48
zBXtMcI41z8_00041,12,66,7,8,10,span10,False,0.5537552833557129,timesformer,diving48
sFO6XlfgxNQ_00093,12,278,8,8,10,span10,False,0.652592658996582,timesformer,diving48
sFO6XlfgxNQ_00101,12,181,8,8,10,span10,False,0.6326593160629272,timesformer,diving48
XfCaMLlyj9I_00107,12,102,8,8,10,span10,False,0.635861337184906,timesformer,diving48
zBXtMcI41z8_00050,12,58,6,8,10,span10,False,0.7238411903381348,timesformer,diving48
jMEYIEYkpY0_00065,12,71,7,8,10,span10,False,0.47636210918426514,timesformer,diving48
sFO6XlfgxNQ_00083,12,46,5,8,10,span10,True,0.8041346669197083,timesformer,diving48
XfCaMLlyj9I_00110,12,54,5,8,10,span10,False,0.821835994720459,timesformer,diving48
jMEYIEYkpY0_00049,12,143,8,8,10,span10,False,0.5016490817070007,timesformer,diving48
sFO6XlfgxNQ_00092,12,110,8,8,10,span10,False,0.47598665952682495,timesformer,diving48
jMEYIEYkpY0_00047,12,128,8,8,10,span10,True,0.45386549830436707,timesformer,diving48
sFO6XlfgxNQ_00085,12,96,8,8,10,span10,False,0.600060224533081,timesformer,diving48
sFO6XlfgxNQ_00084,12,137,8,8,10,span10,False,0.5403174161911011,timesformer,diving48
zBXtMcI41z8_00052,12,66,7,8,10,span10,False,0.7092983722686768,timesformer,diving48
roFeEJPgJD8_00033,12,127,8,8,10,span10,False,0.6524801850318909,timesformer,diving48
roFeEJPgJD8_00015,12,121,8,8,10,span10,False,0.5619385242462158,timesformer,diving48
sFO6XlfgxNQ_00102,12,144,8,8,10,span10,False,0.7974886894226074,timesformer,diving48
jMEYIEYkpY0_00048,12,109,8,8,10,span10,False,0.6488029956817627,timesformer,diving48
qD3IMtAanSg_00138,13,107,8,8,10,span10,False,0.3770902454853058,timesformer,diving48
qD3IMtAanSg_00137,13,189,8,8,10,span10,False,0.502663791179657,timesformer,diving48
qD3IMtAanSg_00101,13,66,7,8,10,span10,False,0.618842601776123,timesformer,diving48
qD3IMtAanSg_00009,13,189,8,8,10,span10,False,0.45611539483070374,timesformer,diving48
qD3IMtAanSg_00102,13,153,8,8,10,span10,False,0.7597175240516663,timesformer,diving48
qD3IMtAanSg_00136,13,130,8,8,10,span10,False,0.7533585429191589,timesformer,diving48
qD3IMtAanSg_00008,13,192,8,8,10,span10,False,0.48179224133491516,timesformer,diving48
qD3IMtAanSg_00034,13,173,8,8,10,span10,False,0.6667085886001587,timesformer,diving48
qD3IMtAanSg_00027,13,101,8,8,10,span10,False,0.6460566520690918,timesformer,diving48
qD3IMtAanSg_00028,13,142,8,8,10,span10,False,0.6415684223175049,timesformer,diving48
qD3IMtAanSg_00033,13,200,8,8,10,span10,False,0.46189096570014954,timesformer,diving48
qD3IMtAanSg_00010,13,95,8,8,10,span10,False,0.39893898367881775,timesformer,diving48
roFeEJPgJD8_00014,14,56,6,8,10,span10,False,0.3428374230861664,timesformer,diving48
jMEYIEYkpY0_00089,14,134,8,8,10,span10,False,0.31536874175071716,timesformer,diving48
ovWCmIMMkRI_00002,15,107,8,8,10,span10,True,0.636147141456604,timesformer,diving48
k71Cc-Sm-Mg_00155,15,75,8,8,10,span10,True,0.988142192363739,timesformer,diving48
XfCaMLlyj9I_00049,15,47,5,8,10,span10,True,0.9443678259849548,timesformer,diving48
Le6xdQ2OO8w_00058,15,115,8,8,10,span10,True,0.905489444732666,timesformer,diving48
k71Cc-Sm-Mg_00122,15,122,8,8,10,span10,True,0.9601576328277588,timesformer,diving48
Le6xdQ2OO8w_00079,15,55,6,8,10,span10,False,0.41646209359169006,timesformer,diving48
XfCaMLlyj9I_00010,15,128,8,8,10,span10,True,0.9852161407470703,timesformer,diving48
zBXtMcI41z8_00017,15,191,8,8,10,span10,False,0.2932911813259125,timesformer,diving48
XfCaMLlyj9I_00051,15,67,7,8,10,span10,True,0.9205712676048279,timesformer,diving48
bSsVWVfYU4w_00026,15,48,5,8,10,span10,True,0.8988706469535828,timesformer,diving48
k71Cc-Sm-Mg_00001,15,130,8,8,10,span10,False,0.5082048177719116,timesformer,diving48
k71Cc-Sm-Mg_00129,15,120,8,8,10,span10,True,0.34460392594337463,timesformer,diving48
k71Cc-Sm-Mg_00007,15,250,8,8,10,span10,False,0.24265094101428986,timesformer,diving48
XfCaMLlyj9I_00028,15,86,8,8,10,span10,False,0.7688396573066711,timesformer,diving48
XfCaMLlyj9I_00002,15,107,8,8,10,span10,True,0.990756094455719,timesformer,diving48
k71Cc-Sm-Mg_00131,15,106,8,8,10,span10,True,0.9381012320518494,timesformer,diving48
ovWCmIMMkRI_00003,15,106,8,8,10,span10,False,0.27836501598358154,timesformer,diving48
Le6xdQ2OO8w_00063,15,59,6,8,10,span10,True,0.9650377631187439,timesformer,diving48
k71Cc-Sm-Mg_00141,15,109,8,8,10,span10,True,0.9542944431304932,timesformer,diving48
Le6xdQ2OO8w_00030,15,125,8,8,10,span10,False,0.23907744884490967,timesformer,diving48
zBXtMcI41z8_00103,16,69,7,8,10,span10,False,0.44425827264785767,timesformer,diving48
Le6xdQ2OO8w_00028,16,50,5,8,10,span10,False,0.9361428022384644,timesformer,diving48
ovWCmIMMkRI_00021,16,113,8,8,10,span10,False,0.3500352203845978,timesformer,diving48
MbzIpx8kAD0_00046,16,108,8,8,10,span10,False,0.3943313658237457,timesformer,diving48
MbzIpx8kAD0_00017,16,79,8,8,10,span10,False,0.8611027598381042,timesformer,diving48
zmacW6f2Tdk_00009,7,113,8,8,25,span25,True,0.7538607120513916,timesformer,diving48
XfCaMLlyj9I_00113,7,77,8,8,25,span25,False,0.7741732001304626,timesformer,diving48
rRw7peH60Yw_00018,7,77,8,8,25,span25,False,0.3531796336174011,timesformer,diving48
sFO6XlfgxNQ_00087,7,180,8,8,25,span25,False,0.8372156620025635,timesformer,diving48
k71Cc-Sm-Mg_00041,7,161,8,8,25,span25,False,0.2748216986656189,timesformer,diving48
rRw7peH60Yw_00006,7,140,8,8,25,span25,False,0.7533142566680908,timesformer,diving48
zmacW6f2Tdk_00015,7,115,8,8,25,span25,False,0.8823016285896301,timesformer,diving48
zmacW6f2Tdk_00017,7,116,8,8,25,span25,False,0.2260316014289856,timesformer,diving48
SbzcCzXjYSU_00008,7,248,8,8,25,span25,True,0.5080763101577759,timesformer,diving48
SbzcCzXjYSU_00034,7,175,8,8,25,span25,True,0.6861816048622131,timesformer,diving48
jMEYIEYkpY0_00028,7,162,8,8,25,span25,False,0.794955849647522,timesformer,diving48
SbzcCzXjYSU_00054,7,141,8,8,25,span25,False,0.316405326128006,timesformer,diving48
qD3IMtAanSg_00103,7,64,8,8,25,span25,False,0.6160587072372437,timesformer,diving48
zmacW6f2Tdk_00028,7,85,8,8,25,span25,True,0.901633620262146,timesformer,diving48
zmacW6f2Tdk_00051,7,127,8,8,25,span25,True,0.6069384217262268,timesformer,diving48
yHo2oERGo7A_00066,8,131,8,8,25,span25,False,0.886237621307373,timesformer,diving48
yHo2oERGo7A_00046,8,87,8,8,25,span25,False,0.5146071910858154,timesformer,diving48
zmacW6f2Tdk_00018,8,77,8,8,25,span25,False,0.4800419211387634,timesformer,diving48
Le6xdQ2OO8w_00183,8,78,8,8,25,span25,True,0.4872227609157562,timesformer,diving48
zmacW6f2Tdk_00019,8,62,8,8,25,span25,False,0.41323044896125793,timesformer,diving48
yHo2oERGo7A_00061,8,106,8,8,25,span25,False,0.7229514122009277,timesformer,diving48
jMEYIEYkpY0_00035,8,96,8,8,25,span25,False,0.767754077911377,timesformer,diving48
Le6xdQ2OO8w_00232,8,45,8,8,25,span25,True,0.5975435376167297,timesformer,diving48
roFeEJPgJD8_00036,8,74,8,8,25,span25,False,0.3470694124698639,timesformer,diving48
mGRum47TLX0_00057,8,179,8,8,25,span25,False,0.5124590396881104,timesformer,diving48
jMEYIEYkpY0_00094,8,98,8,8,25,span25,False,0.5271923542022705,timesformer,diving48
SbzcCzXjYSU_00021,8,73,8,8,25,span25,True,0.3882136642932892,timesformer,diving48
cs8g1es4vfM_00020,8,157,8,8,25,span25,True,0.8219490051269531,timesformer,diving48
CVAfPfVFulQ_00060,8,79,8,8,25,span25,True,0.3261837065219879,timesformer,diving48
yHo2oERGo7A_00044,8,163,8,8,25,span25,False,0.5522581338882446,timesformer,diving48
jMEYIEYkpY0_00095,8,86,8,8,25,span25,False,0.4934789836406708,timesformer,diving48
yHo2oERGo7A_00059,8,128,8,8,25,span25,False,0.5213454961776733,timesformer,diving48
Le6xdQ2OO8w_00224,8,123,8,8,25,span25,True,0.45903053879737854,timesformer,diving48
bSsVWVfYU4w_00170,8,85,8,8,25,span25,False,0.3250768482685089,timesformer,diving48
yHo2oERGo7A_00054,8,94,8,8,25,span25,True,0.5635514259338379,timesformer,diving48
roFeEJPgJD8_00032,9,58,8,8,25,span25,False,0.17087428271770477,timesformer,diving48
roFeEJPgJD8_00029,9,224,8,8,25,span25,False,0.42520958185195923,timesformer,diving48
qD3IMtAanSg_00018,10,90,8,8,25,span25,True,0.7924011945724487,timesformer,diving48
qD3IMtAanSg_00082,10,61,8,8,25,span25,True,0.3028263747692108,timesformer,diving48
qD3IMtAanSg_00007,10,131,8,8,25,span25,False,0.42917516827583313,timesformer,diving48
qD3IMtAanSg_00084,10,63,8,8,25,span25,False,0.8083721399307251,timesformer,diving48
qD3IMtAanSg_00100,10,114,8,8,25,span25,False,0.33949774503707886,timesformer,diving48
qD3IMtAanSg_00005,10,152,8,8,25,span25,False,0.4328869879245758,timesformer,diving48
qD3IMtAanSg_00123,10,108,8,8,25,span25,False,0.49857524037361145,timesformer,diving48
qD3IMtAanSg_00125,10,107,8,8,25,span25,True,0.6113563179969788,timesformer,diving48
qD3IMtAanSg_00098,10,204,8,8,25,span25,False,0.3974182903766632,timesformer,diving48
qD3IMtAanSg_00124,10,181,8,8,25,span25,True,0.5446776747703552,timesformer,diving48
qD3IMtAanSg_00083,10,139,8,8,25,span25,True,0.6482402086257935,timesformer,diving48
qD3IMtAanSg_00017,10,166,8,8,25,span25,True,0.5929252505302429,timesformer,diving48
qD3IMtAanSg_00099,10,146,8,8,25,span25,True,0.7894614338874817,timesformer,diving48
qD3IMtAanSg_00016,10,100,8,8,25,span25,False,0.6492982506752014,timesformer,diving48
qD3IMtAanSg_00006,10,156,8,8,25,span25,True,0.6914705634117126,timesformer,diving48
qD3IMtAanSg_00116,11,204,8,8,25,span25,False,0.8892399072647095,timesformer,diving48
qD3IMtAanSg_00063,11,203,8,8,25,span25,False,0.3872825503349304,timesformer,diving48
qD3IMtAanSg_00110,11,69,8,8,25,span25,False,0.47500407695770264,timesformer,diving48
qD3IMtAanSg_00046,11,181,8,8,25,span25,False,0.677344799041748,timesformer,diving48
qD3IMtAanSg_00115,11,81,8,8,25,span25,False,0.6906479597091675,timesformer,diving48
qD3IMtAanSg_00064,11,75,8,8,25,span25,False,0.8840606808662415,timesformer,diving48
qD3IMtAanSg_00062,11,85,8,8,25,span25,False,0.8072976469993591,timesformer,diving48
qD3IMtAanSg_00066,11,217,8,8,25,span25,False,0.6162629127502441,timesformer,diving48
qD3IMtAanSg_00112,11,75,8,8,25,span25,False,0.44822701811790466,timesformer,diving48
qD3IMtAanSg_00065,11,83,8,8,25,span25,False,0.5956556797027588,timesformer,diving48
qD3IMtAanSg_00113,11,92,8,8,25,span25,False,0.6295451521873474,timesformer,diving48
zBXtMcI41z8_00058,11,126,8,8,25,span25,True,0.45574983954429626,timesformer,diving48
zBXtMcI41z8_00059,11,137,8,8,25,span25,False,0.683049201965332,timesformer,diving48
zBXtMcI41z8_00057,11,175,8,8,25,span25,False,0.44952166080474854,timesformer,diving48
qD3IMtAanSg_00114,11,207,8,8,25,span25,False,0.4639609158039093,timesformer,diving48
qD3IMtAanSg_00045,11,68,8,8,25,span25,False,0.4384244382381439,timesformer,diving48
qD3IMtAanSg_00111,11,182,8,8,25,span25,False,0.6315045952796936,timesformer,diving48
sFO6XlfgxNQ_00094,12,132,8,8,25,span25,False,0.7122231125831604,timesformer,diving48
zBXtMcI41z8_00042,12,68,8,8,25,span25,False,0.9037036895751953,timesformer,diving48
zBXtMcI41z8_00041,12,66,8,8,25,span25,False,0.9273449182510376,timesformer,diving48
sFO6XlfgxNQ_00093,12,278,8,8,25,span25,False,0.8704721927642822,timesformer,diving48
sFO6XlfgxNQ_00101,12,181,8,8,25,span25,False,0.5844200253486633,timesformer,diving48
XfCaMLlyj9I_00107,12,102,8,8,25,span25,False,0.503678023815155,timesformer,diving48
zBXtMcI41z8_00050,12,58,8,8,25,span25,False,0.8484886884689331,timesformer,diving48
jMEYIEYkpY0_00065,12,71,8,8,25,span25,False,0.43003761768341064,timesformer,diving48
sFO6XlfgxNQ_00083,12,46,8,8,25,span25,True,0.46178606152534485,timesformer,diving48
XfCaMLlyj9I_00110,12,54,8,8,25,span25,False,0.7187015414237976,timesformer,diving48
jMEYIEYkpY0_00049,12,143,8,8,25,span25,True,0.3302581310272217,timesformer,diving48
sFO6XlfgxNQ_00092,12,110,8,8,25,span25,True,0.7164261937141418,timesformer,diving48
jMEYIEYkpY0_00047,12,128,8,8,25,span25,False,0.8684209585189819,timesformer,diving48
sFO6XlfgxNQ_00085,12,96,8,8,25,span25,False,0.6343939304351807,timesformer,diving48
sFO6XlfgxNQ_00084,12,137,8,8,25,span25,False,0.8201765418052673,timesformer,diving48
zBXtMcI41z8_00052,12,66,8,8,25,span25,False,0.8962146043777466,timesformer,diving48
roFeEJPgJD8_00033,12,127,8,8,25,span25,False,0.436605304479599,timesformer,diving48
roFeEJPgJD8_00015,12,121,8,8,25,span25,False,0.3793846666812897,timesformer,diving48
sFO6XlfgxNQ_00102,12,144,8,8,25,span25,False,0.38895195722579956,timesformer,diving48
jMEYIEYkpY0_00048,12,109,8,8,25,span25,False,0.5258435010910034,timesformer,diving48
qD3IMtAanSg_00138,13,107,8,8,25,span25,False,0.7325621843338013,timesformer,diving48
qD3IMtAanSg_00137,13,189,8,8,25,span25,False,0.679828941822052,timesformer,diving48
qD3IMtAanSg_00101,13,66,8,8,25,span25,False,0.5580617189407349,timesformer,diving48
qD3IMtAanSg_00009,13,189,8,8,25,span25,False,0.9100530743598938,timesformer,diving48
qD3IMtAanSg_00102,13,153,8,8,25,span25,False,0.5651605725288391,timesformer,diving48
qD3IMtAanSg_00136,13,130,8,8,25,span25,False,0.6119873523712158,timesformer,diving48
qD3IMtAanSg_00008,13,192,8,8,25,span25,False,0.23439361155033112,timesformer,diving48
qD3IMtAanSg_00034,13,173,8,8,25,span25,False,0.34655672311782837,timesformer,diving48
qD3IMtAanSg_00027,13,101,8,8,25,span25,False,0.2521955072879791,timesformer,diving48
qD3IMtAanSg_00028,13,142,8,8,25,span25,False,0.6153786778450012,timesformer,diving48
qD3IMtAanSg_00033,13,200,8,8,25,span25,False,0.36362597346305847,timesformer,diving48
qD3IMtAanSg_00010,13,95,8,8,25,span25,False,0.3943210542201996,timesformer,diving48
roFeEJPgJD8_00014,14,56,8,8,25,span25,False,0.5332037210464478,timesformer,diving48
jMEYIEYkpY0_00089,14,134,8,8,25,span25,False,0.4554833769798279,timesformer,diving48
ovWCmIMMkRI_00002,15,107,8,8,25,span25,True,0.6244300007820129,timesformer,diving48
k71Cc-Sm-Mg_00155,15,75,8,8,25,span25,True,0.9934364557266235,timesformer,diving48
XfCaMLlyj9I_00049,15,47,8,8,25,span25,True,0.9795320630073547,timesformer,diving48
Le6xdQ2OO8w_00058,15,115,8,8,25,span25,True,0.8122354745864868,timesformer,diving48
k71Cc-Sm-Mg_00122,15,122,8,8,25,span25,True,0.9629170894622803,timesformer,diving48
Le6xdQ2OO8w_00079,15,55,8,8,25,span25,True,0.7174904346466064,timesformer,diving48
XfCaMLlyj9I_00010,15,128,8,8,25,span25,True,0.9954824447631836,timesformer,diving48
zBXtMcI41z8_00017,15,191,8,8,25,span25,False,0.1881740540266037,timesformer,diving48
XfCaMLlyj9I_00051,15,67,8,8,25,span25,True,0.9738319516181946,timesformer,diving48
bSsVWVfYU4w_00026,15,48,8,8,25,span25,True,0.711783230304718,timesformer,diving48
k71Cc-Sm-Mg_00001,15,130,8,8,25,span25,True,0.6187214255332947,timesformer,diving48
k71Cc-Sm-Mg_00129,15,120,8,8,25,span25,True,0.9510090351104736,timesformer,diving48
k71Cc-Sm-Mg_00007,15,250,8,8,25,span25,False,0.2179025113582611,timesformer,diving48
XfCaMLlyj9I_00028,15,86,8,8,25,span25,False,0.3686014413833618,timesformer,diving48
XfCaMLlyj9I_00002,15,107,8,8,25,span25,True,0.9924456477165222,timesformer,diving48
k71Cc-Sm-Mg_00131,15,106,8,8,25,span25,True,0.924393355846405,timesformer,diving48
ovWCmIMMkRI_00003,15,106,8,8,25,span25,True,0.9892889261245728,timesformer,diving48
Le6xdQ2OO8w_00063,15,59,8,8,25,span25,True,0.9195813536643982,timesformer,diving48
k71Cc-Sm-Mg_00141,15,109,8,8,25,span25,True,0.9686435461044312,timesformer,diving48
Le6xdQ2OO8w_00030,15,125,8,8,25,span25,True,0.22795940935611725,timesformer,diving48
zBXtMcI41z8_00103,16,69,8,8,25,span25,False,0.4187781512737274,timesformer,diving48
Le6xdQ2OO8w_00028,16,50,8,8,25,span25,False,0.9388513565063477,timesformer,diving48
ovWCmIMMkRI_00021,16,113,8,8,25,span25,False,0.6417484879493713,timesformer,diving48
MbzIpx8kAD0_00046,16,108,8,8,25,span25,False,0.44947683811187744,timesformer,diving48
MbzIpx8kAD0_00017,16,79,8,8,25,span25,False,0.5458800196647644,timesformer,diving48
zmacW6f2Tdk_00009,7,113,8,8,50,span50,True,0.9706532955169678,timesformer,diving48
XfCaMLlyj9I_00113,7,77,8,8,50,span50,False,0.5627164244651794,timesformer,diving48
rRw7peH60Yw_00018,7,77,8,8,50,span50,False,0.9276954531669617,timesformer,diving48
sFO6XlfgxNQ_00087,7,180,8,8,50,span50,False,0.8890390396118164,timesformer,diving48
k71Cc-Sm-Mg_00041,7,161,8,8,50,span50,False,0.5471700429916382,timesformer,diving48
rRw7peH60Yw_00006,7,140,8,8,50,span50,False,0.4566568434238434,timesformer,diving48
zmacW6f2Tdk_00015,7,115,8,8,50,span50,True,0.4575222432613373,timesformer,diving48
zmacW6f2Tdk_00017,7,116,8,8,50,span50,False,0.5217291116714478,timesformer,diving48
SbzcCzXjYSU_00008,7,248,8,8,50,span50,True,0.8589211702346802,timesformer,diving48
SbzcCzXjYSU_00034,7,175,8,8,50,span50,True,0.593519389629364,timesformer,diving48
jMEYIEYkpY0_00028,7,162,8,8,50,span50,True,0.9370854496955872,timesformer,diving48
SbzcCzXjYSU_00054,7,141,8,8,50,span50,False,0.5240535140037537,timesformer,diving48
qD3IMtAanSg_00103,7,64,8,8,50,span50,False,0.8290705680847168,timesformer,diving48
zmacW6f2Tdk_00028,7,85,8,8,50,span50,True,0.6378989219665527,timesformer,diving48
zmacW6f2Tdk_00051,7,127,8,8,50,span50,True,0.7202821969985962,timesformer,diving48
yHo2oERGo7A_00066,8,131,8,8,50,span50,False,0.3499607741832733,timesformer,diving48
yHo2oERGo7A_00046,8,87,8,8,50,span50,True,0.8075602650642395,timesformer,diving48
zmacW6f2Tdk_00018,8,77,8,8,50,span50,False,0.7672048807144165,timesformer,diving48
Le6xdQ2OO8w_00183,8,78,8,8,50,span50,True,0.8158928155899048,timesformer,diving48
zmacW6f2Tdk_00019,8,62,8,8,50,span50,False,0.5735878944396973,timesformer,diving48
yHo2oERGo7A_00061,8,106,8,8,50,span50,True,0.38090136647224426,timesformer,diving48
jMEYIEYkpY0_00035,8,96,8,8,50,span50,False,0.7627466320991516,timesformer,diving48
Le6xdQ2OO8w_00232,8,45,8,8,50,span50,True,0.9026218056678772,timesformer,diving48
roFeEJPgJD8_00036,8,74,8,8,50,span50,False,0.7575609087944031,timesformer,diving48
mGRum47TLX0_00057,8,179,8,8,50,span50,True,0.6290285587310791,timesformer,diving48
jMEYIEYkpY0_00094,8,98,8,8,50,span50,False,0.37222132086753845,timesformer,diving48
SbzcCzXjYSU_00021,8,73,8,8,50,span50,True,0.9526401162147522,timesformer,diving48
cs8g1es4vfM_00020,8,157,8,8,50,span50,True,0.33055782318115234,timesformer,diving48
CVAfPfVFulQ_00060,8,79,8,8,50,span50,True,0.8059859871864319,timesformer,diving48
yHo2oERGo7A_00044,8,163,8,8,50,span50,False,0.8276506662368774,timesformer,diving48
jMEYIEYkpY0_00095,8,86,8,8,50,span50,False,0.12799283862113953,timesformer,diving48
yHo2oERGo7A_00059,8,128,8,8,50,span50,False,0.43952909111976624,timesformer,diving48
Le6xdQ2OO8w_00224,8,123,8,8,50,span50,True,0.5181918144226074,timesformer,diving48
bSsVWVfYU4w_00170,8,85,8,8,50,span50,True,0.5132776498794556,timesformer,diving48
yHo2oERGo7A_00054,8,94,8,8,50,span50,False,0.5346435904502869,timesformer,diving48
roFeEJPgJD8_00032,9,58,8,8,50,span50,True,0.5477439165115356,timesformer,diving48
roFeEJPgJD8_00029,9,224,8,8,50,span50,False,0.3356139063835144,timesformer,diving48
qD3IMtAanSg_00018,10,90,8,8,50,span50,True,0.3646846413612366,timesformer,diving48
qD3IMtAanSg_00082,10,61,8,8,50,span50,False,0.8159134984016418,timesformer,diving48
qD3IMtAanSg_00007,10,131,8,8,50,span50,True,0.15538319945335388,timesformer,diving48
qD3IMtAanSg_00084,10,63,8,8,50,span50,False,0.5415206551551819,timesformer,diving48
qD3IMtAanSg_00100,10,114,8,8,50,span50,False,0.9186038970947266,timesformer,diving48
qD3IMtAanSg_00005,10,152,8,8,50,span50,False,0.5077460408210754,timesformer,diving48
qD3IMtAanSg_00123,10,108,8,8,50,span50,False,0.47354209423065186,timesformer,diving48
qD3IMtAanSg_00125,10,107,8,8,50,span50,True,0.49004295468330383,timesformer,diving48
qD3IMtAanSg_00098,10,204,8,8,50,span50,False,0.2841379940509796,timesformer,diving48
qD3IMtAanSg_00124,10,181,8,8,50,span50,False,0.5237951874732971,timesformer,diving48
qD3IMtAanSg_00083,10,139,8,8,50,span50,False,0.5801280736923218,timesformer,diving48
qD3IMtAanSg_00017,10,166,8,8,50,span50,False,0.33597689867019653,timesformer,diving48
qD3IMtAanSg_00099,10,146,8,8,50,span50,True,0.5394299626350403,timesformer,diving48
qD3IMtAanSg_00016,10,100,8,8,50,span50,False,0.4035429060459137,timesformer,diving48
qD3IMtAanSg_00006,10,156,8,8,50,span50,True,0.6200588345527649,timesformer,diving48
qD3IMtAanSg_00116,11,204,8,8,50,span50,True,0.742706835269928,timesformer,diving48
qD3IMtAanSg_00063,11,203,8,8,50,span50,True,0.7391268014907837,timesformer,diving48
qD3IMtAanSg_00110,11,69,8,8,50,span50,False,0.7364327907562256,timesformer,diving48
qD3IMtAanSg_00046,11,181,8,8,50,span50,False,0.3854878842830658,timesformer,diving48
qD3IMtAanSg_00115,11,81,8,8,50,span50,False,0.882250964641571,timesformer,diving48
qD3IMtAanSg_00064,11,75,8,8,50,span50,True,0.7514320611953735,timesformer,diving48
qD3IMtAanSg_00062,11,85,8,8,50,span50,False,0.530739426612854,timesformer,diving48
qD3IMtAanSg_00066,11,217,8,8,50,span50,True,0.8533600568771362,timesformer,diving48
qD3IMtAanSg_00112,11,75,8,8,50,span50,True,0.4645201563835144,timesformer,diving48
qD3IMtAanSg_00065,11,83,8,8,50,span50,True,0.5339691042900085,timesformer,diving48
qD3IMtAanSg_00113,11,92,8,8,50,span50,False,0.5403642654418945,timesformer,diving48
zBXtMcI41z8_00058,11,126,8,8,50,span50,False,0.21100927889347076,timesformer,diving48
zBXtMcI41z8_00059,11,137,8,8,50,span50,False,0.5048227310180664,timesformer,diving48
zBXtMcI41z8_00057,11,175,8,8,50,span50,False,0.6305311322212219,timesformer,diving48
qD3IMtAanSg_00114,11,207,8,8,50,span50,True,0.40164726972579956,timesformer,diving48
qD3IMtAanSg_00045,11,68,8,8,50,span50,False,0.6508387327194214,timesformer,diving48
qD3IMtAanSg_00111,11,182,8,8,50,span50,False,0.9621434211730957,timesformer,diving48
sFO6XlfgxNQ_00094,12,132,8,8,50,span50,False,0.42837026715278625,timesformer,diving48
zBXtMcI41z8_00042,12,68,8,8,50,span50,True,0.38353437185287476,timesformer,diving48
zBXtMcI41z8_00041,12,66,8,8,50,span50,False,0.9822933077812195,timesformer,diving48
sFO6XlfgxNQ_00093,12,278,8,8,50,span50,True,0.37690678238868713,timesformer,diving48
sFO6XlfgxNQ_00101,12,181,8,8,50,span50,False,0.7264236211776733,timesformer,diving48
XfCaMLlyj9I_00107,12,102,8,8,50,span50,False,0.6693099737167358,timesformer,diving48
zBXtMcI41z8_00050,12,58,8,8,50,span50,False,0.9850246906280518,timesformer,diving48
jMEYIEYkpY0_00065,12,71,8,8,50,span50,False,0.5150589346885681,timesformer,diving48
sFO6XlfgxNQ_00083,12,46,8,8,50,span50,True,0.7334862947463989,timesformer,diving48
XfCaMLlyj9I_00110,12,54,8,8,50,span50,False,0.4125728905200958,timesformer,diving48
jMEYIEYkpY0_00049,12,143,8,8,50,span50,False,0.5830439925193787,timesformer,diving48
sFO6XlfgxNQ_00092,12,110,8,8,50,span50,True,0.43072402477264404,timesformer,diving48
jMEYIEYkpY0_00047,12,128,8,8,50,span50,False,0.366523414850235,timesformer,diving48
sFO6XlfgxNQ_00085,12,96,8,8,50,span50,False,0.7576027512550354,timesformer,diving48
sFO6XlfgxNQ_00084,12,137,8,8,50,span50,False,0.5324177145957947,timesformer,diving48
zBXtMcI41z8_00052,12,66,8,8,50,span50,False,0.9872366189956665,timesformer,diving48
roFeEJPgJD8_00033,12,127,8,8,50,span50,True,0.3466120660305023,timesformer,diving48
roFeEJPgJD8_00015,12,121,8,8,50,span50,True,0.4271555542945862,timesformer,diving48
sFO6XlfgxNQ_00102,12,144,8,8,50,span50,False,0.572665274143219,timesformer,diving48
jMEYIEYkpY0_00048,12,109,8,8,50,span50,False,0.6387677192687988,timesformer,diving48
qD3IMtAanSg_00138,13,107,8,8,50,span50,False,0.6309626698493958,timesformer,diving48
qD3IMtAanSg_00137,13,189,8,8,50,span50,False,0.9340282678604126,timesformer,diving48
qD3IMtAanSg_00101,13,66,8,8,50,span50,False,0.5093621015548706,timesformer,diving48
qD3IMtAanSg_00009,13,189,8,8,50,span50,False,0.45591112971305847,timesformer,diving48
qD3IMtAanSg_00102,13,153,8,8,50,span50,False,0.4888271391391754,timesformer,diving48
qD3IMtAanSg_00136,13,130,8,8,50,span50,False,0.4680239260196686,timesformer,diving48
qD3IMtAanSg_00008,13,192,8,8,50,span50,False,0.9898645281791687,timesformer,diving48
qD3IMtAanSg_00034,13,173,8,8,50,span50,False,0.35593748092651367,timesformer,diving48
qD3IMtAanSg_00027,13,101,8,8,50,span50,True,0.2851024568080902,timesformer,diving48
qD3IMtAanSg_00028,13,142,8,8,50,span50,False,0.4197414219379425,timesformer,diving48
qD3IMtAanSg_00033,13,200,8,8,50,span50,False,0.4802666902542114,timesformer,diving48
qD3IMtAanSg_00010,13,95,8,8,50,span50,False,0.3479079008102417,timesformer,diving48
roFeEJPgJD8_00014,14,56,8,8,50,span50,False,0.3880595862865448,timesformer,diving48
jMEYIEYkpY0_00089,14,134,8,8,50,span50,False,0.2093885987997055,timesformer,diving48
ovWCmIMMkRI_00002,15,107,8,8,50,span50,True,0.9798473119735718,timesformer,diving48
k71Cc-Sm-Mg_00155,15,75,8,8,50,span50,True,0.9885039925575256,timesformer,diving48
XfCaMLlyj9I_00049,15,47,8,8,50,span50,True,0.9509181380271912,timesformer,diving48
Le6xdQ2OO8w_00058,15,115,8,8,50,span50,True,0.9905710220336914,timesformer,diving48
k71Cc-Sm-Mg_00122,15,122,8,8,50,span50,True,0.9670383334159851,timesformer,diving48
Le6xdQ2OO8w_00079,15,55,8,8,50,span50,True,0.7006629705429077,timesformer,diving48
XfCaMLlyj9I_00010,15,128,8,8,50,span50,True,0.9969766139984131,timesformer,diving48
zBXtMcI41z8_00017,15,191,8,8,50,span50,True,0.23546594381332397,timesformer,diving48
XfCaMLlyj9I_00051,15,67,8,8,50,span50,True,0.9789907932281494,timesformer,diving48
bSsVWVfYU4w_00026,15,48,8,8,50,span50,True,0.8388071060180664,timesformer,diving48
k71Cc-Sm-Mg_00001,15,130,8,8,50,span50,True,0.9846738576889038,timesformer,diving48
k71Cc-Sm-Mg_00129,15,120,8,8,50,span50,True,0.9541540145874023,timesformer,diving48
k71Cc-Sm-Mg_00007,15,250,8,8,50,span50,False,0.17674662172794342,timesformer,diving48
XfCaMLlyj9I_00028,15,86,8,8,50,span50,False,0.6382726430892944,timesformer,diving48
XfCaMLlyj9I_00002,15,107,8,8,50,span50,True,0.9911531805992126,timesformer,diving48
k71Cc-Sm-Mg_00131,15,106,8,8,50,span50,True,0.9587105512619019,timesformer,diving48
ovWCmIMMkRI_00003,15,106,8,8,50,span50,True,0.9962090253829956,timesformer,diving48
Le6xdQ2OO8w_00063,15,59,8,8,50,span50,True,0.883205235004425,timesformer,diving48
k71Cc-Sm-Mg_00141,15,109,8,8,50,span50,True,0.5237783193588257,timesformer,diving48
Le6xdQ2OO8w_00030,15,125,8,8,50,span50,True,0.9851411581039429,timesformer,diving48
zBXtMcI41z8_00103,16,69,8,8,50,span50,False,0.44779613614082336,timesformer,diving48
Le6xdQ2OO8w_00028,16,50,8,8,50,span50,True,0.7828041911125183,timesformer,diving48
ovWCmIMMkRI_00021,16,113,8,8,50,span50,True,0.330680251121521,timesformer,diving48
MbzIpx8kAD0_00046,16,108,8,8,50,span50,True,0.5187086462974548,timesformer,diving48
MbzIpx8kAD0_00017,16,79,8,8,50,span50,True,0.5687738060951233,timesformer,diving48
zmacW6f2Tdk_00009,7,113,8,8,75,span75,True,0.8909643292427063,timesformer,diving48
XfCaMLlyj9I_00113,7,77,8,8,75,span75,False,0.9277138710021973,timesformer,diving48
rRw7peH60Yw_00018,7,77,8,8,75,span75,False,0.42723190784454346,timesformer,diving48
sFO6XlfgxNQ_00087,7,180,8,8,75,span75,True,0.8715887069702148,timesformer,diving48
k71Cc-Sm-Mg_00041,7,161,8,8,75,span75,False,0.878486156463623,timesformer,diving48
rRw7peH60Yw_00006,7,140,8,8,75,span75,False,0.5672958493232727,timesformer,diving48
zmacW6f2Tdk_00015,7,115,8,8,75,span75,True,0.5638836622238159,timesformer,diving48
zmacW6f2Tdk_00017,7,116,8,8,75,span75,True,0.7173384428024292,timesformer,diving48
SbzcCzXjYSU_00008,7,248,8,8,75,span75,False,0.8176954984664917,timesformer,diving48
SbzcCzXjYSU_00034,7,175,8,8,75,span75,True,0.674216628074646,timesformer,diving48
jMEYIEYkpY0_00028,7,162,8,8,75,span75,True,0.9309760332107544,timesformer,diving48
SbzcCzXjYSU_00054,7,141,8,8,75,span75,False,0.31557872891426086,timesformer,diving48
qD3IMtAanSg_00103,7,64,8,8,75,span75,False,0.28787538409233093,timesformer,diving48
zmacW6f2Tdk_00028,7,85,8,8,75,span75,False,0.38029351830482483,timesformer,diving48
zmacW6f2Tdk_00051,7,127,8,8,75,span75,True,0.6255678534507751,timesformer,diving48
yHo2oERGo7A_00066,8,131,8,8,75,span75,False,0.3288438618183136,timesformer,diving48
yHo2oERGo7A_00046,8,87,8,8,75,span75,True,0.9164429306983948,timesformer,diving48
zmacW6f2Tdk_00018,8,77,8,8,75,span75,True,0.7799990773200989,timesformer,diving48
Le6xdQ2OO8w_00183,8,78,8,8,75,span75,True,0.9466339349746704,timesformer,diving48
zmacW6f2Tdk_00019,8,62,8,8,75,span75,True,0.9610218405723572,timesformer,diving48
yHo2oERGo7A_00061,8,106,8,8,75,span75,True,0.6493172645568848,timesformer,diving48
jMEYIEYkpY0_00035,8,96,8,8,75,span75,False,0.5321958065032959,timesformer,diving48
Le6xdQ2OO8w_00232,8,45,8,8,75,span75,True,0.765597403049469,timesformer,diving48
roFeEJPgJD8_00036,8,74,8,8,75,span75,False,0.2767969071865082,timesformer,diving48
mGRum47TLX0_00057,8,179,8,8,75,span75,False,0.2703724205493927,timesformer,diving48
jMEYIEYkpY0_00094,8,98,8,8,75,span75,True,0.7185965180397034,timesformer,diving48
SbzcCzXjYSU_00021,8,73,8,8,75,span75,True,0.9623081088066101,timesformer,diving48
cs8g1es4vfM_00020,8,157,8,8,75,span75,True,0.2871294617652893,timesformer,diving48
CVAfPfVFulQ_00060,8,79,8,8,75,span75,True,0.8340955376625061,timesformer,diving48
yHo2oERGo7A_00044,8,163,8,8,75,span75,True,0.5122858285903931,timesformer,diving48
jMEYIEYkpY0_00095,8,86,8,8,75,span75,False,0.3025924861431122,timesformer,diving48
yHo2oERGo7A_00059,8,128,8,8,75,span75,True,0.8668987154960632,timesformer,diving48
Le6xdQ2OO8w_00224,8,123,8,8,75,span75,True,0.7120271921157837,timesformer,diving48
bSsVWVfYU4w_00170,8,85,8,8,75,span75,True,0.7936426401138306,timesformer,diving48
yHo2oERGo7A_00054,8,94,8,8,75,span75,False,0.66648930311203,timesformer,diving48
roFeEJPgJD8_00032,9,58,8,8,75,span75,False,0.2949763536453247,timesformer,diving48
roFeEJPgJD8_00029,9,224,8,8,75,span75,False,0.15238867700099945,timesformer,diving48
qD3IMtAanSg_00018,10,90,8,8,75,span75,False,0.5123279094696045,timesformer,diving48
qD3IMtAanSg_00082,10,61,8,8,75,span75,False,0.886582612991333,timesformer,diving48
qD3IMtAanSg_00007,10,131,8,8,75,span75,False,0.1797364056110382,timesformer,diving48
qD3IMtAanSg_00084,10,63,8,8,75,span75,False,0.5650520324707031,timesformer,diving48
qD3IMtAanSg_00100,10,114,8,8,75,span75,False,0.8083890080451965,timesformer,diving48
qD3IMtAanSg_00005,10,152,8,8,75,span75,False,0.5056895613670349,timesformer,diving48
qD3IMtAanSg_00123,10,108,8,8,75,span75,False,0.28215593099594116,timesformer,diving48
qD3IMtAanSg_00125,10,107,8,8,75,span75,False,0.30969947576522827,timesformer,diving48
qD3IMtAanSg_00098,10,204,8,8,75,span75,False,0.31086498498916626,timesformer,diving48
qD3IMtAanSg_00124,10,181,8,8,75,span75,False,0.6798325777053833,timesformer,diving48
qD3IMtAanSg_00083,10,139,8,8,75,span75,False,0.5777467489242554,timesformer,diving48
qD3IMtAanSg_00017,10,166,8,8,75,span75,False,0.35981377959251404,timesformer,diving48
qD3IMtAanSg_00099,10,146,8,8,75,span75,True,0.322473406791687,timesformer,diving48
qD3IMtAanSg_00016,10,100,8,8,75,span75,False,0.9268842339515686,timesformer,diving48
qD3IMtAanSg_00006,10,156,8,8,75,span75,True,0.5126683712005615,timesformer,diving48
qD3IMtAanSg_00116,11,204,8,8,75,span75,False,0.46096915006637573,timesformer,diving48
qD3IMtAanSg_00063,11,203,8,8,75,span75,False,0.43183815479278564,timesformer,diving48
qD3IMtAanSg_00110,11,69,8,8,75,span75,False,0.7771580219268799,timesformer,diving48
qD3IMtAanSg_00046,11,181,8,8,75,span75,True,0.6617054343223572,timesformer,diving48
qD3IMtAanSg_00115,11,81,8,8,75,span75,False,0.9688758850097656,timesformer,diving48
qD3IMtAanSg_00064,11,75,8,8,75,span75,False,0.37264153361320496,timesformer,diving48
qD3IMtAanSg_00062,11,85,8,8,75,span75,False,0.9805856347084045,timesformer,diving48
qD3IMtAanSg_00066,11,217,8,8,75,span75,True,0.6163269281387329,timesformer,diving48
qD3IMtAanSg_00112,11,75,8,8,75,span75,False,0.3358135223388672,timesformer,diving48
qD3IMtAanSg_00065,11,83,8,8,75,span75,False,0.7824830412864685,timesformer,diving48
qD3IMtAanSg_00113,11,92,8,8,75,span75,False,0.977159321308136,timesformer,diving48
zBXtMcI41z8_00058,11,126,8,8,75,span75,False,0.15823543071746826,timesformer,diving48
zBXtMcI41z8_00059,11,137,8,8,75,span75,False,0.9253514409065247,timesformer,diving48
zBXtMcI41z8_00057,11,175,8,8,75,span75,True,0.6086196303367615,timesformer,diving48
qD3IMtAanSg_00114,11,207,8,8,75,span75,True,0.8487754464149475,timesformer,diving48
qD3IMtAanSg_00045,11,68,8,8,75,span75,True,0.6502186059951782,timesformer,diving48
qD3IMtAanSg_00111,11,182,8,8,75,span75,False,0.4373074471950531,timesformer,diving48
sFO6XlfgxNQ_00094,12,132,8,8,75,span75,False,0.5183756351470947,timesformer,diving48
zBXtMcI41z8_00042,12,68,8,8,75,span75,True,0.6857883334159851,timesformer,diving48
zBXtMcI41z8_00041,12,66,8,8,75,span75,False,0.8873132467269897,timesformer,diving48
sFO6XlfgxNQ_00093,12,278,8,8,75,span75,True,0.4175958037376404,timesformer,diving48
sFO6XlfgxNQ_00101,12,181,8,8,75,span75,True,0.5979807376861572,timesformer,diving48
XfCaMLlyj9I_00107,12,102,8,8,75,span75,False,0.4128711223602295,timesformer,diving48
zBXtMcI41z8_00050,12,58,8,8,75,span75,False,0.9917058944702148,timesformer,diving48
jMEYIEYkpY0_00065,12,71,8,8,75,span75,False,0.5091489553451538,timesformer,diving48
sFO6XlfgxNQ_00083,12,46,8,8,75,span75,True,0.865276038646698,timesformer,diving48
XfCaMLlyj9I_00110,12,54,8,8,75,span75,False,0.3519095778465271,timesformer,diving48
jMEYIEYkpY0_00049,12,143,8,8,75,span75,False,0.7746129035949707,timesformer,diving48
sFO6XlfgxNQ_00092,12,110,8,8,75,span75,True,0.9003452658653259,timesformer,diving48
jMEYIEYkpY0_00047,12,128,8,8,75,span75,False,0.9006774425506592,timesformer,diving48
sFO6XlfgxNQ_00085,12,96,8,8,75,span75,False,0.22412210702896118,timesformer,diving48
sFO6XlfgxNQ_00084,12,137,8,8,75,span75,True,0.743929386138916,timesformer,diving48
zBXtMcI41z8_00052,12,66,8,8,75,span75,False,0.9696488976478577,timesformer,diving48
roFeEJPgJD8_00033,12,127,8,8,75,span75,False,0.43330132961273193,timesformer,diving48
roFeEJPgJD8_00015,12,121,8,8,75,span75,False,0.71700119972229,timesformer,diving48
sFO6XlfgxNQ_00102,12,144,8,8,75,span75,False,0.31695035099983215,timesformer,diving48
jMEYIEYkpY0_00048,12,109,8,8,75,span75,False,0.4170866310596466,timesformer,diving48
qD3IMtAanSg_00138,13,107,8,8,75,span75,False,0.7979949712753296,timesformer,diving48
qD3IMtAanSg_00137,13,189,8,8,75,span75,False,0.4062148928642273,timesformer,diving48
qD3IMtAanSg_00101,13,66,8,8,75,span75,False,0.8237072229385376,timesformer,diving48
qD3IMtAanSg_00009,13,189,8,8,75,span75,False,0.6795667409896851,timesformer,diving48
qD3IMtAanSg_00102,13,153,8,8,75,span75,False,0.5722842216491699,timesformer,diving48
qD3IMtAanSg_00136,13,130,8,8,75,span75,False,0.33821192383766174,timesformer,diving48
qD3IMtAanSg_00008,13,192,8,8,75,span75,False,0.48725616931915283,timesformer,diving48
qD3IMtAanSg_00034,13,173,8,8,75,span75,False,0.40350160002708435,timesformer,diving48
qD3IMtAanSg_00027,13,101,8,8,75,span75,True,0.339678019285202,timesformer,diving48
qD3IMtAanSg_00028,13,142,8,8,75,span75,False,0.42983272671699524,timesformer,diving48
qD3IMtAanSg_00033,13,200,8,8,75,span75,True,0.48667043447494507,timesformer,diving48
qD3IMtAanSg_00010,13,95,8,8,75,span75,False,0.8663678169250488,timesformer,diving48
roFeEJPgJD8_00014,14,56,8,8,75,span75,False,0.44487473368644714,timesformer,diving48
jMEYIEYkpY0_00089,14,134,8,8,75,span75,True,0.28787773847579956,timesformer,diving48
ovWCmIMMkRI_00002,15,107,8,8,75,span75,True,0.9496721625328064,timesformer,diving48
k71Cc-Sm-Mg_00155,15,75,8,8,75,span75,True,0.9264211058616638,timesformer,diving48
XfCaMLlyj9I_00049,15,47,8,8,75,span75,True,0.8983180522918701,timesformer,diving48
Le6xdQ2OO8w_00058,15,115,8,8,75,span75,True,0.9306523203849792,timesformer,diving48
k71Cc-Sm-Mg_00122,15,122,8,8,75,span75,True,0.8435813188552856,timesformer,diving48
Le6xdQ2OO8w_00079,15,55,8,8,75,span75,True,0.42982015013694763,timesformer,diving48
XfCaMLlyj9I_00010,15,128,8,8,75,span75,True,0.9974908828735352,timesformer,diving48
zBXtMcI41z8_00017,15,191,8,8,75,span75,True,0.38683927059173584,timesformer,diving48
XfCaMLlyj9I_00051,15,67,8,8,75,span75,True,0.9126567840576172,timesformer,diving48
bSsVWVfYU4w_00026,15,48,8,8,75,span75,True,0.5597599148750305,timesformer,diving48
k71Cc-Sm-Mg_00001,15,130,8,8,75,span75,True,0.9457112550735474,timesformer,diving48
k71Cc-Sm-Mg_00129,15,120,8,8,75,span75,False,0.5688967108726501,timesformer,diving48
k71Cc-Sm-Mg_00007,15,250,8,8,75,span75,False,0.1698262095451355,timesformer,diving48
XfCaMLlyj9I_00028,15,86,8,8,75,span75,False,0.9289695620536804,timesformer,diving48
XfCaMLlyj9I_00002,15,107,8,8,75,span75,True,0.9959225654602051,timesformer,diving48
k71Cc-Sm-Mg_00131,15,106,8,8,75,span75,True,0.47312405705451965,timesformer,diving48
ovWCmIMMkRI_00003,15,106,8,8,75,span75,True,0.9837827086448669,timesformer,diving48
Le6xdQ2OO8w_00063,15,59,8,8,75,span75,True,0.9101220965385437,timesformer,diving48
k71Cc-Sm-Mg_00141,15,109,8,8,75,span75,True,0.6215306520462036,timesformer,diving48
Le6xdQ2OO8w_00030,15,125,8,8,75,span75,True,0.7139365673065186,timesformer,diving48
zBXtMcI41z8_00103,16,69,8,8,75,span75,True,0.43177852034568787,timesformer,diving48
Le6xdQ2OO8w_00028,16,50,8,8,75,span75,True,0.8126617074012756,timesformer,diving48
ovWCmIMMkRI_00021,16,113,8,8,75,span75,False,0.9023159742355347,timesformer,diving48
MbzIpx8kAD0_00046,16,108,8,8,75,span75,False,0.8851112127304077,timesformer,diving48
MbzIpx8kAD0_00017,16,79,8,8,75,span75,True,0.6252561211585999,timesformer,diving48
zmacW6f2Tdk_00009,7,113,8,8,100,span100,True,0.9716326594352722,timesformer,diving48
XfCaMLlyj9I_00113,7,77,8,8,100,span100,True,0.5751323699951172,timesformer,diving48
rRw7peH60Yw_00018,7,77,8,8,100,span100,True,0.5736944079399109,timesformer,diving48
sFO6XlfgxNQ_00087,7,180,8,8,100,span100,True,0.9234086275100708,timesformer,diving48
k71Cc-Sm-Mg_00041,7,161,8,8,100,span100,False,0.2591108977794647,timesformer,diving48
rRw7peH60Yw_00006,7,140,8,8,100,span100,True,0.7773407101631165,timesformer,diving48
zmacW6f2Tdk_00015,7,115,8,8,100,span100,True,0.766654372215271,timesformer,diving48
zmacW6f2Tdk_00017,7,116,8,8,100,span100,True,0.951611340045929,timesformer,diving48
SbzcCzXjYSU_00008,7,248,8,8,100,span100,True,0.60933917760849,timesformer,diving48
SbzcCzXjYSU_00034,7,175,8,8,100,span100,True,0.7705678343772888,timesformer,diving48
jMEYIEYkpY0_00028,7,162,8,8,100,span100,False,0.735991358757019,timesformer,diving48
SbzcCzXjYSU_00054,7,141,8,8,100,span100,True,0.8619695901870728,timesformer,diving48
qD3IMtAanSg_00103,7,64,8,8,100,span100,False,0.4337247908115387,timesformer,diving48
zmacW6f2Tdk_00028,7,85,8,8,100,span100,False,0.4437476694583893,timesformer,diving48
zmacW6f2Tdk_00051,7,127,8,8,100,span100,True,0.8427013158798218,timesformer,diving48
yHo2oERGo7A_00066,8,131,8,8,100,span100,True,0.2768228352069855,timesformer,diving48
yHo2oERGo7A_00046,8,87,8,8,100,span100,True,0.9857966303825378,timesformer,diving48
zmacW6f2Tdk_00018,8,77,8,8,100,span100,True,0.625718891620636,timesformer,diving48
Le6xdQ2OO8w_00183,8,78,8,8,100,span100,False,0.38833892345428467,timesformer,diving48
zmacW6f2Tdk_00019,8,62,8,8,100,span100,True,0.8065826296806335,timesformer,diving48
yHo2oERGo7A_00061,8,106,8,8,100,span100,False,0.6584295034408569,timesformer,diving48
jMEYIEYkpY0_00035,8,96,8,8,100,span100,False,0.3899208903312683,timesformer,diving48
Le6xdQ2OO8w_00232,8,45,8,8,100,span100,True,0.8649606704711914,timesformer,diving48
roFeEJPgJD8_00036,8,74,8,8,100,span100,True,0.677651584148407,timesformer,diving48
mGRum47TLX0_00057,8,179,8,8,100,span100,True,0.486579030752182,timesformer,diving48
jMEYIEYkpY0_00094,8,98,8,8,100,span100,True,0.9695409536361694,timesformer,diving48
SbzcCzXjYSU_00021,8,73,8,8,100,span100,True,0.45474302768707275,timesformer,diving48
cs8g1es4vfM_00020,8,157,8,8,100,span100,True,0.6685763001441956,timesformer,diving48
CVAfPfVFulQ_00060,8,79,8,8,100,span100,True,0.8266326785087585,timesformer,diving48
yHo2oERGo7A_00044,8,163,8,8,100,span100,False,0.4364283084869385,timesformer,diving48
jMEYIEYkpY0_00095,8,86,8,8,100,span100,False,0.37344950437545776,timesformer,diving48
yHo2oERGo7A_00059,8,128,8,8,100,span100,True,0.2694714665412903,timesformer,diving48
Le6xdQ2OO8w_00224,8,123,8,8,100,span100,True,0.8204041719436646,timesformer,diving48
bSsVWVfYU4w_00170,8,85,8,8,100,span100,True,0.8439267873764038,timesformer,diving48
yHo2oERGo7A_00054,8,94,8,8,100,span100,True,0.4842192232608795,timesformer,diving48
roFeEJPgJD8_00032,9,58,8,8,100,span100,False,0.39657896757125854,timesformer,diving48
roFeEJPgJD8_00029,9,224,8,8,100,span100,True,0.2907899022102356,timesformer,diving48
qD3IMtAanSg_00018,10,90,8,8,100,span100,True,0.32170921564102173,timesformer,diving48
qD3IMtAanSg_00082,10,61,8,8,100,span100,False,0.7786656618118286,timesformer,diving48
qD3IMtAanSg_00007,10,131,8,8,100,span100,False,0.71192866563797,timesformer,diving48
qD3IMtAanSg_00084,10,63,8,8,100,span100,False,0.6504606008529663,timesformer,diving48
qD3IMtAanSg_00100,10,114,8,8,100,span100,False,0.48582661151885986,timesformer,diving48
qD3IMtAanSg_00005,10,152,8,8,100,span100,False,0.6298732161521912,timesformer,diving48
qD3IMtAanSg_00123,10,108,8,8,100,span100,False,0.42237359285354614,timesformer,diving48
qD3IMtAanSg_00125,10,107,8,8,100,span100,False,0.43795713782310486,timesformer,diving48
qD3IMtAanSg_00098,10,204,8,8,100,span100,False,0.41798391938209534,timesformer,diving48
qD3IMtAanSg_00124,10,181,8,8,100,span100,False,0.9074692726135254,timesformer,diving48
qD3IMtAanSg_00083,10,139,8,8,100,span100,False,0.7764737010002136,timesformer,diving48
qD3IMtAanSg_00017,10,166,8,8,100,span100,False,0.5875974893569946,timesformer,diving48
qD3IMtAanSg_00099,10,146,8,8,100,span100,False,0.7375748157501221,timesformer,diving48
qD3IMtAanSg_00016,10,100,8,8,100,span100,False,0.9094154238700867,timesformer,diving48
qD3IMtAanSg_00006,10,156,8,8,100,span100,False,0.4684875011444092,timesformer,diving48
qD3IMtAanSg_00116,11,204,8,8,100,span100,False,0.9411276578903198,timesformer,diving48
qD3IMtAanSg_00063,11,203,8,8,100,span100,False,0.7639906406402588,timesformer,diving48
qD3IMtAanSg_00110,11,69,8,8,100,span100,False,0.8282158970832825,timesformer,diving48
qD3IMtAanSg_00046,11,181,8,8,100,span100,True,0.7253782749176025,timesformer,diving48
qD3IMtAanSg_00115,11,81,8,8,100,span100,True,0.5126115679740906,timesformer,diving48
qD3IMtAanSg_00064,11,75,8,8,100,span100,False,0.34976503252983093,timesformer,diving48
qD3IMtAanSg_00062,11,85,8,8,100,span100,True,0.3116731345653534,timesformer,diving48
qD3IMtAanSg_00066,11,217,8,8,100,span100,False,0.946734607219696,timesformer,diving48
qD3IMtAanSg_00112,11,75,8,8,100,span100,True,0.4503842294216156,timesformer,diving48
qD3IMtAanSg_00065,11,83,8,8,100,span100,True,0.5565961003303528,timesformer,diving48
qD3IMtAanSg_00113,11,92,8,8,100,span100,False,0.7959123253822327,timesformer,diving48
zBXtMcI41z8_00058,11,126,8,8,100,span100,False,0.7458744049072266,timesformer,diving48
zBXtMcI41z8_00059,11,137,8,8,100,span100,False,0.6967722177505493,timesformer,diving48
zBXtMcI41z8_00057,11,175,8,8,100,span100,False,0.2809763252735138,timesformer,diving48
qD3IMtAanSg_00114,11,207,8,8,100,span100,False,0.5793144702911377,timesformer,diving48
qD3IMtAanSg_00045,11,68,8,8,100,span100,True,0.7917839884757996,timesformer,diving48
qD3IMtAanSg_00111,11,182,8,8,100,span100,False,0.7471710443496704,timesformer,diving48
sFO6XlfgxNQ_00094,12,132,8,8,100,span100,False,0.37046486139297485,timesformer,diving48
zBXtMcI41z8_00042,12,68,8,8,100,span100,False,0.532199501991272,timesformer,diving48
zBXtMcI41z8_00041,12,66,8,8,100,span100,False,0.6314699649810791,timesformer,diving48
sFO6XlfgxNQ_00093,12,278,8,8,100,span100,False,0.4409988224506378,timesformer,diving48
sFO6XlfgxNQ_00101,12,181,8,8,100,span100,True,0.9115310907363892,timesformer,diving48
XfCaMLlyj9I_00107,12,102,8,8,100,span100,True,0.4424976110458374,timesformer,diving48
zBXtMcI41z8_00050,12,58,8,8,100,span100,False,0.9775535464286804,timesformer,diving48
jMEYIEYkpY0_00065,12,71,8,8,100,span100,True,0.47000038623809814,timesformer,diving48
sFO6XlfgxNQ_00083,12,46,8,8,100,span100,True,0.5516012907028198,timesformer,diving48
XfCaMLlyj9I_00110,12,54,8,8,100,span100,False,0.49018561840057373,timesformer,diving48
jMEYIEYkpY0_00049,12,143,8,8,100,span100,False,0.42492881417274475,timesformer,diving48
sFO6XlfgxNQ_00092,12,110,8,8,100,span100,True,0.7160458564758301,timesformer,diving48
jMEYIEYkpY0_00047,12,128,8,8,100,span100,False,0.491372674703598,timesformer,diving48
sFO6XlfgxNQ_00085,12,96,8,8,100,span100,False,0.41944998502731323,timesformer,diving48
sFO6XlfgxNQ_00084,12,137,8,8,100,span100,True,0.9901719689369202,timesformer,diving48
zBXtMcI41z8_00052,12,66,8,8,100,span100,False,0.9732280969619751,timesformer,diving48
roFeEJPgJD8_00033,12,127,8,8,100,span100,False,0.4440861642360687,timesformer,diving48
roFeEJPgJD8_00015,12,121,8,8,100,span100,False,0.5106986165046692,timesformer,diving48
sFO6XlfgxNQ_00102,12,144,8,8,100,span100,False,0.22970695793628693,timesformer,diving48
jMEYIEYkpY0_00048,12,109,8,8,100,span100,False,0.5929811596870422,timesformer,diving48
qD3IMtAanSg_00138,13,107,8,8,100,span100,True,0.3896748423576355,timesformer,diving48
qD3IMtAanSg_00137,13,189,8,8,100,span100,False,0.4653046429157257,timesformer,diving48
qD3IMtAanSg_00101,13,66,8,8,100,span100,False,0.6448699235916138,timesformer,diving48
qD3IMtAanSg_00009,13,189,8,8,100,span100,False,0.5464770793914795,timesformer,diving48
qD3IMtAanSg_00102,13,153,8,8,100,span100,False,0.4635447561740875,timesformer,diving48
qD3IMtAanSg_00136,13,130,8,8,100,span100,False,0.9939755797386169,timesformer,diving48
qD3IMtAanSg_00008,13,192,8,8,100,span100,False,0.8224632143974304,timesformer,diving48
qD3IMtAanSg_00034,13,173,8,8,100,span100,False,0.4840492308139801,timesformer,diving48
qD3IMtAanSg_00027,13,101,8,8,100,span100,False,0.5858660340309143,timesformer,diving48
qD3IMtAanSg_00028,13,142,8,8,100,span100,False,0.525716245174408,timesformer,diving48
qD3IMtAanSg_00033,13,200,8,8,100,span100,False,0.6873273253440857,timesformer,diving48
qD3IMtAanSg_00010,13,95,8,8,100,span100,False,0.32028648257255554,timesformer,diving48
roFeEJPgJD8_00014,14,56,8,8,100,span100,True,0.48499369621276855,timesformer,diving48
jMEYIEYkpY0_00089,14,134,8,8,100,span100,True,0.7263369560241699,timesformer,diving48
ovWCmIMMkRI_00002,15,107,8,8,100,span100,True,0.9892771244049072,timesformer,diving48
k71Cc-Sm-Mg_00155,15,75,8,8,100,span100,True,0.9586173295974731,timesformer,diving48
XfCaMLlyj9I_00049,15,47,8,8,100,span100,False,0.471478134393692,timesformer,diving48
Le6xdQ2OO8w_00058,15,115,8,8,100,span100,True,0.9708147048950195,timesformer,diving48
k71Cc-Sm-Mg_00122,15,122,8,8,100,span100,True,0.9723514318466187,timesformer,diving48
Le6xdQ2OO8w_00079,15,55,8,8,100,span100,True,0.9421170949935913,timesformer,diving48
XfCaMLlyj9I_00010,15,128,8,8,100,span100,True,0.9957109689712524,timesformer,diving48
zBXtMcI41z8_00017,15,191,8,8,100,span100,False,0.4236692190170288,timesformer,diving48
XfCaMLlyj9I_00051,15,67,8,8,100,span100,True,0.9259452223777771,timesformer,diving48
bSsVWVfYU4w_00026,15,48,8,8,100,span100,True,0.6408467292785645,timesformer,diving48
k71Cc-Sm-Mg_00001,15,130,8,8,100,span100,True,0.6698457598686218,timesformer,diving48
k71Cc-Sm-Mg_00129,15,120,8,8,100,span100,True,0.9223514199256897,timesformer,diving48
k71Cc-Sm-Mg_00007,15,250,8,8,100,span100,True,0.47376176714897156,timesformer,diving48
XfCaMLlyj9I_00028,15,86,8,8,100,span100,True,0.7341596484184265,timesformer,diving48
XfCaMLlyj9I_00002,15,107,8,8,100,span100,True,0.9961728453636169,timesformer,diving48
k71Cc-Sm-Mg_00131,15,106,8,8,100,span100,True,0.6344155669212341,timesformer,diving48
ovWCmIMMkRI_00003,15,106,8,8,100,span100,True,0.969244122505188,timesformer,diving48
Le6xdQ2OO8w_00063,15,59,8,8,100,span100,True,0.8088012337684631,timesformer,diving48
k71Cc-Sm-Mg_00141,15,109,8,8,100,span100,True,0.9322956800460815,timesformer,diving48
Le6xdQ2OO8w_00030,15,125,8,8,100,span100,True,0.7598854899406433,timesformer,diving48
zBXtMcI41z8_00103,16,69,8,8,100,span100,False,0.4245252013206482,timesformer,diving48
Le6xdQ2OO8w_00028,16,50,8,8,100,span100,True,0.6071841716766357,timesformer,diving48
ovWCmIMMkRI_00021,16,113,8,8,100,span100,False,0.58098304271698,timesformer,diving48
MbzIpx8kAD0_00046,16,108,8,8,100,span100,False,0.9727305173873901,timesformer,diving48
MbzIpx8kAD0_00017,16,79,8,8,100,span100,False,0.5344659686088562,timesformer,diving48
bSsVWVfYU4w_00049,16,109,8,8,10,span10,False,0.8838579058647156,timesformer,diving48
zBXtMcI41z8_00104,16,67,7,8,10,span10,False,0.9338349103927612,timesformer,diving48
CVAfPfVFulQ_00022,16,163,8,8,10,span10,False,0.4618629515171051,timesformer,diving48
bl0C6d9QgIg_00012,16,111,8,8,10,span10,False,0.28072622418403625,timesformer,diving48
ovWCmIMMkRI_00036,16,128,8,8,10,span10,False,0.49937236309051514,timesformer,diving48
bSsVWVfYU4w_00051,16,117,8,8,10,span10,True,0.5159436464309692,timesformer,diving48
zBXtMcI41z8_00101,16,50,5,8,10,span10,False,0.9227393865585327,timesformer,diving48
L_SB1PRgDTE_00018,16,125,8,8,10,span10,False,0.43991541862487793,timesformer,diving48
bl0C6d9QgIg_00013,16,148,8,8,10,span10,False,0.9656597375869751,timesformer,diving48
zBXtMcI41z8_00021,16,76,8,8,10,span10,False,0.4795887768268585,timesformer,diving48
CVAfPfVFulQ_00028,16,139,8,8,10,span10,False,0.22242231667041779,timesformer,diving48
CVAfPfVFulQ_00015,16,117,8,8,10,span10,False,0.7751806974411011,timesformer,diving48
L_SB1PRgDTE_00011,16,77,8,8,10,span10,False,0.18902169167995453,timesformer,diving48
L_SB1PRgDTE_00012,16,115,8,8,10,span10,False,0.4410953223705292,timesformer,diving48
bSsVWVfYU4w_00050,16,76,8,8,10,span10,True,0.711463212966919,timesformer,diving48
CVAfPfVFulQ_00044,17,51,5,8,10,span10,False,0.327402800321579,timesformer,diving48
XfCaMLlyj9I_00055,17,94,8,8,10,span10,False,0.36234140396118164,timesformer,diving48
Le6xdQ2OO8w_00147,17,134,8,8,10,span10,False,0.662497878074646,timesformer,diving48
CVAfPfVFulQ_00043,17,36,4,8,10,span10,False,0.21383847296237946,timesformer,diving48
bSsVWVfYU4w_00093,17,175,8,8,10,span10,False,0.14069664478302002,timesformer,diving48
Le6xdQ2OO8w_00134,17,148,8,8,10,span10,False,0.4707307815551758,timesformer,diving48
CVAfPfVFulQ_00059,17,120,8,8,10,span10,False,0.4526631534099579,timesformer,diving48
cs8g1es4vfM_00003,17,125,8,8,10,span10,False,0.7500962615013123,timesformer,diving48
Le6xdQ2OO8w_00133,17,93,8,8,10,span10,False,0.3519916236400604,timesformer,diving48
mGRum47TLX0_00042,17,63,6,8,10,span10,False,0.23294493556022644,timesformer,diving48
XfCaMLlyj9I_00056,17,169,8,8,10,span10,False,0.2847343981266022,timesformer,diving48
XfCaMLlyj9I_00057,17,66,7,8,10,span10,False,0.5263898968696594,timesformer,diving48
ovWCmIMMkRI_00059,17,79,8,8,10,span10,False,0.5330594778060913,timesformer,diving48
XfCaMLlyj9I_00054,17,123,8,8,10,span10,False,0.3736736476421356,timesformer,diving48
bSsVWVfYU4w_00092,17,75,8,8,10,span10,False,0.6572449803352356,timesformer,diving48
ovWCmIMMkRI_00060,17,95,8,8,10,span10,False,0.6413629651069641,timesformer,diving48
Le6xdQ2OO8w_00148,17,148,8,8,10,span10,True,0.2519702613353729,timesformer,diving48
Le6xdQ2OO8w_00245,17,134,8,8,10,span10,False,0.35304465889930725,timesformer,diving48
MbzIpx8kAD0_00054,17,112,8,8,10,span10,False,0.6434962153434753,timesformer,diving48
ovWCmIMMkRI_00061,17,78,8,8,10,span10,False,0.6367446184158325,timesformer,diving48
MbzIpx8kAD0_00068,18,81,8,8,10,span10,False,0.5308168530464172,timesformer,diving48
cs8g1es4vfM_00050,18,123,8,8,10,span10,True,0.25707221031188965,timesformer,diving48
cs8g1es4vfM_00000,18,161,8,8,10,span10,False,0.23228415846824646,timesformer,diving48
bSsVWVfYU4w_00117,18,136,8,8,10,span10,False,0.11475030332803726,timesformer,diving48
cs8g1es4vfM_00023,18,118,8,8,10,span10,False,0.28072401881217957,timesformer,diving48
XfCaMLlyj9I_00152,18,39,4,8,10,span10,False,0.33353349566459656,timesformer,diving48
yHo2oERGo7A_00090,18,106,8,8,10,span10,False,0.2852516174316406,timesformer,diving48
MbzIpx8kAD0_00048,18,80,8,8,10,span10,False,0.3489025831222534,timesformer,diving48
yHo2oERGo7A_00092,18,99,8,8,10,span10,False,0.24801461398601532,timesformer,diving48
cs8g1es4vfM_00051,18,137,8,8,10,span10,False,0.4952881336212158,timesformer,diving48
cs8g1es4vfM_00001,18,134,8,8,10,span10,False,0.8435384035110474,timesformer,diving48
bSsVWVfYU4w_00116,18,72,7,8,10,span10,False,0.1375400274991989,timesformer,diving48
cs8g1es4vfM_00022,18,103,8,8,10,span10,False,0.24147464334964752,timesformer,diving48
yHo2oERGo7A_00091,18,129,8,8,10,span10,False,0.3567589521408081,timesformer,diving48
MbzIpx8kAD0_00007,19,115,8,8,10,span10,True,0.9329256415367126,timesformer,diving48
bSsVWVfYU4w_00006,19,94,8,8,10,span10,True,0.8055657744407654,timesformer,diving48
MbzIpx8kAD0_00038,19,132,8,8,10,span10,False,0.8429723381996155,timesformer,diving48
TMJ1XIZBRW4_00002,19,67,7,8,10,span10,True,0.6868120431900024,timesformer,diving48
CVAfPfVFulQ_00008,19,127,8,8,10,span10,False,0.3996419310569763,timesformer,diving48
TMJ1XIZBRW4_00004,19,104,8,8,10,span10,False,0.427608847618103,timesformer,diving48
TMJ1XIZBRW4_00030,19,85,8,8,10,span10,True,0.8495375514030457,timesformer,diving48
8qRmKunCjtY_00005,19,75,8,8,10,span10,False,0.38634341955184937,timesformer,diving48
XfCaMLlyj9I_00004,19,59,6,8,10,span10,False,0.3770132064819336,timesformer,diving48
bSsVWVfYU4w_00001,19,121,8,8,10,span10,False,0.34026777744293213,timesformer,diving48
MbzIpx8kAD0_00010,19,46,5,8,10,span10,False,0.4506227672100067,timesformer,diving48
XfCaMLlyj9I_00022,19,77,8,8,10,span10,False,0.8329656720161438,timesformer,diving48
ovWCmIMMkRI_00014,19,82,8,8,10,span10,False,0.8735421895980835,timesformer,diving48
Le6xdQ2OO8w_00012,19,76,8,8,10,span10,True,0.6709234118461609,timesformer,diving48
CVAfPfVFulQ_00010,19,134,8,8,10,span10,False,0.9123396277427673,timesformer,diving48
CVAfPfVFulQ_00002,19,90,8,8,10,span10,False,0.4729706943035126,timesformer,diving48
XfCaMLlyj9I_00023,19,151,8,8,10,span10,False,0.263632595539093,timesformer,diving48
zBXtMcI41z8_00009,19,75,8,8,10,span10,False,0.5998331308364868,timesformer,diving48
CVAfPfVFulQ_00007,19,120,8,8,10,span10,False,0.4986181855201721,timesformer,diving48
MbzIpx8kAD0_00006,19,148,8,8,10,span10,False,0.2836023271083832,timesformer,diving48
jMEYIEYkpY0_00003,20,29,3,8,10,span10,False,0.3288240134716034,timesformer,diving48
mGRum47TLX0_00039,20,57,6,8,10,span10,False,0.41091468930244446,timesformer,diving48
mGRum47TLX0_00034,20,169,8,8,10,span10,False,0.4607865512371063,timesformer,diving48
mGRum47TLX0_00041,20,126,8,8,10,span10,True,0.7969298362731934,timesformer,diving48
bSsVWVfYU4w_00101,20,232,8,8,10,span10,True,0.8974177837371826,timesformer,diving48
mGRum47TLX0_00043,20,62,6,8,10,span10,False,0.7205045819282532,timesformer,diving48
TMJ1XIZBRW4_00033,20,49,5,8,10,span10,False,0.1751025766134262,timesformer,diving48
CVAfPfVFulQ_00039,20,183,8,8,10,span10,True,0.29903262853622437,timesformer,diving48
CVAfPfVFulQ_00077,20,151,8,8,10,span10,True,0.8118743300437927,timesformer,diving48
sexZ6VnZ9yc_00000,20,110,8,8,10,span10,False,0.37805628776550293,timesformer,diving48
MbzIpx8kAD0_00015,20,143,8,8,10,span10,True,0.5425280928611755,timesformer,diving48
CVAfPfVFulQ_00072,20,82,8,8,10,span10,False,0.43144088983535767,timesformer,diving48
jMEYIEYkpY0_00002,20,212,8,8,10,span10,False,0.26300525665283203,timesformer,diving48
TMJ1XIZBRW4_00027,20,40,4,8,10,span10,True,0.3986036479473114,timesformer,diving48
MbzIpx8kAD0_00029,20,77,8,8,10,span10,False,0.91768878698349,timesformer,diving48
mGRum47TLX0_00035,20,116,8,8,10,span10,False,0.30682092905044556,timesformer,diving48
CVAfPfVFulQ_00031,20,69,7,8,10,span10,False,0.37352076172828674,timesformer,diving48
jMEYIEYkpY0_00004,20,94,8,8,10,span10,False,0.8093962669372559,timesformer,diving48
CVAfPfVFulQ_00033,20,140,8,8,10,span10,False,0.1507769525051117,timesformer,diving48
MbzIpx8kAD0_00040,20,64,6,8,10,span10,False,0.6480981707572937,timesformer,diving48
rRw7peH60Yw_00008,21,56,6,8,10,span10,True,0.7937963008880615,timesformer,diving48
jMEYIEYkpY0_00022,21,107,8,8,10,span10,False,0.21360625326633453,timesformer,diving48
8qRmKunCjtY_00014,21,190,8,8,10,span10,False,0.43561917543411255,timesformer,diving48
SbzcCzXjYSU_00062,21,92,8,8,10,span10,False,0.6534082293510437,timesformer,diving48
yHo2oERGo7A_00041,21,72,7,8,10,span10,False,0.761168897151947,timesformer,diving48
zmacW6f2Tdk_00031,21,129,8,8,10,span10,False,0.9917129278182983,timesformer,diving48
jMEYIEYkpY0_00023,21,126,8,8,10,span10,False,0.8416244387626648,timesformer,diving48
zmacW6f2Tdk_00000,21,133,8,8,10,span10,True,0.2651202380657196,timesformer,diving48
zmacW6f2Tdk_00020,21,95,8,8,10,span10,False,0.9088740944862366,timesformer,diving48
yHo2oERGo7A_00020,21,161,8,8,10,span10,False,0.4691545367240906,timesformer,diving48
XfCaMLlyj9I_00058,21,208,8,8,10,span10,False,0.8593300580978394,timesformer,diving48
yHo2oERGo7A_00042,21,211,8,8,10,span10,False,0.2994405925273895,timesformer,diving48
zmacW6f2Tdk_00032,21,206,8,8,10,span10,False,0.9347237348556519,timesformer,diving48
cs8g1es4vfM_00038,21,124,8,8,10,span10,False,0.28516432642936707,timesformer,diving48
cs8g1es4vfM_00053,21,95,8,8,10,span10,False,0.2954704463481903,timesformer,diving48
jMEYIEYkpY0_00020,21,83,8,8,10,span10,False,0.18377897143363953,timesformer,diving48
cs8g1es4vfM_00039,21,152,8,8,10,span10,False,0.8353806138038635,timesformer,diving48
yHo2oERGo7A_00097,21,233,8,8,10,span10,False,0.5523503422737122,timesformer,diving48
8qRmKunCjtY_00009,21,98,8,8,10,span10,False,0.8668033480644226,timesformer,diving48
jMEYIEYkpY0_00021,21,80,8,8,10,span10,False,0.4982593059539795,timesformer,diving48
XfCaMLlyj9I_00145,22,139,8,8,10,span10,True,0.28329184651374817,timesformer,diving48
k71Cc-Sm-Mg_00109,22,66,7,8,10,span10,True,0.4461575448513031,timesformer,diving48
XfCaMLlyj9I_00067,22,79,8,8,10,span10,False,0.20355236530303955,timesformer,diving48
k71Cc-Sm-Mg_00079,22,64,6,8,10,span10,True,0.5446980595588684,timesformer,diving48
XfCaMLlyj9I_00154,22,54,5,8,10,span10,False,0.49585258960723877,timesformer,diving48
k71Cc-Sm-Mg_00147,22,123,8,8,10,span10,True,0.3546220362186432,timesformer,diving48
k71Cc-Sm-Mg_00066,22,82,8,8,10,span10,True,0.7261393070220947,timesformer,diving48
k71Cc-Sm-Mg_00111,22,80,8,8,10,span10,True,0.69028639793396,timesformer,diving48
XfCaMLlyj9I_00143,22,83,8,8,10,span10,True,0.509648859500885,timesformer,diving48
k71Cc-Sm-Mg_00068,22,122,8,8,10,span10,True,0.9303126931190491,timesformer,diving48
XfCaMLlyj9I_00165,22,77,8,8,10,span10,False,0.45457425713539124,timesformer,diving48
k71Cc-Sm-Mg_00146,22,66,7,8,10,span10,True,0.882865846157074,timesformer,diving48
k71Cc-Sm-Mg_00075,22,53,5,8,10,span10,False,0.23778602480888367,timesformer,diving48
k71Cc-Sm-Mg_00077,22,75,8,8,10,span10,False,0.2784578800201416,timesformer,diving48
XfCaMLlyj9I_00161,22,91,8,8,10,span10,False,0.16749539971351624,timesformer,diving48
XfCaMLlyj9I_00144,22,120,8,8,10,span10,True,0.672524631023407,timesformer,diving48
k71Cc-Sm-Mg_00074,22,166,8,8,10,span10,False,0.34108540415763855,timesformer,diving48
k71Cc-Sm-Mg_00072,22,74,7,8,10,span10,False,0.3398343324661255,timesformer,diving48
k71Cc-Sm-Mg_00081,22,98,8,8,10,span10,True,0.4403354227542877,timesformer,diving48
bSsVWVfYU4w_00049,16,109,8,8,25,span25,False,0.824609637260437,timesformer,diving48
zBXtMcI41z8_00104,16,67,8,8,25,span25,False,0.9295111894607544,timesformer,diving48
CVAfPfVFulQ_00022,16,163,8,8,25,span25,False,0.19056643545627594,timesformer,diving48
bl0C6d9QgIg_00012,16,111,8,8,25,span25,False,0.20718897879123688,timesformer,diving48
ovWCmIMMkRI_00036,16,128,8,8,25,span25,False,0.5818883776664734,timesformer,diving48
bSsVWVfYU4w_00051,16,117,8,8,25,span25,True,0.7410333156585693,timesformer,diving48
zBXtMcI41z8_00101,16,50,8,8,25,span25,False,0.9360125660896301,timesformer,diving48
L_SB1PRgDTE_00018,16,125,8,8,25,span25,False,0.6935062408447266,timesformer,diving48
bl0C6d9QgIg_00013,16,148,8,8,25,span25,False,0.9802616834640503,timesformer,diving48
zBXtMcI41z8_00021,16,76,8,8,25,span25,False,0.48215433955192566,timesformer,diving48
CVAfPfVFulQ_00028,16,139,8,8,25,span25,False,0.17335742712020874,timesformer,diving48
CVAfPfVFulQ_00015,16,117,8,8,25,span25,True,0.5373147130012512,timesformer,diving48
L_SB1PRgDTE_00011,16,77,8,8,25,span25,False,0.2408277839422226,timesformer,diving48
L_SB1PRgDTE_00012,16,115,8,8,25,span25,False,0.21291986107826233,timesformer,diving48
bSsVWVfYU4w_00050,16,76,8,8,25,span25,True,0.7877824306488037,timesformer,diving48
CVAfPfVFulQ_00044,17,51,8,8,25,span25,False,0.3440975248813629,timesformer,diving48
XfCaMLlyj9I_00055,17,94,8,8,25,span25,False,0.736102819442749,timesformer,diving48
Le6xdQ2OO8w_00147,17,134,8,8,25,span25,False,0.9373338222503662,timesformer,diving48
CVAfPfVFulQ_00043,17,36,8,8,25,span25,False,0.46373072266578674,timesformer,diving48
bSsVWVfYU4w_00093,17,175,8,8,25,span25,False,0.2512180209159851,timesformer,diving48
Le6xdQ2OO8w_00134,17,148,8,8,25,span25,False,0.6289823651313782,timesformer,diving48
CVAfPfVFulQ_00059,17,120,8,8,25,span25,True,0.6684764623641968,timesformer,diving48
cs8g1es4vfM_00003,17,125,8,8,25,span25,False,0.4850042462348938,timesformer,diving48
Le6xdQ2OO8w_00133,17,93,8,8,25,span25,False,0.9251384735107422,timesformer,diving48
mGRum47TLX0_00042,17,63,8,8,25,span25,False,0.2775227129459381,timesformer,diving48
XfCaMLlyj9I_00056,17,169,8,8,25,span25,False,0.5529376864433289,timesformer,diving48
XfCaMLlyj9I_00057,17,66,8,8,25,span25,False,0.2777353823184967,timesformer,diving48
ovWCmIMMkRI_00059,17,79,8,8,25,span25,True,0.7956581711769104,timesformer,diving48
XfCaMLlyj9I_00054,17,123,8,8,25,span25,False,0.7665814161300659,timesformer,diving48
bSsVWVfYU4w_00092,17,75,8,8,25,span25,False,0.47395917773246765,timesformer,diving48
ovWCmIMMkRI_00060,17,95,8,8,25,span25,False,0.3380131423473358,timesformer,diving48
Le6xdQ2OO8w_00148,17,148,8,8,25,span25,False,0.652803897857666,timesformer,diving48
Le6xdQ2OO8w_00245,17,134,8,8,25,span25,False,0.7968739867210388,timesformer,diving48
MbzIpx8kAD0_00054,17,112,8,8,25,span25,True,0.8840929269790649,timesformer,diving48
ovWCmIMMkRI_00061,17,78,8,8,25,span25,False,0.8498975038528442,timesformer,diving48
MbzIpx8kAD0_00068,18,81,8,8,25,span25,False,0.5310149788856506,timesformer,diving48
cs8g1es4vfM_00050,18,123,8,8,25,span25,True,0.37757572531700134,timesformer,diving48
cs8g1es4vfM_00000,18,161,8,8,25,span25,False,0.16356432437896729,timesformer,diving48
bSsVWVfYU4w_00117,18,136,8,8,25,span25,True,0.21973870694637299,timesformer,diving48
cs8g1es4vfM_00023,18,118,8,8,25,span25,False,0.19592319428920746,timesformer,diving48
XfCaMLlyj9I_00152,18,39,8,8,25,span25,False,0.7568146586418152,timesformer,diving48
yHo2oERGo7A_00090,18,106,8,8,25,span25,False,0.5826665759086609,timesformer,diving48
MbzIpx8kAD0_00048,18,80,8,8,25,span25,False,0.23308518528938293,timesformer,diving48
yHo2oERGo7A_00092,18,99,8,8,25,span25,False,0.5364288091659546,timesformer,diving48
cs8g1es4vfM_00051,18,137,8,8,25,span25,False,0.7918016314506531,timesformer,diving48
cs8g1es4vfM_00001,18,134,8,8,25,span25,False,0.7448935508728027,timesformer,diving48
bSsVWVfYU4w_00116,18,72,8,8,25,span25,False,0.22216454148292542,timesformer,diving48
cs8g1es4vfM_00022,18,103,8,8,25,span25,False,0.26490291953086853,timesformer,diving48
yHo2oERGo7A_00091,18,129,8,8,25,span25,False,0.6557493209838867,timesformer,diving48
MbzIpx8kAD0_00007,19,115,8,8,25,span25,True,0.5919787287712097,timesformer,diving48
bSsVWVfYU4w_00006,19,94,8,8,25,span25,True,0.9057554602622986,timesformer,diving48
MbzIpx8kAD0_00038,19,132,8,8,25,span25,False,0.5454445481300354,timesformer,diving48
TMJ1XIZBRW4_00002,19,67,8,8,25,span25,True,0.9178141355514526,timesformer,diving48
CVAfPfVFulQ_00008,19,127,8,8,25,span25,False,0.4022458493709564,timesformer,diving48
TMJ1XIZBRW4_00004,19,104,8,8,25,span25,True,0.5919215679168701,timesformer,diving48
TMJ1XIZBRW4_00030,19,85,8,8,25,span25,True,0.6111944913864136,timesformer,diving48
8qRmKunCjtY_00005,19,75,8,8,25,span25,True,0.7932537794113159,timesformer,diving48
XfCaMLlyj9I_00004,19,59,8,8,25,span25,False,0.9664211273193359,timesformer,diving48
bSsVWVfYU4w_00001,19,121,8,8,25,span25,True,0.7639594674110413,timesformer,diving48
MbzIpx8kAD0_00010,19,46,8,8,25,span25,False,0.8150553703308105,timesformer,diving48
XfCaMLlyj9I_00022,19,77,8,8,25,span25,False,0.9685737490653992,timesformer,diving48
ovWCmIMMkRI_00014,19,82,8,8,25,span25,False,0.8040953278541565,timesformer,diving48
Le6xdQ2OO8w_00012,19,76,8,8,25,span25,True,0.5136351585388184,timesformer,diving48
CVAfPfVFulQ_00010,19,134,8,8,25,span25,False,0.8586305379867554,timesformer,diving48
CVAfPfVFulQ_00002,19,90,8,8,25,span25,False,0.34346795082092285,timesformer,diving48
XfCaMLlyj9I_00023,19,151,8,8,25,span25,False,0.3074100911617279,timesformer,diving48
zBXtMcI41z8_00009,19,75,8,8,25,span25,False,0.6210552453994751,timesformer,diving48
CVAfPfVFulQ_00007,19,120,8,8,25,span25,False,0.5241427421569824,timesformer,diving48
MbzIpx8kAD0_00006,19,148,8,8,25,span25,False,0.2674395442008972,timesformer,diving48
jMEYIEYkpY0_00003,20,29,7,8,25,span25,False,0.716862678527832,timesformer,diving48
mGRum47TLX0_00039,20,57,8,8,25,span25,False,0.7196637392044067,timesformer,diving48
mGRum47TLX0_00034,20,169,8,8,25,span25,True,0.6060464978218079,timesformer,diving48
mGRum47TLX0_00041,20,126,8,8,25,span25,True,0.9743555784225464,timesformer,diving48
bSsVWVfYU4w_00101,20,232,8,8,25,span25,True,0.9468566179275513,timesformer,diving48
mGRum47TLX0_00043,20,62,8,8,25,span25,False,0.5103148221969604,timesformer,diving48
TMJ1XIZBRW4_00033,20,49,8,8,25,span25,False,0.5566831231117249,timesformer,diving48
CVAfPfVFulQ_00039,20,183,8,8,25,span25,True,0.8961621522903442,timesformer,diving48
CVAfPfVFulQ_00077,20,151,8,8,25,span25,True,0.8632099032402039,timesformer,diving48
sexZ6VnZ9yc_00000,20,110,8,8,25,span25,True,0.3599689304828644,timesformer,diving48
MbzIpx8kAD0_00015,20,143,8,8,25,span25,True,0.9154599905014038,timesformer,diving48
CVAfPfVFulQ_00072,20,82,8,8,25,span25,False,0.3738035559654236,timesformer,diving48
jMEYIEYkpY0_00002,20,212,8,8,25,span25,True,0.8987908959388733,timesformer,diving48
TMJ1XIZBRW4_00027,20,40,8,8,25,span25,False,0.46388137340545654,timesformer,diving48
MbzIpx8kAD0_00029,20,77,8,8,25,span25,False,0.733491837978363,timesformer,diving48
mGRum47TLX0_00035,20,116,8,8,25,span25,False,0.1951560080051422,timesformer,diving48
CVAfPfVFulQ_00031,20,69,8,8,25,span25,False,0.7506792545318604,timesformer,diving48
jMEYIEYkpY0_00004,20,94,8,8,25,span25,False,0.5910429358482361,timesformer,diving48
CVAfPfVFulQ_00033,20,140,8,8,25,span25,False,0.35368812084198,timesformer,diving48
MbzIpx8kAD0_00040,20,64,8,8,25,span25,False,0.4601409435272217,timesformer,diving48
rRw7peH60Yw_00008,21,56,8,8,25,span25,False,0.4030117690563202,timesformer,diving48
jMEYIEYkpY0_00022,21,107,8,8,25,span25,True,0.8286609649658203,timesformer,diving48
8qRmKunCjtY_00014,21,190,8,8,25,span25,False,0.8917196989059448,timesformer,diving48
SbzcCzXjYSU_00062,21,92,8,8,25,span25,True,0.8795878291130066,timesformer,diving48
yHo2oERGo7A_00041,21,72,8,8,25,span25,True,0.9327845573425293,timesformer,diving48
zmacW6f2Tdk_00031,21,129,8,8,25,span25,True,0.49556228518486023,timesformer,diving48
jMEYIEYkpY0_00023,21,126,8,8,25,span25,True,0.577743411064148,timesformer,diving48
zmacW6f2Tdk_00000,21,133,8,8,25,span25,False,0.6556711196899414,timesformer,diving48
zmacW6f2Tdk_00020,21,95,8,8,25,span25,False,0.8750174045562744,timesformer,diving48
yHo2oERGo7A_00020,21,161,8,8,25,span25,True,0.9655939340591431,timesformer,diving48
XfCaMLlyj9I_00058,21,208,8,8,25,span25,False,0.6692488193511963,timesformer,diving48
yHo2oERGo7A_00042,21,211,8,8,25,span25,False,0.8544305562973022,timesformer,diving48
zmacW6f2Tdk_00032,21,206,8,8,25,span25,True,0.9776821732521057,timesformer,diving48
cs8g1es4vfM_00038,21,124,8,8,25,span25,False,0.8243120312690735,timesformer,diving48
cs8g1es4vfM_00053,21,95,8,8,25,span25,False,0.6574661731719971,timesformer,diving48
jMEYIEYkpY0_00020,21,83,8,8,25,span25,False,0.5503982901573181,timesformer,diving48
cs8g1es4vfM_00039,21,152,8,8,25,span25,True,0.9167910814285278,timesformer,diving48
yHo2oERGo7A_00097,21,233,8,8,25,span25,True,0.7347534894943237,timesformer,diving48
8qRmKunCjtY_00009,21,98,8,8,25,span25,True,0.9910056591033936,timesformer,diving48
jMEYIEYkpY0_00021,21,80,8,8,25,span25,True,0.8545469641685486,timesformer,diving48
XfCaMLlyj9I_00145,22,139,8,8,25,span25,False,0.4449909031391144,timesformer,diving48
k71Cc-Sm-Mg_00109,22,66,8,8,25,span25,True,0.9082357287406921,timesformer,diving48
XfCaMLlyj9I_00067,22,79,8,8,25,span25,True,0.4943348169326782,timesformer,diving48
k71Cc-Sm-Mg_00079,22,64,8,8,25,span25,True,0.6925953030586243,timesformer,diving48
XfCaMLlyj9I_00154,22,54,8,8,25,span25,False,0.6039930582046509,timesformer,diving48
k71Cc-Sm-Mg_00147,22,123,8,8,25,span25,True,0.3204173743724823,timesformer,diving48
k71Cc-Sm-Mg_00066,22,82,8,8,25,span25,True,0.9387427568435669,timesformer,diving48
k71Cc-Sm-Mg_00111,22,80,8,8,25,span25,True,0.7129144072532654,timesformer,diving48
XfCaMLlyj9I_00143,22,83,8,8,25,span25,True,0.3737277686595917,timesformer,diving48
k71Cc-Sm-Mg_00068,22,122,8,8,25,span25,True,0.880179226398468,timesformer,diving48
XfCaMLlyj9I_00165,22,77,8,8,25,span25,False,0.17028029263019562,timesformer,diving48
k71Cc-Sm-Mg_00146,22,66,8,8,25,span25,True,0.5973330736160278,timesformer,diving48
k71Cc-Sm-Mg_00075,22,53,8,8,25,span25,False,0.5226254463195801,timesformer,diving48
k71Cc-Sm-Mg_00077,22,75,8,8,25,span25,False,0.8445764780044556,timesformer,diving48
XfCaMLlyj9I_00161,22,91,8,8,25,span25,False,0.12606731057167053,timesformer,diving48
XfCaMLlyj9I_00144,22,120,8,8,25,span25,True,0.3057648539543152,timesformer,diving48
k71Cc-Sm-Mg_00074,22,166,8,8,25,span25,True,0.4892483949661255,timesformer,diving48
k71Cc-Sm-Mg_00072,22,74,8,8,25,span25,False,0.9649059772491455,timesformer,diving48
k71Cc-Sm-Mg_00081,22,98,8,8,25,span25,True,0.9035472869873047,timesformer,diving48
bSsVWVfYU4w_00049,16,109,8,8,50,span50,True,0.7489336133003235,timesformer,diving48
zBXtMcI41z8_00104,16,67,8,8,50,span50,False,0.8890569806098938,timesformer,diving48
CVAfPfVFulQ_00022,16,163,8,8,50,span50,False,0.5321217775344849,timesformer,diving48
bl0C6d9QgIg_00012,16,111,8,8,50,span50,False,0.8866849541664124,timesformer,diving48
ovWCmIMMkRI_00036,16,128,8,8,50,span50,False,0.2966925799846649,timesformer,diving48
bSsVWVfYU4w_00051,16,117,8,8,50,span50,True,0.6671220660209656,timesformer,diving48
zBXtMcI41z8_00101,16,50,8,8,50,span50,False,0.9168768525123596,timesformer,diving48
L_SB1PRgDTE_00018,16,125,8,8,50,span50,False,0.9523712396621704,timesformer,diving48
bl0C6d9QgIg_00013,16,148,8,8,50,span50,False,0.6113658547401428,timesformer,diving48
zBXtMcI41z8_00021,16,76,8,8,50,span50,False,0.4816093444824219,timesformer,diving48
CVAfPfVFulQ_00028,16,139,8,8,50,span50,True,0.7790607213973999,timesformer,diving48
CVAfPfVFulQ_00015,16,117,8,8,50,span50,False,0.6984477639198303,timesformer,diving48
L_SB1PRgDTE_00011,16,77,8,8,50,span50,False,0.8015075922012329,timesformer,diving48
L_SB1PRgDTE_00012,16,115,8,8,50,span50,False,0.1865309327840805,timesformer,diving48
bSsVWVfYU4w_00050,16,76,8,8,50,span50,True,0.9298512935638428,timesformer,diving48
CVAfPfVFulQ_00044,17,51,8,8,50,span50,False,0.5197910666465759,timesformer,diving48
XfCaMLlyj9I_00055,17,94,8,8,50,span50,False,0.8021214008331299,timesformer,diving48
Le6xdQ2OO8w_00147,17,134,8,8,50,span50,False,0.8041028380393982,timesformer,diving48
CVAfPfVFulQ_00043,17,36,8,8,50,span50,False,0.42370370030403137,timesformer,diving48
bSsVWVfYU4w_00093,17,175,8,8,50,span50,True,0.5753970146179199,timesformer,diving48
Le6xdQ2OO8w_00134,17,148,8,8,50,span50,True,0.7743718028068542,timesformer,diving48
CVAfPfVFulQ_00059,17,120,8,8,50,span50,True,0.32617828249931335,timesformer,diving48
cs8g1es4vfM_00003,17,125,8,8,50,span50,False,0.6870003938674927,timesformer,diving48
Le6xdQ2OO8w_00133,17,93,8,8,50,span50,True,0.5801001787185669,timesformer,diving48
mGRum47TLX0_00042,17,63,8,8,50,span50,False,0.35385861992836,timesformer,diving48
XfCaMLlyj9I_00056,17,169,8,8,50,span50,False,0.44477471709251404,timesformer,diving48
XfCaMLlyj9I_00057,17,66,8,8,50,span50,False,0.29207149147987366,timesformer,diving48
ovWCmIMMkRI_00059,17,79,8,8,50,span50,False,0.1527329683303833,timesformer,diving48
XfCaMLlyj9I_00054,17,123,8,8,50,span50,False,0.735370934009552,timesformer,diving48
bSsVWVfYU4w_00092,17,75,8,8,50,span50,False,0.47156527638435364,timesformer,diving48
ovWCmIMMkRI_00060,17,95,8,8,50,span50,False,0.8273118734359741,timesformer,diving48
Le6xdQ2OO8w_00148,17,148,8,8,50,span50,True,0.930708110332489,timesformer,diving48
Le6xdQ2OO8w_00245,17,134,8,8,50,span50,False,0.6311454772949219,timesformer,diving48
MbzIpx8kAD0_00054,17,112,8,8,50,span50,False,0.6497881412506104,timesformer,diving48
ovWCmIMMkRI_00061,17,78,8,8,50,span50,True,0.6664290428161621,timesformer,diving48
MbzIpx8kAD0_00068,18,81,8,8,50,span50,False,0.45842835307121277,timesformer,diving48
cs8g1es4vfM_00050,18,123,8,8,50,span50,False,0.9174432158470154,timesformer,diving48
cs8g1es4vfM_00000,18,161,8,8,50,span50,False,0.2062075287103653,timesformer,diving48
bSsVWVfYU4w_00117,18,136,8,8,50,span50,True,0.3616285026073456,timesformer,diving48
cs8g1es4vfM_00023,18,118,8,8,50,span50,False,0.4890008568763733,timesformer,diving48
XfCaMLlyj9I_00152,18,39,8,8,50,span50,False,0.4922548830509186,timesformer,diving48
yHo2oERGo7A_00090,18,106,8,8,50,span50,False,0.3457363545894623,timesformer,diving48
MbzIpx8kAD0_00048,18,80,8,8,50,span50,False,0.33496785163879395,timesformer,diving48
yHo2oERGo7A_00092,18,99,8,8,50,span50,False,0.429453581571579,timesformer,diving48
cs8g1es4vfM_00051,18,137,8,8,50,span50,False,0.5731310248374939,timesformer,diving48
cs8g1es4vfM_00001,18,134,8,8,50,span50,False,0.5061185359954834,timesformer,diving48
bSsVWVfYU4w_00116,18,72,8,8,50,span50,True,0.4865395128726959,timesformer,diving48
cs8g1es4vfM_00022,18,103,8,8,50,span50,False,0.3997831344604492,timesformer,diving48
yHo2oERGo7A_00091,18,129,8,8,50,span50,False,0.5234404802322388,timesformer,diving48
MbzIpx8kAD0_00007,19,115,8,8,50,span50,True,0.9352492690086365,timesformer,diving48
bSsVWVfYU4w_00006,19,94,8,8,50,span50,False,0.4337116479873657,timesformer,diving48
MbzIpx8kAD0_00038,19,132,8,8,50,span50,True,0.8255264163017273,timesformer,diving48
TMJ1XIZBRW4_00002,19,67,8,8,50,span50,True,0.9745556712150574,timesformer,diving48
CVAfPfVFulQ_00008,19,127,8,8,50,span50,True,0.8547197580337524,timesformer,diving48
TMJ1XIZBRW4_00004,19,104,8,8,50,span50,True,0.9233179092407227,timesformer,diving48
TMJ1XIZBRW4_00030,19,85,8,8,50,span50,False,0.5452803373336792,timesformer,diving48
8qRmKunCjtY_00005,19,75,8,8,50,span50,True,0.930741548538208,timesformer,diving48
XfCaMLlyj9I_00004,19,59,8,8,50,span50,False,0.42046692967414856,timesformer,diving48
bSsVWVfYU4w_00001,19,121,8,8,50,span50,True,0.9498545527458191,timesformer,diving48
MbzIpx8kAD0_00010,19,46,8,8,50,span50,True,0.6792088150978088,timesformer,diving48
XfCaMLlyj9I_00022,19,77,8,8,50,span50,False,0.44341546297073364,timesformer,diving48
ovWCmIMMkRI_00014,19,82,8,8,50,span50,False,0.8829283714294434,timesformer,diving48
Le6xdQ2OO8w_00012,19,76,8,8,50,span50,False,0.6080939769744873,timesformer,diving48
CVAfPfVFulQ_00010,19,134,8,8,50,span50,False,0.532333254814148,timesformer,diving48
CVAfPfVFulQ_00002,19,90,8,8,50,span50,True,0.6338977813720703,timesformer,diving48
XfCaMLlyj9I_00023,19,151,8,8,50,span50,False,0.5327154397964478,timesformer,diving48
zBXtMcI41z8_00009,19,75,8,8,50,span50,True,0.5360986590385437,timesformer,diving48
CVAfPfVFulQ_00007,19,120,8,8,50,span50,False,0.8125966191291809,timesformer,diving48
MbzIpx8kAD0_00006,19,148,8,8,50,span50,False,0.40555867552757263,timesformer,diving48
jMEYIEYkpY0_00003,20,29,8,8,50,span50,False,0.9180868268013,timesformer,diving48
mGRum47TLX0_00039,20,57,8,8,50,span50,False,0.8865639567375183,timesformer,diving48
mGRum47TLX0_00034,20,169,8,8,50,span50,True,0.5844890475273132,timesformer,diving48
mGRum47TLX0_00041,20,126,8,8,50,span50,True,0.924908459186554,timesformer,diving48
bSsVWVfYU4w_00101,20,232,8,8,50,span50,True,0.8948673009872437,timesformer,diving48
mGRum47TLX0_00043,20,62,8,8,50,span50,False,0.17590510845184326,timesformer,diving48
TMJ1XIZBRW4_00033,20,49,8,8,50,span50,False,0.2980493903160095,timesformer,diving48
CVAfPfVFulQ_00039,20,183,8,8,50,span50,True,0.8221116065979004,timesformer,diving48
CVAfPfVFulQ_00077,20,151,8,8,50,span50,True,0.9362369179725647,timesformer,diving48
sexZ6VnZ9yc_00000,20,110,8,8,50,span50,False,0.2675077021121979,timesformer,diving48
MbzIpx8kAD0_00015,20,143,8,8,50,span50,False,0.4822459816932678,timesformer,diving48
CVAfPfVFulQ_00072,20,82,8,8,50,span50,True,0.5545522570610046,timesformer,diving48
jMEYIEYkpY0_00002,20,212,8,8,50,span50,True,0.5358981490135193,timesformer,diving48
TMJ1XIZBRW4_00027,20,40,8,8,50,span50,False,0.5675298571586609,timesformer,diving48
MbzIpx8kAD0_00029,20,77,8,8,50,span50,False,0.5001146197319031,timesformer,diving48
mGRum47TLX0_00035,20,116,8,8,50,span50,True,0.6519596576690674,timesformer,diving48
CVAfPfVFulQ_00031,20,69,8,8,50,span50,True,0.811681866645813,timesformer,diving48
jMEYIEYkpY0_00004,20,94,8,8,50,span50,False,0.9166722297668457,timesformer,diving48
CVAfPfVFulQ_00033,20,140,8,8,50,span50,False,0.313203901052475,timesformer,diving48
MbzIpx8kAD0_00040,20,64,8,8,50,span50,False,0.5460604429244995,timesformer,diving48
rRw7peH60Yw_00008,21,56,8,8,50,span50,True,0.9189432859420776,timesformer,diving48
jMEYIEYkpY0_00022,21,107,8,8,50,span50,False,0.3773899972438812,timesformer,diving48
8qRmKunCjtY_00014,21,190,8,8,50,span50,True,0.9904783964157104,timesformer,diving48
SbzcCzXjYSU_00062,21,92,8,8,50,span50,True,0.9653944969177246,timesformer,diving48
yHo2oERGo7A_00041,21,72,8,8,50,span50,True,0.9778698086738586,timesformer,diving48
zmacW6f2Tdk_00031,21,129,8,8,50,span50,True,0.9917299151420593,timesformer,diving48
jMEYIEYkpY0_00023,21,126,8,8,50,span50,True,0.4231327176094055,timesformer,diving48
zmacW6f2Tdk_00000,21,133,8,8,50,span50,True,0.5791923403739929,timesformer,diving48
zmacW6f2Tdk_00020,21,95,8,8,50,span50,False,0.6125434637069702,timesformer,diving48
yHo2oERGo7A_00020,21,161,8,8,50,span50,False,0.4751797318458557,timesformer,diving48
XfCaMLlyj9I_00058,21,208,8,8,50,span50,False,0.8263442516326904,timesformer,diving48
yHo2oERGo7A_00042,21,211,8,8,50,span50,False,0.25102031230926514,timesformer,diving48
zmacW6f2Tdk_00032,21,206,8,8,50,span50,True,0.9925726652145386,timesformer,diving48
cs8g1es4vfM_00038,21,124,8,8,50,span50,True,0.5351721048355103,timesformer,diving48
cs8g1es4vfM_00053,21,95,8,8,50,span50,False,0.9044650197029114,timesformer,diving48
jMEYIEYkpY0_00020,21,83,8,8,50,span50,False,0.6413252949714661,timesformer,diving48
cs8g1es4vfM_00039,21,152,8,8,50,span50,True,0.8363608121871948,timesformer,diving48
yHo2oERGo7A_00097,21,233,8,8,50,span50,False,0.4118216335773468,timesformer,diving48
8qRmKunCjtY_00009,21,98,8,8,50,span50,True,0.9980046153068542,timesformer,diving48
jMEYIEYkpY0_00021,21,80,8,8,50,span50,False,0.3402777314186096,timesformer,diving48
XfCaMLlyj9I_00145,22,139,8,8,50,span50,False,0.9423760175704956,timesformer,diving48
k71Cc-Sm-Mg_00109,22,66,8,8,50,span50,True,0.6354725360870361,timesformer,diving48
XfCaMLlyj9I_00067,22,79,8,8,50,span50,False,0.8403803706169128,timesformer,diving48
k71Cc-Sm-Mg_00079,22,64,8,8,50,span50,False,0.46889519691467285,timesformer,diving48
XfCaMLlyj9I_00154,22,54,8,8,50,span50,False,0.6302095651626587,timesformer,diving48
k71Cc-Sm-Mg_00147,22,123,8,8,50,span50,False,0.47901180386543274,timesformer,diving48
k71Cc-Sm-Mg_00066,22,82,8,8,50,span50,False,0.9774512648582458,timesformer,diving48
k71Cc-Sm-Mg_00111,22,80,8,8,50,span50,True,0.9113691449165344,timesformer,diving48
XfCaMLlyj9I_00143,22,83,8,8,50,span50,True,0.6279898881912231,timesformer,diving48
k71Cc-Sm-Mg_00068,22,122,8,8,50,span50,True,0.8094589114189148,timesformer,diving48
XfCaMLlyj9I_00165,22,77,8,8,50,span50,True,0.14220140874385834,timesformer,diving48
k71Cc-Sm-Mg_00146,22,66,8,8,50,span50,False,0.9613122940063477,timesformer,diving48
k71Cc-Sm-Mg_00075,22,53,8,8,50,span50,False,0.8608599305152893,timesformer,diving48
k71Cc-Sm-Mg_00077,22,75,8,8,50,span50,False,0.8609192967414856,timesformer,diving48
XfCaMLlyj9I_00161,22,91,8,8,50,span50,True,0.5086812973022461,timesformer,diving48
XfCaMLlyj9I_00144,22,120,8,8,50,span50,True,0.8091347217559814,timesformer,diving48
k71Cc-Sm-Mg_00074,22,166,8,8,50,span50,False,0.8929111957550049,timesformer,diving48
k71Cc-Sm-Mg_00072,22,74,8,8,50,span50,True,0.5912981033325195,timesformer,diving48
k71Cc-Sm-Mg_00081,22,98,8,8,50,span50,False,0.6181868314743042,timesformer,diving48
bSsVWVfYU4w_00049,16,109,8,8,75,span75,True,0.740731954574585,timesformer,diving48
zBXtMcI41z8_00104,16,67,8,8,75,span75,True,0.6359520554542542,timesformer,diving48
CVAfPfVFulQ_00022,16,163,8,8,75,span75,False,0.8379337191581726,timesformer,diving48
bl0C6d9QgIg_00012,16,111,8,8,75,span75,False,0.9827026128768921,timesformer,diving48
ovWCmIMMkRI_00036,16,128,8,8,75,span75,False,0.26032301783561707,timesformer,diving48
bSsVWVfYU4w_00051,16,117,8,8,75,span75,True,0.7653217315673828,timesformer,diving48
zBXtMcI41z8_00101,16,50,8,8,75,span75,False,0.6101710796356201,timesformer,diving48
L_SB1PRgDTE_00018,16,125,8,8,75,span75,False,0.9550933837890625,timesformer,diving48
bl0C6d9QgIg_00013,16,148,8,8,75,span75,False,0.9680607914924622,timesformer,diving48
zBXtMcI41z8_00021,16,76,8,8,75,span75,False,0.4399614632129669,timesformer,diving48
CVAfPfVFulQ_00028,16,139,8,8,75,span75,False,0.7623828053474426,timesformer,diving48
CVAfPfVFulQ_00015,16,117,8,8,75,span75,False,0.5969655513763428,timesformer,diving48
L_SB1PRgDTE_00011,16,77,8,8,75,span75,False,0.4196060001850128,timesformer,diving48
L_SB1PRgDTE_00012,16,115,8,8,75,span75,False,0.43469226360321045,timesformer,diving48
bSsVWVfYU4w_00050,16,76,8,8,75,span75,True,0.799122154712677,timesformer,diving48
CVAfPfVFulQ_00044,17,51,8,8,75,span75,False,0.9141021966934204,timesformer,diving48
XfCaMLlyj9I_00055,17,94,8,8,75,span75,False,0.8892070651054382,timesformer,diving48
Le6xdQ2OO8w_00147,17,134,8,8,75,span75,True,0.8468066453933716,timesformer,diving48
CVAfPfVFulQ_00043,17,36,8,8,75,span75,False,0.5890116095542908,timesformer,diving48
bSsVWVfYU4w_00093,17,175,8,8,75,span75,False,0.281674325466156,timesformer,diving48
Le6xdQ2OO8w_00134,17,148,8,8,75,span75,True,0.9059300422668457,timesformer,diving48
CVAfPfVFulQ_00059,17,120,8,8,75,span75,True,0.5149474143981934,timesformer,diving48
cs8g1es4vfM_00003,17,125,8,8,75,span75,False,0.714145302772522,timesformer,diving48
Le6xdQ2OO8w_00133,17,93,8,8,75,span75,True,0.967786967754364,timesformer,diving48
mGRum47TLX0_00042,17,63,8,8,75,span75,False,0.5359305143356323,timesformer,diving48
XfCaMLlyj9I_00056,17,169,8,8,75,span75,False,0.3105359375476837,timesformer,diving48
XfCaMLlyj9I_00057,17,66,8,8,75,span75,False,0.2252703458070755,timesformer,diving48
ovWCmIMMkRI_00059,17,79,8,8,75,span75,False,0.18415607511997223,timesformer,diving48
XfCaMLlyj9I_00054,17,123,8,8,75,span75,False,0.7506030797958374,timesformer,diving48
bSsVWVfYU4w_00092,17,75,8,8,75,span75,False,0.2776286005973816,timesformer,diving48
ovWCmIMMkRI_00060,17,95,8,8,75,span75,False,0.684425950050354,timesformer,diving48
Le6xdQ2OO8w_00148,17,148,8,8,75,span75,True,0.6685473322868347,timesformer,diving48
Le6xdQ2OO8w_00245,17,134,8,8,75,span75,True,0.5882027745246887,timesformer,diving48
MbzIpx8kAD0_00054,17,112,8,8,75,span75,True,0.82049959897995,timesformer,diving48
ovWCmIMMkRI_00061,17,78,8,8,75,span75,False,0.22901107370853424,timesformer,diving48
MbzIpx8kAD0_00068,18,81,8,8,75,span75,False,0.33310747146606445,timesformer,diving48
cs8g1es4vfM_00050,18,123,8,8,75,span75,False,0.6082130074501038,timesformer,diving48
cs8g1es4vfM_00000,18,161,8,8,75,span75,False,0.7490988969802856,timesformer,diving48
bSsVWVfYU4w_00117,18,136,8,8,75,span75,False,0.40222105383872986,timesformer,diving48
cs8g1es4vfM_00023,18,118,8,8,75,span75,False,0.7155623435974121,timesformer,diving48
XfCaMLlyj9I_00152,18,39,8,8,75,span75,False,0.2685174345970154,timesformer,diving48
yHo2oERGo7A_00090,18,106,8,8,75,span75,False,0.25769567489624023,timesformer,diving48
MbzIpx8kAD0_00048,18,80,8,8,75,span75,False,0.8811965584754944,timesformer,diving48
yHo2oERGo7A_00092,18,99,8,8,75,span75,False,0.36313900351524353,timesformer,diving48
cs8g1es4vfM_00051,18,137,8,8,75,span75,False,0.6437360644340515,timesformer,diving48
cs8g1es4vfM_00001,18,134,8,8,75,span75,False,0.8476747274398804,timesformer,diving48
bSsVWVfYU4w_00116,18,72,8,8,75,span75,True,0.363900750875473,timesformer,diving48
cs8g1es4vfM_00022,18,103,8,8,75,span75,True,0.3443944752216339,timesformer,diving48
yHo2oERGo7A_00091,18,129,8,8,75,span75,False,0.382699579000473,timesformer,diving48
MbzIpx8kAD0_00007,19,115,8,8,75,span75,True,0.9564542770385742,timesformer,diving48
bSsVWVfYU4w_00006,19,94,8,8,75,span75,False,0.7322902083396912,timesformer,diving48
MbzIpx8kAD0_00038,19,132,8,8,75,span75,False,0.7068144679069519,timesformer,diving48
TMJ1XIZBRW4_00002,19,67,8,8,75,span75,True,0.9808593392372131,timesformer,diving48
CVAfPfVFulQ_00008,19,127,8,8,75,span75,True,0.9086302518844604,timesformer,diving48
TMJ1XIZBRW4_00004,19,104,8,8,75,span75,True,0.7822310328483582,timesformer,diving48
TMJ1XIZBRW4_00030,19,85,8,8,75,span75,True,0.48376181721687317,timesformer,diving48
8qRmKunCjtY_00005,19,75,8,8,75,span75,True,0.9343236088752747,timesformer,diving48
XfCaMLlyj9I_00004,19,59,8,8,75,span75,True,0.5231637954711914,timesformer,diving48
bSsVWVfYU4w_00001,19,121,8,8,75,span75,True,0.9888414740562439,timesformer,diving48
MbzIpx8kAD0_00010,19,46,8,8,75,span75,False,0.5110451579093933,timesformer,diving48
XfCaMLlyj9I_00022,19,77,8,8,75,span75,False,0.37882134318351746,timesformer,diving48
ovWCmIMMkRI_00014,19,82,8,8,75,span75,False,0.6798578500747681,timesformer,diving48
Le6xdQ2OO8w_00012,19,76,8,8,75,span75,False,0.861741840839386,timesformer,diving48
CVAfPfVFulQ_00010,19,134,8,8,75,span75,True,0.7203955054283142,timesformer,diving48
CVAfPfVFulQ_00002,19,90,8,8,75,span75,True,0.4629729092121124,timesformer,diving48
XfCaMLlyj9I_00023,19,151,8,8,75,span75,True,0.8482306003570557,timesformer,diving48
zBXtMcI41z8_00009,19,75,8,8,75,span75,False,0.550713062286377,timesformer,diving48
CVAfPfVFulQ_00007,19,120,8,8,75,span75,False,0.7399275302886963,timesformer,diving48
MbzIpx8kAD0_00006,19,148,8,8,75,span75,True,0.8800474405288696,timesformer,diving48
jMEYIEYkpY0_00003,20,29,8,8,75,span75,False,0.6312962770462036,timesformer,diving48
mGRum47TLX0_00039,20,57,8,8,75,span75,False,0.4140855371952057,timesformer,diving48
mGRum47TLX0_00034,20,169,8,8,75,span75,True,0.515826404094696,timesformer,diving48
mGRum47TLX0_00041,20,126,8,8,75,span75,True,0.9719650149345398,timesformer,diving48
bSsVWVfYU4w_00101,20,232,8,8,75,span75,True,0.9809039235115051,timesformer,diving48
mGRum47TLX0_00043,20,62,8,8,75,span75,False,0.939698338508606,timesformer,diving48
TMJ1XIZBRW4_00033,20,49,8,8,75,span75,True,0.7230315208435059,timesformer,diving48
CVAfPfVFulQ_00039,20,183,8,8,75,span75,True,0.9334116578102112,timesformer,diving48
CVAfPfVFulQ_00077,20,151,8,8,75,span75,True,0.8942408561706543,timesformer,diving48
sexZ6VnZ9yc_00000,20,110,8,8,75,span75,True,0.4336360692977905,timesformer,diving48
MbzIpx8kAD0_00015,20,143,8,8,75,span75,True,0.9182395935058594,timesformer,diving48
CVAfPfVFulQ_00072,20,82,8,8,75,span75,True,0.616586446762085,timesformer,diving48
jMEYIEYkpY0_00002,20,212,8,8,75,span75,True,0.4189659357070923,timesformer,diving48
TMJ1XIZBRW4_00027,20,40,8,8,75,span75,False,0.7203963994979858,timesformer,diving48
MbzIpx8kAD0_00029,20,77,8,8,75,span75,True,0.9698136448860168,timesformer,diving48
mGRum47TLX0_00035,20,116,8,8,75,span75,True,0.31365159153938293,timesformer,diving48
CVAfPfVFulQ_00031,20,69,8,8,75,span75,True,0.8936101198196411,timesformer,diving48
jMEYIEYkpY0_00004,20,94,8,8,75,span75,False,0.9400252103805542,timesformer,diving48
CVAfPfVFulQ_00033,20,140,8,8,75,span75,True,0.42383143305778503,timesformer,diving48
MbzIpx8kAD0_00040,20,64,8,8,75,span75,False,0.4384264647960663,timesformer,diving48
rRw7peH60Yw_00008,21,56,8,8,75,span75,True,0.8687169551849365,timesformer,diving48
jMEYIEYkpY0_00022,21,107,8,8,75,span75,False,0.9724341630935669,timesformer,diving48
8qRmKunCjtY_00014,21,190,8,8,75,span75,True,0.9188805222511292,timesformer,diving48
SbzcCzXjYSU_00062,21,92,8,8,75,span75,True,0.9568156003952026,timesformer,diving48
yHo2oERGo7A_00041,21,72,8,8,75,span75,False,0.6917709112167358,timesformer,diving48
zmacW6f2Tdk_00031,21,129,8,8,75,span75,False,0.3931526243686676,timesformer,diving48
jMEYIEYkpY0_00023,21,126,8,8,75,span75,False,0.7049400210380554,timesformer,diving48
zmacW6f2Tdk_00000,21,133,8,8,75,span75,True,0.5599568486213684,timesformer,diving48
zmacW6f2Tdk_00020,21,95,8,8,75,span75,False,0.5721209049224854,timesformer,diving48
yHo2oERGo7A_00020,21,161,8,8,75,span75,True,0.9401877522468567,timesformer,diving48
XfCaMLlyj9I_00058,21,208,8,8,75,span75,False,0.8338474035263062,timesformer,diving48
yHo2oERGo7A_00042,21,211,8,8,75,span75,False,0.5154746770858765,timesformer,diving48
zmacW6f2Tdk_00032,21,206,8,8,75,span75,True,0.5369510650634766,timesformer,diving48
cs8g1es4vfM_00038,21,124,8,8,75,span75,False,0.5384972095489502,timesformer,diving48
cs8g1es4vfM_00053,21,95,8,8,75,span75,False,0.5516561269760132,timesformer,diving48
jMEYIEYkpY0_00020,21,83,8,8,75,span75,False,0.8014716506004333,timesformer,diving48
cs8g1es4vfM_00039,21,152,8,8,75,span75,True,0.9847971200942993,timesformer,diving48
yHo2oERGo7A_00097,21,233,8,8,75,span75,True,0.9664462804794312,timesformer,diving48
8qRmKunCjtY_00009,21,98,8,8,75,span75,True,0.8909952640533447,timesformer,diving48
jMEYIEYkpY0_00021,21,80,8,8,75,span75,False,0.33431559801101685,timesformer,diving48
XfCaMLlyj9I_00145,22,139,8,8,75,span75,False,0.9769664406776428,timesformer,diving48
k71Cc-Sm-Mg_00109,22,66,8,8,75,span75,False,0.7053174376487732,timesformer,diving48
XfCaMLlyj9I_00067,22,79,8,8,75,span75,False,0.5659461617469788,timesformer,diving48
k71Cc-Sm-Mg_00079,22,64,8,8,75,span75,False,0.45356976985931396,timesformer,diving48
XfCaMLlyj9I_00154,22,54,8,8,75,span75,False,0.6047925353050232,timesformer,diving48
k71Cc-Sm-Mg_00147,22,123,8,8,75,span75,False,0.599783182144165,timesformer,diving48
k71Cc-Sm-Mg_00066,22,82,8,8,75,span75,True,0.7054277062416077,timesformer,diving48
k71Cc-Sm-Mg_00111,22,80,8,8,75,span75,True,0.8508421778678894,timesformer,diving48
XfCaMLlyj9I_00143,22,83,8,8,75,span75,False,0.4897582530975342,timesformer,diving48
k71Cc-Sm-Mg_00068,22,122,8,8,75,span75,False,0.4988172650337219,timesformer,diving48
XfCaMLlyj9I_00165,22,77,8,8,75,span75,False,0.20744411647319794,timesformer,diving48
k71Cc-Sm-Mg_00146,22,66,8,8,75,span75,False,0.8314781188964844,timesformer,diving48
k71Cc-Sm-Mg_00075,22,53,8,8,75,span75,False,0.971336305141449,timesformer,diving48
k71Cc-Sm-Mg_00077,22,75,8,8,75,span75,False,0.9475603699684143,timesformer,diving48
XfCaMLlyj9I_00161,22,91,8,8,75,span75,True,0.43162092566490173,timesformer,diving48
XfCaMLlyj9I_00144,22,120,8,8,75,span75,False,0.47274699807167053,timesformer,diving48
k71Cc-Sm-Mg_00074,22,166,8,8,75,span75,False,0.732293426990509,timesformer,diving48
k71Cc-Sm-Mg_00072,22,74,8,8,75,span75,False,0.9688878655433655,timesformer,diving48
k71Cc-Sm-Mg_00081,22,98,8,8,75,span75,True,0.7669641375541687,timesformer,diving48
bSsVWVfYU4w_00049,16,109,8,8,100,span100,True,0.9411645531654358,timesformer,diving48
zBXtMcI41z8_00104,16,67,8,8,100,span100,False,0.7335228323936462,timesformer,diving48
CVAfPfVFulQ_00022,16,163,8,8,100,span100,False,0.8918667435646057,timesformer,diving48
bl0C6d9QgIg_00012,16,111,8,8,100,span100,False,0.9941841959953308,timesformer,diving48
ovWCmIMMkRI_00036,16,128,8,8,100,span100,False,0.6740853786468506,timesformer,diving48
bSsVWVfYU4w_00051,16,117,8,8,100,span100,True,0.8026439547538757,timesformer,diving48
zBXtMcI41z8_00101,16,50,8,8,100,span100,False,0.5757049322128296,timesformer,diving48
L_SB1PRgDTE_00018,16,125,8,8,100,span100,False,0.7683124542236328,timesformer,diving48
bl0C6d9QgIg_00013,16,148,8,8,100,span100,True,0.6114875078201294,timesformer,diving48
zBXtMcI41z8_00021,16,76,8,8,100,span100,False,0.46723201870918274,timesformer,diving48
CVAfPfVFulQ_00028,16,139,8,8,100,span100,False,0.6531060934066772,timesformer,diving48
CVAfPfVFulQ_00015,16,117,8,8,100,span100,False,0.20281141996383667,timesformer,diving48
L_SB1PRgDTE_00011,16,77,8,8,100,span100,False,0.21184973418712616,timesformer,diving48
L_SB1PRgDTE_00012,16,115,8,8,100,span100,False,0.1297825574874878,timesformer,diving48
bSsVWVfYU4w_00050,16,76,8,8,100,span100,True,0.7144745588302612,timesformer,diving48
CVAfPfVFulQ_00044,17,51,8,8,100,span100,False,0.4878724217414856,timesformer,diving48
XfCaMLlyj9I_00055,17,94,8,8,100,span100,False,0.7532001733779907,timesformer,diving48
Le6xdQ2OO8w_00147,17,134,8,8,100,span100,False,0.4579295814037323,timesformer,diving48
CVAfPfVFulQ_00043,17,36,8,8,100,span100,True,0.3307202458381653,timesformer,diving48
bSsVWVfYU4w_00093,17,175,8,8,100,span100,False,0.2015204131603241,timesformer,diving48
Le6xdQ2OO8w_00134,17,148,8,8,100,span100,False,0.7633422613143921,timesformer,diving48
CVAfPfVFulQ_00059,17,120,8,8,100,span100,False,0.5868352651596069,timesformer,diving48
cs8g1es4vfM_00003,17,125,8,8,100,span100,False,0.6486668586730957,timesformer,diving48
Le6xdQ2OO8w_00133,17,93,8,8,100,span100,False,0.5259259343147278,timesformer,diving48
mGRum47TLX0_00042,17,63,8,8,100,span100,False,0.3530879318714142,timesformer,diving48
XfCaMLlyj9I_00056,17,169,8,8,100,span100,False,0.31262004375457764,timesformer,diving48
XfCaMLlyj9I_00057,17,66,8,8,100,span100,False,0.21226127445697784,timesformer,diving48
ovWCmIMMkRI_00059,17,79,8,8,100,span100,False,0.29265570640563965,timesformer,diving48
XfCaMLlyj9I_00054,17,123,8,8,100,span100,False,0.8923691511154175,timesformer,diving48
bSsVWVfYU4w_00092,17,75,8,8,100,span100,False,0.28754371404647827,timesformer,diving48
ovWCmIMMkRI_00060,17,95,8,8,100,span100,False,0.7469910979270935,timesformer,diving48
Le6xdQ2OO8w_00148,17,148,8,8,100,span100,True,0.9161883592605591,timesformer,diving48
Le6xdQ2OO8w_00245,17,134,8,8,100,span100,True,0.8534669280052185,timesformer,diving48
MbzIpx8kAD0_00054,17,112,8,8,100,span100,False,0.32858607172966003,timesformer,diving48
ovWCmIMMkRI_00061,17,78,8,8,100,span100,False,0.22256331145763397,timesformer,diving48
MbzIpx8kAD0_00068,18,81,8,8,100,span100,False,0.34892743825912476,timesformer,diving48
cs8g1es4vfM_00050,18,123,8,8,100,span100,False,0.26567476987838745,timesformer,diving48
cs8g1es4vfM_00000,18,161,8,8,100,span100,False,0.6025925278663635,timesformer,diving48
bSsVWVfYU4w_00117,18,136,8,8,100,span100,False,0.32552269101142883,timesformer,diving48
cs8g1es4vfM_00023,18,118,8,8,100,span100,False,0.7947741150856018,timesformer,diving48
XfCaMLlyj9I_00152,18,39,8,8,100,span100,False,0.430206298828125,timesformer,diving48
yHo2oERGo7A_00090,18,106,8,8,100,span100,False,0.7144004106521606,timesformer,diving48
MbzIpx8kAD0_00048,18,80,8,8,100,span100,False,0.9097477793693542,timesformer,diving48
yHo2oERGo7A_00092,18,99,8,8,100,span100,False,0.6609312295913696,timesformer,diving48
cs8g1es4vfM_00051,18,137,8,8,100,span100,False,0.3413180112838745,timesformer,diving48
cs8g1es4vfM_00001,18,134,8,8,100,span100,False,0.6656234264373779,timesformer,diving48
bSsVWVfYU4w_00116,18,72,8,8,100,span100,False,0.381096750497818,timesformer,diving48
cs8g1es4vfM_00022,18,103,8,8,100,span100,False,0.3398977816104889,timesformer,diving48
yHo2oERGo7A_00091,18,129,8,8,100,span100,True,0.2343234270811081,timesformer,diving48
MbzIpx8kAD0_00007,19,115,8,8,100,span100,True,0.789849579334259,timesformer,diving48
bSsVWVfYU4w_00006,19,94,8,8,100,span100,True,0.23298108577728271,timesformer,diving48
MbzIpx8kAD0_00038,19,132,8,8,100,span100,False,0.6259069442749023,timesformer,diving48
TMJ1XIZBRW4_00002,19,67,8,8,100,span100,True,0.9702252149581909,timesformer,diving48
CVAfPfVFulQ_00008,19,127,8,8,100,span100,True,0.733832597732544,timesformer,diving48
TMJ1XIZBRW4_00004,19,104,8,8,100,span100,True,0.9462794065475464,timesformer,diving48
TMJ1XIZBRW4_00030,19,85,8,8,100,span100,False,0.34795817732810974,timesformer,diving48
8qRmKunCjtY_00005,19,75,8,8,100,span100,True,0.9754185080528259,timesformer,diving48
XfCaMLlyj9I_00004,19,59,8,8,100,span100,True,0.8727138042449951,timesformer,diving48
bSsVWVfYU4w_00001,19,121,8,8,100,span100,True,0.3753109872341156,timesformer,diving48
MbzIpx8kAD0_00010,19,46,8,8,100,span100,False,0.8586248159408569,timesformer,diving48
XfCaMLlyj9I_00022,19,77,8,8,100,span100,False,0.289322167634964,timesformer,diving48
ovWCmIMMkRI_00014,19,82,8,8,100,span100,False,0.9136490821838379,timesformer,diving48
Le6xdQ2OO8w_00012,19,76,8,8,100,span100,True,0.8052090406417847,timesformer,diving48
CVAfPfVFulQ_00010,19,134,8,8,100,span100,True,0.6350278258323669,timesformer,diving48
CVAfPfVFulQ_00002,19,90,8,8,100,span100,True,0.9480040073394775,timesformer,diving48
XfCaMLlyj9I_00023,19,151,8,8,100,span100,True,0.7961565256118774,timesformer,diving48
zBXtMcI41z8_00009,19,75,8,8,100,span100,False,0.405091255903244,timesformer,diving48
CVAfPfVFulQ_00007,19,120,8,8,100,span100,True,0.473518043756485,timesformer,diving48
MbzIpx8kAD0_00006,19,148,8,8,100,span100,True,0.94548100233078,timesformer,diving48
jMEYIEYkpY0_00003,20,29,8,8,100,span100,False,0.844102680683136,timesformer,diving48
mGRum47TLX0_00039,20,57,8,8,100,span100,False,0.7484180927276611,timesformer,diving48
mGRum47TLX0_00034,20,169,8,8,100,span100,True,0.34309589862823486,timesformer,diving48
mGRum47TLX0_00041,20,126,8,8,100,span100,True,0.9726947546005249,timesformer,diving48
bSsVWVfYU4w_00101,20,232,8,8,100,span100,True,0.8972727060317993,timesformer,diving48
mGRum47TLX0_00043,20,62,8,8,100,span100,False,0.8084002733230591,timesformer,diving48
TMJ1XIZBRW4_00033,20,49,8,8,100,span100,True,0.7639473080635071,timesformer,diving48
CVAfPfVFulQ_00039,20,183,8,8,100,span100,True,0.5489351749420166,timesformer,diving48
CVAfPfVFulQ_00077,20,151,8,8,100,span100,True,0.9252436757087708,timesformer,diving48
sexZ6VnZ9yc_00000,20,110,8,8,100,span100,True,0.9205127954483032,timesformer,diving48
MbzIpx8kAD0_00015,20,143,8,8,100,span100,True,0.7513793706893921,timesformer,diving48
CVAfPfVFulQ_00072,20,82,8,8,100,span100,True,0.9482792615890503,timesformer,diving48
jMEYIEYkpY0_00002,20,212,8,8,100,span100,True,0.5479733347892761,timesformer,diving48
TMJ1XIZBRW4_00027,20,40,8,8,100,span100,True,0.38567790389060974,timesformer,diving48
MbzIpx8kAD0_00029,20,77,8,8,100,span100,True,0.9530606269836426,timesformer,diving48
mGRum47TLX0_00035,20,116,8,8,100,span100,False,0.5027711391448975,timesformer,diving48
CVAfPfVFulQ_00031,20,69,8,8,100,span100,True,0.985767662525177,timesformer,diving48
jMEYIEYkpY0_00004,20,94,8,8,100,span100,True,0.5779784917831421,timesformer,diving48
CVAfPfVFulQ_00033,20,140,8,8,100,span100,True,0.7259878516197205,timesformer,diving48
MbzIpx8kAD0_00040,20,64,8,8,100,span100,False,0.49464064836502075,timesformer,diving48
rRw7peH60Yw_00008,21,56,8,8,100,span100,True,0.8941226601600647,timesformer,diving48
jMEYIEYkpY0_00022,21,107,8,8,100,span100,False,0.550531268119812,timesformer,diving48
8qRmKunCjtY_00014,21,190,8,8,100,span100,False,0.42804619669914246,timesformer,diving48
SbzcCzXjYSU_00062,21,92,8,8,100,span100,True,0.8989849090576172,timesformer,diving48
yHo2oERGo7A_00041,21,72,8,8,100,span100,True,0.32097819447517395,timesformer,diving48
zmacW6f2Tdk_00031,21,129,8,8,100,span100,False,0.9245280027389526,timesformer,diving48
jMEYIEYkpY0_00023,21,126,8,8,100,span100,False,0.5284547805786133,timesformer,diving48
zmacW6f2Tdk_00000,21,133,8,8,100,span100,True,0.8640060424804688,timesformer,diving48
zmacW6f2Tdk_00020,21,95,8,8,100,span100,False,0.6581436395645142,timesformer,diving48
yHo2oERGo7A_00020,21,161,8,8,100,span100,False,0.24374568462371826,timesformer,diving48
XfCaMLlyj9I_00058,21,208,8,8,100,span100,False,0.9398442506790161,timesformer,diving48
yHo2oERGo7A_00042,21,211,8,8,100,span100,True,0.9279018044471741,timesformer,diving48
zmacW6f2Tdk_00032,21,206,8,8,100,span100,False,0.478320837020874,timesformer,diving48
cs8g1es4vfM_00038,21,124,8,8,100,span100,False,0.727856457233429,timesformer,diving48
cs8g1es4vfM_00053,21,95,8,8,100,span100,True,0.6169156432151794,timesformer,diving48
jMEYIEYkpY0_00020,21,83,8,8,100,span100,False,0.74106764793396,timesformer,diving48
cs8g1es4vfM_00039,21,152,8,8,100,span100,False,0.5943302512168884,timesformer,diving48
yHo2oERGo7A_00097,21,233,8,8,100,span100,True,0.23509220778942108,timesformer,diving48
8qRmKunCjtY_00009,21,98,8,8,100,span100,True,0.7397245168685913,timesformer,diving48
jMEYIEYkpY0_00021,21,80,8,8,100,span100,False,0.35613900423049927,timesformer,diving48
XfCaMLlyj9I_00145,22,139,8,8,100,span100,False,0.9692688584327698,timesformer,diving48
k71Cc-Sm-Mg_00109,22,66,8,8,100,span100,True,0.7360314130783081,timesformer,diving48
XfCaMLlyj9I_00067,22,79,8,8,100,span100,False,0.5861184597015381,timesformer,diving48
k71Cc-Sm-Mg_00079,22,64,8,8,100,span100,False,0.8626689314842224,timesformer,diving48
XfCaMLlyj9I_00154,22,54,8,8,100,span100,True,0.5345442891120911,timesformer,diving48
k71Cc-Sm-Mg_00147,22,123,8,8,100,span100,False,0.14282944798469543,timesformer,diving48
k71Cc-Sm-Mg_00066,22,82,8,8,100,span100,False,0.7769301533699036,timesformer,diving48
k71Cc-Sm-Mg_00111,22,80,8,8,100,span100,False,0.6691482067108154,timesformer,diving48
XfCaMLlyj9I_00143,22,83,8,8,100,span100,False,0.8381263613700867,timesformer,diving48
k71Cc-Sm-Mg_00068,22,122,8,8,100,span100,False,0.9460165500640869,timesformer,diving48
XfCaMLlyj9I_00165,22,77,8,8,100,span100,False,0.24832652509212494,timesformer,diving48
k71Cc-Sm-Mg_00146,22,66,8,8,100,span100,True,0.5424087643623352,timesformer,diving48
k71Cc-Sm-Mg_00075,22,53,8,8,100,span100,False,0.868996262550354,timesformer,diving48
k71Cc-Sm-Mg_00077,22,75,8,8,100,span100,False,0.8922193646430969,timesformer,diving48
XfCaMLlyj9I_00161,22,91,8,8,100,span100,False,0.6091930866241455,timesformer,diving48
XfCaMLlyj9I_00144,22,120,8,8,100,span100,False,0.4924393594264984,timesformer,diving48
k71Cc-Sm-Mg_00074,22,166,8,8,100,span100,False,0.6443396210670471,timesformer,diving48
k71Cc-Sm-Mg_00072,22,74,8,8,100,span100,False,0.9860649108886719,timesformer,diving48
k71Cc-Sm-Mg_00081,22,98,8,8,100,span100,True,0.8641495108604431,timesformer,diving48
rRw7peH60Yw_00025,22,148,8,8,10,span10,False,0.6320814490318298,timesformer,diving48
zBXtMcI41z8_00064,23,92,8,8,10,span10,False,0.33715716004371643,timesformer,diving48
XfCaMLlyj9I_00121,23,104,8,8,10,span10,False,0.22898027300834656,timesformer,diving48
XfCaMLlyj9I_00120,23,72,7,8,10,span10,False,0.3935822546482086,timesformer,diving48
XfCaMLlyj9I_00122,23,49,5,8,10,span10,False,0.4622896909713745,timesformer,diving48
zBXtMcI41z8_00066,23,84,8,8,10,span10,False,0.482439786195755,timesformer,diving48
zBXtMcI41z8_00063,23,57,6,8,10,span10,False,0.652622401714325,timesformer,diving48
XfCaMLlyj9I_00119,23,76,8,8,10,span10,False,0.5818796753883362,timesformer,diving48
L_SB1PRgDTE_00033,24,176,8,8,10,span10,True,0.28953418135643005,timesformer,diving48
CVAfPfVFulQ_00054,24,51,5,8,10,span10,False,0.6243001222610474,timesformer,diving48
mGRum47TLX0_00054,24,164,8,8,10,span10,False,0.21091420948505402,timesformer,diving48
Le6xdQ2OO8w_00219,24,157,8,8,10,span10,False,0.8278254866600037,timesformer,diving48
cs8g1es4vfM_00021,24,155,8,8,10,span10,False,0.7080148458480835,timesformer,diving48
yHo2oERGo7A_00083,24,71,7,8,10,span10,False,0.18215829133987427,timesformer,diving48
cs8g1es4vfM_00015,24,97,8,8,10,span10,False,0.9339997172355652,timesformer,diving48
mGRum47TLX0_00052,24,77,8,8,10,span10,False,0.940453052520752,timesformer,diving48
Le6xdQ2OO8w_00259,24,106,8,8,10,span10,True,0.47733211517333984,timesformer,diving48
MbzIpx8kAD0_00050,24,81,8,8,10,span10,False,0.8962613344192505,timesformer,diving48
CVAfPfVFulQ_00055,24,101,8,8,10,span10,False,0.7681172490119934,timesformer,diving48
yHo2oERGo7A_00035,24,143,8,8,10,span10,False,0.2212567925453186,timesformer,diving48
yHo2oERGo7A_00082,24,139,8,8,10,span10,False,0.5888316631317139,timesformer,diving48
cs8g1es4vfM_00018,24,120,8,8,10,span10,False,0.5181798338890076,timesformer,diving48
yHo2oERGo7A_00081,24,36,4,8,10,span10,False,0.2285526990890503,timesformer,diving48
SbzcCzXjYSU_00002,24,46,5,8,10,span10,False,0.8058832287788391,timesformer,diving48
TMJ1XIZBRW4_00032,24,100,8,8,10,span10,True,0.6366579532623291,timesformer,diving48
yHo2oERGo7A_00075,24,94,8,8,10,span10,False,0.8647087812423706,timesformer,diving48
roFeEJPgJD8_00027,24,113,8,8,10,span10,True,0.9242691993713379,timesformer,diving48
ovWCmIMMkRI_00041,24,124,8,8,10,span10,False,0.6549639105796814,timesformer,diving48
Le6xdQ2OO8w_00263,25,54,5,8,10,span10,False,0.3994944393634796,timesformer,diving48
L_SB1PRgDTE_00038,25,111,8,8,10,span10,False,0.5337733626365662,timesformer,diving48
bSsVWVfYU4w_00159,25,104,8,8,10,span10,False,0.2950133979320526,timesformer,diving48
Le6xdQ2OO8w_00198,25,128,8,8,10,span10,False,0.6922842860221863,timesformer,diving48
bl0C6d9QgIg_00027,25,91,8,8,10,span10,True,0.502554714679718,timesformer,diving48
Le6xdQ2OO8w_00250,25,127,8,8,10,span10,False,0.7953829169273376,timesformer,diving48
TMJ1XIZBRW4_00053,25,67,7,8,10,span10,False,0.4893620014190674,timesformer,diving48
L2tKML4URG8_00001,25,137,8,8,10,span10,False,0.8276561498641968,timesformer,diving48
MbzIpx8kAD0_00047,25,78,8,8,10,span10,False,0.4652126133441925,timesformer,diving48
Le6xdQ2OO8w_00190,25,160,8,8,10,span10,False,0.6025729775428772,timesformer,diving48
L2tKML4URG8_00000,25,63,6,8,10,span10,False,0.8634564280509949,timesformer,diving48
Le6xdQ2OO8w_00197,25,108,8,8,10,span10,False,0.7398523092269897,timesformer,diving48
Le6xdQ2OO8w_00189,25,141,8,8,10,span10,False,0.5028891563415527,timesformer,diving48
bl0C6d9QgIg_00028,25,155,8,8,10,span10,False,0.23393766582012177,timesformer,diving48
L2tKML4URG8_00002,25,78,8,8,10,span10,False,0.7207298278808594,timesformer,diving48
L2tKML4URG8_00003,25,99,8,8,10,span10,False,0.3547590374946594,timesformer,diving48
k71Cc-Sm-Mg_00178,26,113,8,8,10,span10,False,0.3063313961029053,timesformer,diving48
k71Cc-Sm-Mg_00045,26,115,8,8,10,span10,False,0.5309678912162781,timesformer,diving48
sFO6XlfgxNQ_00091,26,114,8,8,10,span10,True,0.9394668936729431,timesformer,diving48
8qRmKunCjtY_00013,26,187,8,8,10,span10,False,0.5517880320549011,timesformer,diving48
XfCaMLlyj9I_00099,26,81,8,8,10,span10,False,0.4720715880393982,timesformer,diving48
SbzcCzXjYSU_00019,26,130,8,8,10,span10,False,0.320098876953125,timesformer,diving48
k71Cc-Sm-Mg_00044,26,149,8,8,10,span10,False,0.9280923008918762,timesformer,diving48
XfCaMLlyj9I_00087,26,64,6,8,10,span10,False,0.3408493995666504,timesformer,diving48
XfCaMLlyj9I_00097,26,194,8,8,10,span10,True,0.824554443359375,timesformer,diving48
SbzcCzXjYSU_00059,26,152,8,8,10,span10,False,0.3098428249359131,timesformer,diving48
roFeEJPgJD8_00008,26,196,8,8,10,span10,False,0.36207616329193115,timesformer,diving48
k71Cc-Sm-Mg_00177,26,147,8,8,10,span10,False,0.5638819336891174,timesformer,diving48
XfCaMLlyj9I_00100,26,82,8,8,10,span10,False,0.5257692933082581,timesformer,diving48
sFO6XlfgxNQ_00113,26,109,8,8,10,span10,True,0.4019789397716522,timesformer,diving48
k71Cc-Sm-Mg_00046,26,113,8,8,10,span10,True,0.825032114982605,timesformer,diving48
XfCaMLlyj9I_00089,26,123,8,8,10,span10,True,0.8707774877548218,timesformer,diving48
k71Cc-Sm-Mg_00174,26,110,8,8,10,span10,False,0.7455110549926758,timesformer,diving48
sFO6XlfgxNQ_00075,26,93,8,8,10,span10,False,0.4323008954524994,timesformer,diving48
XfCaMLlyj9I_00101,26,158,8,8,10,span10,False,0.19167962670326233,timesformer,diving48
rRw7peH60Yw_00011,26,95,8,8,10,span10,True,0.9933018684387207,timesformer,diving48
ovWCmIMMkRI_00065,27,102,8,8,10,span10,True,0.8150533437728882,timesformer,diving48
ovWCmIMMkRI_00045,27,81,8,8,10,span10,False,0.6481133103370667,timesformer,diving48
jMEYIEYkpY0_00007,27,65,6,8,10,span10,True,0.34713244438171387,timesformer,diving48
zmacW6f2Tdk_00060,27,75,8,8,10,span10,False,0.7764655351638794,timesformer,diving48
roFeEJPgJD8_00007,27,137,8,8,10,span10,True,0.8459799885749817,timesformer,diving48
zmacW6f2Tdk_00005,27,225,8,8,10,span10,False,0.13723289966583252,timesformer,diving48
yHo2oERGo7A_00025,27,128,8,8,10,span10,False,0.2902485430240631,timesformer,diving48
qD3IMtAanSg_00038,27,130,8,8,10,span10,False,0.9452735781669617,timesformer,diving48
yHo2oERGo7A_00052,27,113,8,8,10,span10,False,0.5825905799865723,timesformer,diving48
bSsVWVfYU4w_00128,27,123,8,8,10,span10,True,0.34504732489585876,timesformer,diving48
bSsVWVfYU4w_00103,27,133,8,8,10,span10,False,0.6243062019348145,timesformer,diving48
jMEYIEYkpY0_00042,27,116,8,8,10,span10,False,0.7423332929611206,timesformer,diving48
jMEYIEYkpY0_00008,27,114,8,8,10,span10,False,0.8229417204856873,timesformer,diving48
ovWCmIMMkRI_00046,27,77,8,8,10,span10,False,0.6465796828269958,timesformer,diving48
yHo2oERGo7A_00027,27,214,8,8,10,span10,False,0.37860941886901855,timesformer,diving48
bSsVWVfYU4w_00129,27,112,8,8,10,span10,False,0.6008990406990051,timesformer,diving48
yHo2oERGo7A_00028,27,260,8,8,10,span10,False,0.366547167301178,timesformer,diving48
ovWCmIMMkRI_00063,27,93,8,8,10,span10,False,0.38291600346565247,timesformer,diving48
jMEYIEYkpY0_00077,27,97,8,8,10,span10,False,0.34960630536079407,timesformer,diving48
jMEYIEYkpY0_00060,27,115,8,8,10,span10,False,0.5407459139823914,timesformer,diving48
zBXtMcI41z8_00112,28,73,7,8,10,span10,False,0.5638911128044128,timesformer,diving48
qD3IMtAanSg_00051,28,224,8,8,10,span10,False,0.4523819088935852,timesformer,diving48
qD3IMtAanSg_00134,28,163,8,8,10,span10,True,0.6958448886871338,timesformer,diving48
XfCaMLlyj9I_00150,28,73,7,8,10,span10,False,0.1626558154821396,timesformer,diving48
XfCaMLlyj9I_00132,28,91,8,8,10,span10,True,0.4985603988170624,timesformer,diving48
qD3IMtAanSg_00057,28,194,8,8,10,span10,False,0.589451014995575,timesformer,diving48
qD3IMtAanSg_00081,28,95,8,8,10,span10,False,0.870978832244873,timesformer,diving48
XfCaMLlyj9I_00148,28,73,7,8,10,span10,True,0.502712607383728,timesformer,diving48
k71Cc-Sm-Mg_00107,28,124,8,8,10,span10,False,0.5649030208587646,timesformer,diving48
qD3IMtAanSg_00024,28,114,8,8,10,span10,False,0.8952635526657104,timesformer,diving48
k71Cc-Sm-Mg_00114,28,124,8,8,10,span10,False,0.7140598297119141,timesformer,diving48
qD3IMtAanSg_00036,28,101,8,8,10,span10,True,0.4213765263557434,timesformer,diving48
k71Cc-Sm-Mg_00112,28,192,8,8,10,span10,False,0.24818813800811768,timesformer,diving48
XfCaMLlyj9I_00133,28,153,8,8,10,span10,False,0.39085251092910767,timesformer,diving48
XfCaMLlyj9I_00134,28,73,7,8,10,span10,False,0.8995558023452759,timesformer,diving48
zBXtMcI41z8_00047,28,55,6,8,10,span10,True,0.5911458730697632,timesformer,diving48
qD3IMtAanSg_00080,28,179,8,8,10,span10,True,0.7150661945343018,timesformer,diving48
zBXtMcI41z8_00029,28,45,4,8,10,span10,False,0.7689020037651062,timesformer,diving48
qD3IMtAanSg_00089,28,177,8,8,10,span10,False,0.5871958136558533,timesformer,diving48
qD3IMtAanSg_00052,28,108,8,8,10,span10,True,0.758044958114624,timesformer,diving48
sexZ6VnZ9yc_00005,29,147,8,8,10,span10,True,0.8238081932067871,timesformer,diving48
MbzIpx8kAD0_00008,29,80,8,8,10,span10,False,0.5633614659309387,timesformer,diving48
bSsVWVfYU4w_00013,29,109,8,8,10,span10,False,0.44454118609428406,timesformer,diving48
MbzIpx8kAD0_00001,29,59,6,8,10,span10,False,0.7454380989074707,timesformer,diving48
sFO6XlfgxNQ_00017,29,159,8,8,10,span10,False,0.324422687292099,timesformer,diving48
sexZ6VnZ9yc_00004,29,180,8,8,10,span10,False,0.3023029863834381,timesformer,diving48
bSsVWVfYU4w_00022,29,70,7,8,10,span10,False,0.48603278398513794,timesformer,diving48
bSsVWVfYU4w_00017,29,159,8,8,10,span10,False,0.3375890851020813,timesformer,diving48
mGRum47TLX0_00007,29,204,8,8,10,span10,False,0.12884829938411713,timesformer,diving48
bSsVWVfYU4w_00016,29,143,8,8,10,span10,False,0.12589521706104279,timesformer,diving48
CVAfPfVFulQ_00005,29,76,8,8,10,span10,True,0.9506863355636597,timesformer,diving48
bSsVWVfYU4w_00012,29,128,8,8,10,span10,False,0.7868173718452454,timesformer,diving48
sFO6XlfgxNQ_00018,29,116,8,8,10,span10,False,0.3749380111694336,timesformer,diving48
bSsVWVfYU4w_00023,29,114,8,8,10,span10,False,0.4408303201198578,timesformer,diving48
mGRum47TLX0_00006,29,114,8,8,10,span10,False,0.32798075675964355,timesformer,diving48
mGRum47TLX0_00004,29,98,8,8,10,span10,False,0.13829220831394196,timesformer,diving48
bSsVWVfYU4w_00009,29,128,8,8,10,span10,False,0.36057960987091064,timesformer,diving48
sFO6XlfgxNQ_00016,29,69,7,8,10,span10,False,0.5754120945930481,timesformer,diving48
mGRum47TLX0_00010,29,130,8,8,10,span10,False,0.3370071351528168,timesformer,diving48
bSsVWVfYU4w_00008,29,110,8,8,10,span10,False,0.43418383598327637,timesformer,diving48
Le6xdQ2OO8w_00111,31,115,8,8,10,span10,False,0.8228188157081604,timesformer,diving48
Le6xdQ2OO8w_00137,31,216,8,8,10,span10,False,0.3836381733417511,timesformer,diving48
Le6xdQ2OO8w_00025,31,74,7,8,10,span10,True,0.8784723281860352,timesformer,diving48
Le6xdQ2OO8w_00021,31,236,8,8,10,span10,False,0.26367709040641785,timesformer,diving48
rRw7peH60Yw_00025,22,148,8,8,25,span25,False,0.9001580476760864,timesformer,diving48
zBXtMcI41z8_00064,23,92,8,8,25,span25,False,0.16671761870384216,timesformer,diving48
XfCaMLlyj9I_00121,23,104,8,8,25,span25,False,0.16498781740665436,timesformer,diving48
XfCaMLlyj9I_00120,23,72,8,8,25,span25,False,0.8674741983413696,timesformer,diving48
XfCaMLlyj9I_00122,23,49,8,8,25,span25,False,0.8324698209762573,timesformer,diving48
zBXtMcI41z8_00066,23,84,8,8,25,span25,False,0.3837414085865021,timesformer,diving48
zBXtMcI41z8_00063,23,57,8,8,25,span25,False,0.8143553137779236,timesformer,diving48
XfCaMLlyj9I_00119,23,76,8,8,25,span25,False,0.5432036519050598,timesformer,diving48
L_SB1PRgDTE_00033,24,176,8,8,25,span25,True,0.14709407091140747,timesformer,diving48
CVAfPfVFulQ_00054,24,51,8,8,25,span25,False,0.38052982091903687,timesformer,diving48
mGRum47TLX0_00054,24,164,8,8,25,span25,False,0.23074956238269806,timesformer,diving48
Le6xdQ2OO8w_00219,24,157,8,8,25,span25,True,0.8635748624801636,timesformer,diving48
cs8g1es4vfM_00021,24,155,8,8,25,span25,False,0.6687269806861877,timesformer,diving48
yHo2oERGo7A_00083,24,71,8,8,25,span25,False,0.2955063581466675,timesformer,diving48
cs8g1es4vfM_00015,24,97,8,8,25,span25,False,0.8617439866065979,timesformer,diving48
mGRum47TLX0_00052,24,77,8,8,25,span25,False,0.9889945387840271,timesformer,diving48
Le6xdQ2OO8w_00259,24,106,8,8,25,span25,False,0.5854485034942627,timesformer,diving48
MbzIpx8kAD0_00050,24,81,8,8,25,span25,False,0.8719427585601807,timesformer,diving48
CVAfPfVFulQ_00055,24,101,8,8,25,span25,True,0.4691208600997925,timesformer,diving48
yHo2oERGo7A_00035,24,143,8,8,25,span25,False,0.9088864922523499,timesformer,diving48
yHo2oERGo7A_00082,24,139,8,8,25,span25,False,0.8691427707672119,timesformer,diving48
cs8g1es4vfM_00018,24,120,8,8,25,span25,False,0.6008920669555664,timesformer,diving48
yHo2oERGo7A_00081,24,36,8,8,25,span25,False,0.3960118293762207,timesformer,diving48
SbzcCzXjYSU_00002,24,46,8,8,25,span25,True,0.9396139979362488,timesformer,diving48
TMJ1XIZBRW4_00032,24,100,8,8,25,span25,False,0.9751635193824768,timesformer,diving48
yHo2oERGo7A_00075,24,94,8,8,25,span25,False,0.6526190042495728,timesformer,diving48
roFeEJPgJD8_00027,24,113,8,8,25,span25,True,0.9625529050827026,timesformer,diving48
ovWCmIMMkRI_00041,24,124,8,8,25,span25,False,0.9889006614685059,timesformer,diving48
Le6xdQ2OO8w_00263,25,54,8,8,25,span25,False,0.34357449412345886,timesformer,diving48
L_SB1PRgDTE_00038,25,111,8,8,25,span25,False,0.3975645899772644,timesformer,diving48
bSsVWVfYU4w_00159,25,104,8,8,25,span25,False,0.17776355147361755,timesformer,diving48
Le6xdQ2OO8w_00198,25,128,8,8,25,span25,False,0.2521713674068451,timesformer,diving48
bl0C6d9QgIg_00027,25,91,8,8,25,span25,False,0.6517063975334167,timesformer,diving48
Le6xdQ2OO8w_00250,25,127,8,8,25,span25,False,0.8493638038635254,timesformer,diving48
TMJ1XIZBRW4_00053,25,67,8,8,25,span25,False,0.4716591536998749,timesformer,diving48
L2tKML4URG8_00001,25,137,8,8,25,span25,False,0.4683736264705658,timesformer,diving48
MbzIpx8kAD0_00047,25,78,8,8,25,span25,False,0.7853464484214783,timesformer,diving48
Le6xdQ2OO8w_00190,25,160,8,8,25,span25,False,0.6577650904655457,timesformer,diving48
L2tKML4URG8_00000,25,63,8,8,25,span25,True,0.21364037692546844,timesformer,diving48
Le6xdQ2OO8w_00197,25,108,8,8,25,span25,False,0.9642796516418457,timesformer,diving48
Le6xdQ2OO8w_00189,25,141,8,8,25,span25,False,0.8520155549049377,timesformer,diving48
bl0C6d9QgIg_00028,25,155,8,8,25,span25,False,0.45163533091545105,timesformer,diving48
L2tKML4URG8_00002,25,78,8,8,25,span25,False,0.40166783332824707,timesformer,diving48
L2tKML4URG8_00003,25,99,8,8,25,span25,False,0.8330041766166687,timesformer,diving48
k71Cc-Sm-Mg_00178,26,113,8,8,25,span25,False,0.5229175686836243,timesformer,diving48
k71Cc-Sm-Mg_00045,26,115,8,8,25,span25,False,0.6737239956855774,timesformer,diving48
sFO6XlfgxNQ_00091,26,114,8,8,25,span25,True,0.8719074726104736,timesformer,diving48
8qRmKunCjtY_00013,26,187,8,8,25,span25,False,0.35426846146583557,timesformer,diving48
XfCaMLlyj9I_00099,26,81,8,8,25,span25,True,0.5898045301437378,timesformer,diving48
SbzcCzXjYSU_00019,26,130,8,8,25,span25,True,0.9395826458930969,timesformer,diving48
k71Cc-Sm-Mg_00044,26,149,8,8,25,span25,False,0.512877881526947,timesformer,diving48
XfCaMLlyj9I_00087,26,64,8,8,25,span25,True,0.5337434411048889,timesformer,diving48
XfCaMLlyj9I_00097,26,194,8,8,25,span25,True,0.9578242897987366,timesformer,diving48
SbzcCzXjYSU_00059,26,152,8,8,25,span25,True,0.8201913833618164,timesformer,diving48
roFeEJPgJD8_00008,26,196,8,8,25,span25,False,0.5090433955192566,timesformer,diving48
k71Cc-Sm-Mg_00177,26,147,8,8,25,span25,False,0.5711540579795837,timesformer,diving48
XfCaMLlyj9I_00100,26,82,8,8,25,span25,False,0.48282870650291443,timesformer,diving48
sFO6XlfgxNQ_00113,26,109,8,8,25,span25,False,0.6527285575866699,timesformer,diving48
k71Cc-Sm-Mg_00046,26,113,8,8,25,span25,True,0.9896631836891174,timesformer,diving48
XfCaMLlyj9I_00089,26,123,8,8,25,span25,True,0.9649029970169067,timesformer,diving48
k71Cc-Sm-Mg_00174,26,110,8,8,25,span25,False,0.5521059036254883,timesformer,diving48
sFO6XlfgxNQ_00075,26,93,8,8,25,span25,False,0.7638880610466003,timesformer,diving48
XfCaMLlyj9I_00101,26,158,8,8,25,span25,True,0.826046347618103,timesformer,diving48
rRw7peH60Yw_00011,26,95,8,8,25,span25,True,0.9960667490959167,timesformer,diving48
ovWCmIMMkRI_00065,27,102,8,8,25,span25,True,0.3419937193393707,timesformer,diving48
ovWCmIMMkRI_00045,27,81,8,8,25,span25,True,0.3356547951698303,timesformer,diving48
jMEYIEYkpY0_00007,27,65,8,8,25,span25,False,0.3558172881603241,timesformer,diving48
zmacW6f2Tdk_00060,27,75,8,8,25,span25,False,0.6382859349250793,timesformer,diving48
roFeEJPgJD8_00007,27,137,8,8,25,span25,True,0.5850750803947449,timesformer,diving48
zmacW6f2Tdk_00005,27,225,8,8,25,span25,False,0.23775632679462433,timesformer,diving48
yHo2oERGo7A_00025,27,128,8,8,25,span25,False,0.5020763874053955,timesformer,diving48
qD3IMtAanSg_00038,27,130,8,8,25,span25,False,0.8228063583374023,timesformer,diving48
yHo2oERGo7A_00052,27,113,8,8,25,span25,False,0.31588077545166016,timesformer,diving48
bSsVWVfYU4w_00128,27,123,8,8,25,span25,True,0.5545201897621155,timesformer,diving48
bSsVWVfYU4w_00103,27,133,8,8,25,span25,False,0.46236780285835266,timesformer,diving48
jMEYIEYkpY0_00042,27,116,8,8,25,span25,False,0.8000714778900146,timesformer,diving48
jMEYIEYkpY0_00008,27,114,8,8,25,span25,True,0.7179636359214783,timesformer,diving48
ovWCmIMMkRI_00046,27,77,8,8,25,span25,False,0.5798643231391907,timesformer,diving48
yHo2oERGo7A_00027,27,214,8,8,25,span25,False,0.384112685918808,timesformer,diving48
bSsVWVfYU4w_00129,27,112,8,8,25,span25,False,0.4759584069252014,timesformer,diving48
yHo2oERGo7A_00028,27,260,8,8,25,span25,False,0.30794525146484375,timesformer,diving48
ovWCmIMMkRI_00063,27,93,8,8,25,span25,False,0.3784886598587036,timesformer,diving48
jMEYIEYkpY0_00077,27,97,8,8,25,span25,True,0.6922236084938049,timesformer,diving48
jMEYIEYkpY0_00060,27,115,8,8,25,span25,True,0.4448547959327698,timesformer,diving48
zBXtMcI41z8_00112,28,73,8,8,25,span25,True,0.5386919975280762,timesformer,diving48
qD3IMtAanSg_00051,28,224,8,8,25,span25,True,0.40527334809303284,timesformer,diving48
qD3IMtAanSg_00134,28,163,8,8,25,span25,True,0.6501650214195251,timesformer,diving48
XfCaMLlyj9I_00150,28,73,8,8,25,span25,False,0.31026196479797363,timesformer,diving48
XfCaMLlyj9I_00132,28,91,8,8,25,span25,True,0.5853249430656433,timesformer,diving48
qD3IMtAanSg_00057,28,194,8,8,25,span25,True,0.6063241958618164,timesformer,diving48
qD3IMtAanSg_00081,28,95,8,8,25,span25,True,0.49087458848953247,timesformer,diving48
XfCaMLlyj9I_00148,28,73,8,8,25,span25,True,0.6120210289955139,timesformer,diving48
k71Cc-Sm-Mg_00107,28,124,8,8,25,span25,True,0.3690243363380432,timesformer,diving48
qD3IMtAanSg_00024,28,114,8,8,25,span25,True,0.37626224756240845,timesformer,diving48
k71Cc-Sm-Mg_00114,28,124,8,8,25,span25,False,0.8350784778594971,timesformer,diving48
qD3IMtAanSg_00036,28,101,8,8,25,span25,False,0.8499434590339661,timesformer,diving48
k71Cc-Sm-Mg_00112,28,192,8,8,25,span25,False,0.12055851519107819,timesformer,diving48
XfCaMLlyj9I_00133,28,153,8,8,25,span25,False,0.40889617800712585,timesformer,diving48
XfCaMLlyj9I_00134,28,73,8,8,25,span25,False,0.6062142848968506,timesformer,diving48
zBXtMcI41z8_00047,28,55,8,8,25,span25,True,0.6870934367179871,timesformer,diving48
qD3IMtAanSg_00080,28,179,8,8,25,span25,True,0.6635033488273621,timesformer,diving48
zBXtMcI41z8_00029,28,45,8,8,25,span25,True,0.33454766869544983,timesformer,diving48
qD3IMtAanSg_00089,28,177,8,8,25,span25,False,0.5027852058410645,timesformer,diving48
qD3IMtAanSg_00052,28,108,8,8,25,span25,True,0.6991787552833557,timesformer,diving48
sexZ6VnZ9yc_00005,29,147,8,8,25,span25,True,0.825247049331665,timesformer,diving48
MbzIpx8kAD0_00008,29,80,8,8,25,span25,False,0.5947586297988892,timesformer,diving48
bSsVWVfYU4w_00013,29,109,8,8,25,span25,False,0.7292117476463318,timesformer,diving48
MbzIpx8kAD0_00001,29,59,8,8,25,span25,False,0.8228479027748108,timesformer,diving48
sFO6XlfgxNQ_00017,29,159,8,8,25,span25,False,0.29274460673332214,timesformer,diving48
sexZ6VnZ9yc_00004,29,180,8,8,25,span25,False,0.2899401783943176,timesformer,diving48
bSsVWVfYU4w_00022,29,70,8,8,25,span25,False,0.451262891292572,timesformer,diving48
bSsVWVfYU4w_00017,29,159,8,8,25,span25,True,0.9542321562767029,timesformer,diving48
mGRum47TLX0_00007,29,204,8,8,25,span25,False,0.12383263558149338,timesformer,diving48
bSsVWVfYU4w_00016,29,143,8,8,25,span25,False,0.781989574432373,timesformer,diving48
CVAfPfVFulQ_00005,29,76,8,8,25,span25,True,0.8236579895019531,timesformer,diving48
bSsVWVfYU4w_00012,29,128,8,8,25,span25,False,0.3580761253833771,timesformer,diving48
sFO6XlfgxNQ_00018,29,116,8,8,25,span25,True,0.9480255842208862,timesformer,diving48
bSsVWVfYU4w_00023,29,114,8,8,25,span25,True,0.6016288995742798,timesformer,diving48
mGRum47TLX0_00006,29,114,8,8,25,span25,False,0.2660042941570282,timesformer,diving48
mGRum47TLX0_00004,29,98,8,8,25,span25,False,0.36203715205192566,timesformer,diving48
bSsVWVfYU4w_00009,29,128,8,8,25,span25,False,0.7170109748840332,timesformer,diving48
sFO6XlfgxNQ_00016,29,69,8,8,25,span25,False,0.5919235348701477,timesformer,diving48
mGRum47TLX0_00010,29,130,8,8,25,span25,False,0.3763948380947113,timesformer,diving48
bSsVWVfYU4w_00008,29,110,8,8,25,span25,False,0.3855014145374298,timesformer,diving48
Le6xdQ2OO8w_00111,31,115,8,8,25,span25,False,0.613563597202301,timesformer,diving48
Le6xdQ2OO8w_00137,31,216,8,8,25,span25,False,0.35318467020988464,timesformer,diving48
Le6xdQ2OO8w_00025,31,74,8,8,25,span25,True,0.7141478061676025,timesformer,diving48
Le6xdQ2OO8w_00021,31,236,8,8,25,span25,False,0.1692860722541809,timesformer,diving48
rRw7peH60Yw_00025,22,148,8,8,50,span50,False,0.7557030320167542,timesformer,diving48
zBXtMcI41z8_00064,23,92,8,8,50,span50,False,0.3509145975112915,timesformer,diving48
XfCaMLlyj9I_00121,23,104,8,8,50,span50,False,0.5658875107765198,timesformer,diving48
XfCaMLlyj9I_00120,23,72,8,8,50,span50,False,0.3667590320110321,timesformer,diving48
XfCaMLlyj9I_00122,23,49,8,8,50,span50,False,0.29835399985313416,timesformer,diving48
zBXtMcI41z8_00066,23,84,8,8,50,span50,False,0.47038790583610535,timesformer,diving48
zBXtMcI41z8_00063,23,57,8,8,50,span50,False,0.3622909188270569,timesformer,diving48
XfCaMLlyj9I_00119,23,76,8,8,50,span50,False,0.4981185793876648,timesformer,diving48
L_SB1PRgDTE_00033,24,176,8,8,50,span50,False,0.7511255741119385,timesformer,diving48
CVAfPfVFulQ_00054,24,51,8,8,50,span50,True,0.6766163110733032,timesformer,diving48
mGRum47TLX0_00054,24,164,8,8,50,span50,True,0.4552247226238251,timesformer,diving48
Le6xdQ2OO8w_00219,24,157,8,8,50,span50,True,0.8819698095321655,timesformer,diving48
cs8g1es4vfM_00021,24,155,8,8,50,span50,False,0.5927590131759644,timesformer,diving48
yHo2oERGo7A_00083,24,71,8,8,50,span50,False,0.1876765936613083,timesformer,diving48
cs8g1es4vfM_00015,24,97,8,8,50,span50,False,0.9351807832717896,timesformer,diving48
mGRum47TLX0_00052,24,77,8,8,50,span50,True,0.7516223788261414,timesformer,diving48
Le6xdQ2OO8w_00259,24,106,8,8,50,span50,True,0.6670891046524048,timesformer,diving48
MbzIpx8kAD0_00050,24,81,8,8,50,span50,True,0.9034977555274963,timesformer,diving48
CVAfPfVFulQ_00055,24,101,8,8,50,span50,True,0.9345450401306152,timesformer,diving48
yHo2oERGo7A_00035,24,143,8,8,50,span50,False,0.40746554732322693,timesformer,diving48
yHo2oERGo7A_00082,24,139,8,8,50,span50,False,0.5237038731575012,timesformer,diving48
cs8g1es4vfM_00018,24,120,8,8,50,span50,False,0.9501361846923828,timesformer,diving48
yHo2oERGo7A_00081,24,36,8,8,50,span50,False,0.31698280572891235,timesformer,diving48
SbzcCzXjYSU_00002,24,46,8,8,50,span50,True,0.9681783318519592,timesformer,diving48
TMJ1XIZBRW4_00032,24,100,8,8,50,span50,True,0.9518877863883972,timesformer,diving48
yHo2oERGo7A_00075,24,94,8,8,50,span50,False,0.3179160952568054,timesformer,diving48
roFeEJPgJD8_00027,24,113,8,8,50,span50,True,0.9619258642196655,timesformer,diving48
ovWCmIMMkRI_00041,24,124,8,8,50,span50,False,0.993380069732666,timesformer,diving48
Le6xdQ2OO8w_00263,25,54,8,8,50,span50,False,0.8705980181694031,timesformer,diving48
L_SB1PRgDTE_00038,25,111,8,8,50,span50,False,0.5246655344963074,timesformer,diving48
bSsVWVfYU4w_00159,25,104,8,8,50,span50,False,0.6821135878562927,timesformer,diving48
Le6xdQ2OO8w_00198,25,128,8,8,50,span50,False,0.6265472173690796,timesformer,diving48
bl0C6d9QgIg_00027,25,91,8,8,50,span50,True,0.4679248034954071,timesformer,diving48
Le6xdQ2OO8w_00250,25,127,8,8,50,span50,False,0.8200355172157288,timesformer,diving48
TMJ1XIZBRW4_00053,25,67,8,8,50,span50,False,0.5877431631088257,timesformer,diving48
L2tKML4URG8_00001,25,137,8,8,50,span50,False,0.7012709975242615,timesformer,diving48
MbzIpx8kAD0_00047,25,78,8,8,50,span50,False,0.3936333656311035,timesformer,diving48
Le6xdQ2OO8w_00190,25,160,8,8,50,span50,False,0.6687877178192139,timesformer,diving48
L2tKML4URG8_00000,25,63,8,8,50,span50,False,0.4635531008243561,timesformer,diving48
Le6xdQ2OO8w_00197,25,108,8,8,50,span50,False,0.9406900405883789,timesformer,diving48
Le6xdQ2OO8w_00189,25,141,8,8,50,span50,True,0.35637661814689636,timesformer,diving48
bl0C6d9QgIg_00028,25,155,8,8,50,span50,False,0.45886221528053284,timesformer,diving48
L2tKML4URG8_00002,25,78,8,8,50,span50,False,0.7235937118530273,timesformer,diving48
L2tKML4URG8_00003,25,99,8,8,50,span50,False,0.895060122013092,timesformer,diving48
k71Cc-Sm-Mg_00178,26,113,8,8,50,span50,True,0.8018624782562256,timesformer,diving48
k71Cc-Sm-Mg_00045,26,115,8,8,50,span50,False,0.5536182522773743,timesformer,diving48
sFO6XlfgxNQ_00091,26,114,8,8,50,span50,True,0.8901740908622742,timesformer,diving48
8qRmKunCjtY_00013,26,187,8,8,50,span50,True,0.5230215191841125,timesformer,diving48
XfCaMLlyj9I_00099,26,81,8,8,50,span50,True,0.9480071663856506,timesformer,diving48
SbzcCzXjYSU_00019,26,130,8,8,50,span50,True,0.8345962762832642,timesformer,diving48
k71Cc-Sm-Mg_00044,26,149,8,8,50,span50,True,0.4488888084888458,timesformer,diving48
XfCaMLlyj9I_00087,26,64,8,8,50,span50,True,0.6625310182571411,timesformer,diving48
XfCaMLlyj9I_00097,26,194,8,8,50,span50,True,0.9846144318580627,timesformer,diving48
SbzcCzXjYSU_00059,26,152,8,8,50,span50,False,0.6943964958190918,timesformer,diving48
roFeEJPgJD8_00008,26,196,8,8,50,span50,False,0.3034754693508148,timesformer,diving48
k71Cc-Sm-Mg_00177,26,147,8,8,50,span50,True,0.8020967841148376,timesformer,diving48
XfCaMLlyj9I_00100,26,82,8,8,50,span50,True,0.6712974905967712,timesformer,diving48
sFO6XlfgxNQ_00113,26,109,8,8,50,span50,True,0.6679500341415405,timesformer,diving48
k71Cc-Sm-Mg_00046,26,113,8,8,50,span50,True,0.9774298667907715,timesformer,diving48
XfCaMLlyj9I_00089,26,123,8,8,50,span50,True,0.9551084041595459,timesformer,diving48
k71Cc-Sm-Mg_00174,26,110,8,8,50,span50,True,0.5208615660667419,timesformer,diving48
sFO6XlfgxNQ_00075,26,93,8,8,50,span50,True,0.6087647676467896,timesformer,diving48
XfCaMLlyj9I_00101,26,158,8,8,50,span50,True,0.8277600407600403,timesformer,diving48
rRw7peH60Yw_00011,26,95,8,8,50,span50,True,0.9950127005577087,timesformer,diving48
ovWCmIMMkRI_00065,27,102,8,8,50,span50,True,0.9431468844413757,timesformer,diving48
ovWCmIMMkRI_00045,27,81,8,8,50,span50,True,0.7508339881896973,timesformer,diving48
jMEYIEYkpY0_00007,27,65,8,8,50,span50,True,0.8173297047615051,timesformer,diving48
zmacW6f2Tdk_00060,27,75,8,8,50,span50,False,0.42967307567596436,timesformer,diving48
roFeEJPgJD8_00007,27,137,8,8,50,span50,False,0.8643579483032227,timesformer,diving48
zmacW6f2Tdk_00005,27,225,8,8,50,span50,False,0.40913480520248413,timesformer,diving48
yHo2oERGo7A_00025,27,128,8,8,50,span50,False,0.3255808651447296,timesformer,diving48
qD3IMtAanSg_00038,27,130,8,8,50,span50,False,0.8472740650177002,timesformer,diving48
yHo2oERGo7A_00052,27,113,8,8,50,span50,True,0.34108635783195496,timesformer,diving48
bSsVWVfYU4w_00128,27,123,8,8,50,span50,False,0.5528843998908997,timesformer,diving48
bSsVWVfYU4w_00103,27,133,8,8,50,span50,False,0.7852233052253723,timesformer,diving48
jMEYIEYkpY0_00042,27,116,8,8,50,span50,False,0.701269268989563,timesformer,diving48
jMEYIEYkpY0_00008,27,114,8,8,50,span50,False,0.8791611194610596,timesformer,diving48
ovWCmIMMkRI_00046,27,77,8,8,50,span50,False,0.5098738670349121,timesformer,diving48
yHo2oERGo7A_00027,27,214,8,8,50,span50,False,0.7629314064979553,timesformer,diving48
bSsVWVfYU4w_00129,27,112,8,8,50,span50,False,0.5187216401100159,timesformer,diving48
yHo2oERGo7A_00028,27,260,8,8,50,span50,False,0.6896318197250366,timesformer,diving48
ovWCmIMMkRI_00063,27,93,8,8,50,span50,False,0.3195706307888031,timesformer,diving48
jMEYIEYkpY0_00077,27,97,8,8,50,span50,True,0.5799992084503174,timesformer,diving48
jMEYIEYkpY0_00060,27,115,8,8,50,span50,True,0.894665539264679,timesformer,diving48
zBXtMcI41z8_00112,28,73,8,8,50,span50,True,0.5488802194595337,timesformer,diving48
qD3IMtAanSg_00051,28,224,8,8,50,span50,True,0.7166240811347961,timesformer,diving48
qD3IMtAanSg_00134,28,163,8,8,50,span50,True,0.8456950187683105,timesformer,diving48
XfCaMLlyj9I_00150,28,73,8,8,50,span50,True,0.20311367511749268,timesformer,diving48
XfCaMLlyj9I_00132,28,91,8,8,50,span50,True,0.9456683397293091,timesformer,diving48
qD3IMtAanSg_00057,28,194,8,8,50,span50,True,0.9419958591461182,timesformer,diving48
qD3IMtAanSg_00081,28,95,8,8,50,span50,False,0.8894810676574707,timesformer,diving48
XfCaMLlyj9I_00148,28,73,8,8,50,span50,True,0.7498976588249207,timesformer,diving48
k71Cc-Sm-Mg_00107,28,124,8,8,50,span50,True,0.6532073616981506,timesformer,diving48
qD3IMtAanSg_00024,28,114,8,8,50,span50,True,0.8695406317710876,timesformer,diving48
k71Cc-Sm-Mg_00114,28,124,8,8,50,span50,False,0.9678693413734436,timesformer,diving48
qD3IMtAanSg_00036,28,101,8,8,50,span50,False,0.7837403416633606,timesformer,diving48
k71Cc-Sm-Mg_00112,28,192,8,8,50,span50,True,0.7359609007835388,timesformer,diving48
XfCaMLlyj9I_00133,28,153,8,8,50,span50,True,0.5448004007339478,timesformer,diving48
XfCaMLlyj9I_00134,28,73,8,8,50,span50,True,0.8729655742645264,timesformer,diving48
zBXtMcI41z8_00047,28,55,8,8,50,span50,False,0.8259271383285522,timesformer,diving48
qD3IMtAanSg_00080,28,179,8,8,50,span50,True,0.8294333219528198,timesformer,diving48
zBXtMcI41z8_00029,28,45,8,8,50,span50,True,0.8820944428443909,timesformer,diving48
qD3IMtAanSg_00089,28,177,8,8,50,span50,True,0.9056763648986816,timesformer,diving48
qD3IMtAanSg_00052,28,108,8,8,50,span50,True,0.928985595703125,timesformer,diving48
sexZ6VnZ9yc_00005,29,147,8,8,50,span50,True,0.925324022769928,timesformer,diving48
MbzIpx8kAD0_00008,29,80,8,8,50,span50,True,0.6660133600234985,timesformer,diving48
bSsVWVfYU4w_00013,29,109,8,8,50,span50,True,0.6267964243888855,timesformer,diving48
MbzIpx8kAD0_00001,29,59,8,8,50,span50,False,0.4680079519748688,timesformer,diving48
sFO6XlfgxNQ_00017,29,159,8,8,50,span50,True,0.8343655467033386,timesformer,diving48
sexZ6VnZ9yc_00004,29,180,8,8,50,span50,False,0.6584901809692383,timesformer,diving48
bSsVWVfYU4w_00022,29,70,8,8,50,span50,True,0.4489923119544983,timesformer,diving48
bSsVWVfYU4w_00017,29,159,8,8,50,span50,True,0.7624366879463196,timesformer,diving48
mGRum47TLX0_00007,29,204,8,8,50,span50,False,0.6252867579460144,timesformer,diving48
bSsVWVfYU4w_00016,29,143,8,8,50,span50,False,0.9393795728683472,timesformer,diving48
CVAfPfVFulQ_00005,29,76,8,8,50,span50,True,0.8474611639976501,timesformer,diving48
bSsVWVfYU4w_00012,29,128,8,8,50,span50,False,0.31302985548973083,timesformer,diving48
sFO6XlfgxNQ_00018,29,116,8,8,50,span50,True,0.8364080190658569,timesformer,diving48
bSsVWVfYU4w_00023,29,114,8,8,50,span50,True,0.7666473984718323,timesformer,diving48
mGRum47TLX0_00006,29,114,8,8,50,span50,True,0.3748261034488678,timesformer,diving48
mGRum47TLX0_00004,29,98,8,8,50,span50,False,0.659081220626831,timesformer,diving48
bSsVWVfYU4w_00009,29,128,8,8,50,span50,False,0.37188491225242615,timesformer,diving48
sFO6XlfgxNQ_00016,29,69,8,8,50,span50,True,0.7188191413879395,timesformer,diving48
mGRum47TLX0_00010,29,130,8,8,50,span50,False,0.7710548639297485,timesformer,diving48
bSsVWVfYU4w_00008,29,110,8,8,50,span50,False,0.4353518784046173,timesformer,diving48
Le6xdQ2OO8w_00111,31,115,8,8,50,span50,True,0.4360019266605377,timesformer,diving48
Le6xdQ2OO8w_00137,31,216,8,8,50,span50,False,0.46038416028022766,timesformer,diving48
Le6xdQ2OO8w_00025,31,74,8,8,50,span50,False,0.4271954596042633,timesformer,diving48
Le6xdQ2OO8w_00021,31,236,8,8,50,span50,False,0.2819370627403259,timesformer,diving48
rRw7peH60Yw_00025,22,148,8,8,75,span75,False,0.9458788633346558,timesformer,diving48
zBXtMcI41z8_00064,23,92,8,8,75,span75,False,0.43050849437713623,timesformer,diving48
XfCaMLlyj9I_00121,23,104,8,8,75,span75,False,0.5466338396072388,timesformer,diving48
XfCaMLlyj9I_00120,23,72,8,8,75,span75,False,0.4842725694179535,timesformer,diving48
XfCaMLlyj9I_00122,23,49,8,8,75,span75,False,0.29217544198036194,timesformer,diving48
zBXtMcI41z8_00066,23,84,8,8,75,span75,False,0.37603506445884705,timesformer,diving48
zBXtMcI41z8_00063,23,57,8,8,75,span75,False,0.7282178401947021,timesformer,diving48
XfCaMLlyj9I_00119,23,76,8,8,75,span75,False,0.3045564293861389,timesformer,diving48
L_SB1PRgDTE_00033,24,176,8,8,75,span75,False,0.9682661890983582,timesformer,diving48
CVAfPfVFulQ_00054,24,51,8,8,75,span75,False,0.46292951703071594,timesformer,diving48
mGRum47TLX0_00054,24,164,8,8,75,span75,True,0.4550432562828064,timesformer,diving48
Le6xdQ2OO8w_00219,24,157,8,8,75,span75,True,0.9082658290863037,timesformer,diving48
cs8g1es4vfM_00021,24,155,8,8,75,span75,False,0.39870718121528625,timesformer,diving48
yHo2oERGo7A_00083,24,71,8,8,75,span75,True,0.3514999747276306,timesformer,diving48
cs8g1es4vfM_00015,24,97,8,8,75,span75,False,0.6959981322288513,timesformer,diving48
mGRum47TLX0_00052,24,77,8,8,75,span75,True,0.9482600688934326,timesformer,diving48
Le6xdQ2OO8w_00259,24,106,8,8,75,span75,True,0.7499129772186279,timesformer,diving48
MbzIpx8kAD0_00050,24,81,8,8,75,span75,True,0.9806933999061584,timesformer,diving48
CVAfPfVFulQ_00055,24,101,8,8,75,span75,True,0.9841452240943909,timesformer,diving48
yHo2oERGo7A_00035,24,143,8,8,75,span75,False,0.37615281343460083,timesformer,diving48
yHo2oERGo7A_00082,24,139,8,8,75,span75,False,0.9563396573066711,timesformer,diving48
cs8g1es4vfM_00018,24,120,8,8,75,span75,False,0.8277231454849243,timesformer,diving48
yHo2oERGo7A_00081,24,36,8,8,75,span75,False,0.31226521730422974,timesformer,diving48
SbzcCzXjYSU_00002,24,46,8,8,75,span75,True,0.9440954327583313,timesformer,diving48
TMJ1XIZBRW4_00032,24,100,8,8,75,span75,True,0.6823608875274658,timesformer,diving48
yHo2oERGo7A_00075,24,94,8,8,75,span75,False,0.3610627353191376,timesformer,diving48
roFeEJPgJD8_00027,24,113,8,8,75,span75,True,0.9693813920021057,timesformer,diving48
ovWCmIMMkRI_00041,24,124,8,8,75,span75,False,0.42229151725769043,timesformer,diving48
Le6xdQ2OO8w_00263,25,54,8,8,75,span75,False,0.9409574866294861,timesformer,diving48
L_SB1PRgDTE_00038,25,111,8,8,75,span75,False,0.4409077763557434,timesformer,diving48
bSsVWVfYU4w_00159,25,104,8,8,75,span75,False,0.44953200221061707,timesformer,diving48
Le6xdQ2OO8w_00198,25,128,8,8,75,span75,False,0.6571389436721802,timesformer,diving48
bl0C6d9QgIg_00027,25,91,8,8,75,span75,False,0.3570856750011444,timesformer,diving48
Le6xdQ2OO8w_00250,25,127,8,8,75,span75,False,0.33359381556510925,timesformer,diving48
TMJ1XIZBRW4_00053,25,67,8,8,75,span75,True,0.48676764965057373,timesformer,diving48
L2tKML4URG8_00001,25,137,8,8,75,span75,False,0.975904107093811,timesformer,diving48
MbzIpx8kAD0_00047,25,78,8,8,75,span75,True,0.5760176777839661,timesformer,diving48
Le6xdQ2OO8w_00190,25,160,8,8,75,span75,False,0.44227784872055054,timesformer,diving48
L2tKML4URG8_00000,25,63,8,8,75,span75,False,0.3414425253868103,timesformer,diving48
Le6xdQ2OO8w_00197,25,108,8,8,75,span75,True,0.5035334229469299,timesformer,diving48
Le6xdQ2OO8w_00189,25,141,8,8,75,span75,False,0.8123963475227356,timesformer,diving48
bl0C6d9QgIg_00028,25,155,8,8,75,span75,False,0.7427800893783569,timesformer,diving48
L2tKML4URG8_00002,25,78,8,8,75,span75,False,0.7027990221977234,timesformer,diving48
L2tKML4URG8_00003,25,99,8,8,75,span75,False,0.9417171478271484,timesformer,diving48
k71Cc-Sm-Mg_00178,26,113,8,8,75,span75,True,0.7585043907165527,timesformer,diving48
k71Cc-Sm-Mg_00045,26,115,8,8,75,span75,True,0.5001916289329529,timesformer,diving48
sFO6XlfgxNQ_00091,26,114,8,8,75,span75,True,0.9584758281707764,timesformer,diving48
8qRmKunCjtY_00013,26,187,8,8,75,span75,True,0.9821871519088745,timesformer,diving48
XfCaMLlyj9I_00099,26,81,8,8,75,span75,True,0.9673401117324829,timesformer,diving48
SbzcCzXjYSU_00019,26,130,8,8,75,span75,True,0.9733662009239197,timesformer,diving48
k71Cc-Sm-Mg_00044,26,149,8,8,75,span75,False,0.6840012073516846,timesformer,diving48
XfCaMLlyj9I_00087,26,64,8,8,75,span75,True,0.9770259261131287,timesformer,diving48
XfCaMLlyj9I_00097,26,194,8,8,75,span75,True,0.9265217781066895,timesformer,diving48
SbzcCzXjYSU_00059,26,152,8,8,75,span75,True,0.8137025237083435,timesformer,diving48
roFeEJPgJD8_00008,26,196,8,8,75,span75,True,0.3659985661506653,timesformer,diving48
k71Cc-Sm-Mg_00177,26,147,8,8,75,span75,True,0.9524171352386475,timesformer,diving48
XfCaMLlyj9I_00100,26,82,8,8,75,span75,True,0.47125211358070374,timesformer,diving48
sFO6XlfgxNQ_00113,26,109,8,8,75,span75,False,0.588580310344696,timesformer,diving48
k71Cc-Sm-Mg_00046,26,113,8,8,75,span75,True,0.963415801525116,timesformer,diving48
XfCaMLlyj9I_00089,26,123,8,8,75,span75,True,0.9575932621955872,timesformer,diving48
k71Cc-Sm-Mg_00174,26,110,8,8,75,span75,False,0.8750158548355103,timesformer,diving48
sFO6XlfgxNQ_00075,26,93,8,8,75,span75,True,0.5513527989387512,timesformer,diving48
XfCaMLlyj9I_00101,26,158,8,8,75,span75,True,0.8141558170318604,timesformer,diving48
rRw7peH60Yw_00011,26,95,8,8,75,span75,True,0.9919896721839905,timesformer,diving48
ovWCmIMMkRI_00065,27,102,8,8,75,span75,False,0.48876550793647766,timesformer,diving48
ovWCmIMMkRI_00045,27,81,8,8,75,span75,False,0.3969116806983948,timesformer,diving48
jMEYIEYkpY0_00007,27,65,8,8,75,span75,True,0.8353793621063232,timesformer,diving48
zmacW6f2Tdk_00060,27,75,8,8,75,span75,False,0.3629525899887085,timesformer,diving48
roFeEJPgJD8_00007,27,137,8,8,75,span75,False,0.5437032580375671,timesformer,diving48
zmacW6f2Tdk_00005,27,225,8,8,75,span75,False,0.5844829678535461,timesformer,diving48
yHo2oERGo7A_00025,27,128,8,8,75,span75,False,0.5160866975784302,timesformer,diving48
qD3IMtAanSg_00038,27,130,8,8,75,span75,False,0.9785404205322266,timesformer,diving48
yHo2oERGo7A_00052,27,113,8,8,75,span75,False,0.6519620418548584,timesformer,diving48
bSsVWVfYU4w_00128,27,123,8,8,75,span75,True,0.34171876311302185,timesformer,diving48
bSsVWVfYU4w_00103,27,133,8,8,75,span75,False,0.9373634457588196,timesformer,diving48
jMEYIEYkpY0_00042,27,116,8,8,75,span75,True,0.5189635157585144,timesformer,diving48
jMEYIEYkpY0_00008,27,114,8,8,75,span75,False,0.8990599513053894,timesformer,diving48
ovWCmIMMkRI_00046,27,77,8,8,75,span75,True,0.6204323768615723,timesformer,diving48
yHo2oERGo7A_00027,27,214,8,8,75,span75,False,0.23515206575393677,timesformer,diving48
bSsVWVfYU4w_00129,27,112,8,8,75,span75,False,0.6946447491645813,timesformer,diving48
yHo2oERGo7A_00028,27,260,8,8,75,span75,True,0.33686429262161255,timesformer,diving48
ovWCmIMMkRI_00063,27,93,8,8,75,span75,True,0.6154635548591614,timesformer,diving48
jMEYIEYkpY0_00077,27,97,8,8,75,span75,False,0.2650010287761688,timesformer,diving48
jMEYIEYkpY0_00060,27,115,8,8,75,span75,True,0.697708249092102,timesformer,diving48
zBXtMcI41z8_00112,28,73,8,8,75,span75,True,0.8695482015609741,timesformer,diving48
qD3IMtAanSg_00051,28,224,8,8,75,span75,True,0.9197824597358704,timesformer,diving48
qD3IMtAanSg_00134,28,163,8,8,75,span75,False,0.9102754592895508,timesformer,diving48
XfCaMLlyj9I_00150,28,73,8,8,75,span75,True,0.5191068053245544,timesformer,diving48
XfCaMLlyj9I_00132,28,91,8,8,75,span75,True,0.9264352321624756,timesformer,diving48
qD3IMtAanSg_00057,28,194,8,8,75,span75,True,0.8957748413085938,timesformer,diving48
qD3IMtAanSg_00081,28,95,8,8,75,span75,False,0.8067322969436646,timesformer,diving48
XfCaMLlyj9I_00148,28,73,8,8,75,span75,True,0.9718698263168335,timesformer,diving48
k71Cc-Sm-Mg_00107,28,124,8,8,75,span75,True,0.5832601189613342,timesformer,diving48
qD3IMtAanSg_00024,28,114,8,8,75,span75,True,0.9314214587211609,timesformer,diving48
k71Cc-Sm-Mg_00114,28,124,8,8,75,span75,False,0.5977382063865662,timesformer,diving48
qD3IMtAanSg_00036,28,101,8,8,75,span75,True,0.803067147731781,timesformer,diving48
k71Cc-Sm-Mg_00112,28,192,8,8,75,span75,True,0.9219934344291687,timesformer,diving48
XfCaMLlyj9I_00133,28,153,8,8,75,span75,True,0.5493817925453186,timesformer,diving48
XfCaMLlyj9I_00134,28,73,8,8,75,span75,True,0.8919774293899536,timesformer,diving48
zBXtMcI41z8_00047,28,55,8,8,75,span75,True,0.7847995162010193,timesformer,diving48
qD3IMtAanSg_00080,28,179,8,8,75,span75,True,0.8886896371841431,timesformer,diving48
zBXtMcI41z8_00029,28,45,8,8,75,span75,True,0.6048809885978699,timesformer,diving48
qD3IMtAanSg_00089,28,177,8,8,75,span75,True,0.8528444766998291,timesformer,diving48
qD3IMtAanSg_00052,28,108,8,8,75,span75,True,0.7896372079849243,timesformer,diving48
sexZ6VnZ9yc_00005,29,147,8,8,75,span75,True,0.6032493710517883,timesformer,diving48
MbzIpx8kAD0_00008,29,80,8,8,75,span75,True,0.8016707897186279,timesformer,diving48
bSsVWVfYU4w_00013,29,109,8,8,75,span75,True,0.8122041821479797,timesformer,diving48
MbzIpx8kAD0_00001,29,59,8,8,75,span75,False,0.32859697937965393,timesformer,diving48
sFO6XlfgxNQ_00017,29,159,8,8,75,span75,True,0.9363090395927429,timesformer,diving48
sexZ6VnZ9yc_00004,29,180,8,8,75,span75,False,0.7037078738212585,timesformer,diving48
bSsVWVfYU4w_00022,29,70,8,8,75,span75,False,0.4864778518676758,timesformer,diving48
bSsVWVfYU4w_00017,29,159,8,8,75,span75,True,0.949161946773529,timesformer,diving48
mGRum47TLX0_00007,29,204,8,8,75,span75,False,0.5644773840904236,timesformer,diving48
bSsVWVfYU4w_00016,29,143,8,8,75,span75,False,0.6295418739318848,timesformer,diving48
CVAfPfVFulQ_00005,29,76,8,8,75,span75,False,0.5508083701133728,timesformer,diving48
bSsVWVfYU4w_00012,29,128,8,8,75,span75,False,0.4885922968387604,timesformer,diving48
sFO6XlfgxNQ_00018,29,116,8,8,75,span75,True,0.9681875109672546,timesformer,diving48
bSsVWVfYU4w_00023,29,114,8,8,75,span75,True,0.660179615020752,timesformer,diving48
mGRum47TLX0_00006,29,114,8,8,75,span75,True,0.4340585172176361,timesformer,diving48
mGRum47TLX0_00004,29,98,8,8,75,span75,False,0.5144750475883484,timesformer,diving48
bSsVWVfYU4w_00009,29,128,8,8,75,span75,True,0.3585030734539032,timesformer,diving48
sFO6XlfgxNQ_00016,29,69,8,8,75,span75,False,0.7664788365364075,timesformer,diving48
mGRum47TLX0_00010,29,130,8,8,75,span75,False,0.5673651099205017,timesformer,diving48
bSsVWVfYU4w_00008,29,110,8,8,75,span75,False,0.609567403793335,timesformer,diving48
Le6xdQ2OO8w_00111,31,115,8,8,75,span75,True,0.7842633724212646,timesformer,diving48
Le6xdQ2OO8w_00137,31,216,8,8,75,span75,False,0.9729546904563904,timesformer,diving48
Le6xdQ2OO8w_00025,31,74,8,8,75,span75,False,0.9048163890838623,timesformer,diving48
Le6xdQ2OO8w_00021,31,236,8,8,75,span75,False,0.40069854259490967,timesformer,diving48
rRw7peH60Yw_00025,22,148,8,8,100,span100,False,0.9619913697242737,timesformer,diving48
zBXtMcI41z8_00064,23,92,8,8,100,span100,False,0.24021856486797333,timesformer,diving48
XfCaMLlyj9I_00121,23,104,8,8,100,span100,False,0.5702779293060303,timesformer,diving48
XfCaMLlyj9I_00120,23,72,8,8,100,span100,False,0.2946454882621765,timesformer,diving48
XfCaMLlyj9I_00122,23,49,8,8,100,span100,False,0.40705767273902893,timesformer,diving48
zBXtMcI41z8_00066,23,84,8,8,100,span100,False,0.6766543388366699,timesformer,diving48
zBXtMcI41z8_00063,23,57,8,8,100,span100,False,0.6345133781433105,timesformer,diving48
XfCaMLlyj9I_00119,23,76,8,8,100,span100,False,0.4651891589164734,timesformer,diving48
L_SB1PRgDTE_00033,24,176,8,8,100,span100,False,0.9457702040672302,timesformer,diving48
CVAfPfVFulQ_00054,24,51,8,8,100,span100,False,0.5625999569892883,timesformer,diving48
mGRum47TLX0_00054,24,164,8,8,100,span100,True,0.6620526313781738,timesformer,diving48
Le6xdQ2OO8w_00219,24,157,8,8,100,span100,True,0.8435783386230469,timesformer,diving48
cs8g1es4vfM_00021,24,155,8,8,100,span100,True,0.3515402376651764,timesformer,diving48
yHo2oERGo7A_00083,24,71,8,8,100,span100,True,0.9059577584266663,timesformer,diving48
cs8g1es4vfM_00015,24,97,8,8,100,span100,False,0.7199283838272095,timesformer,diving48
mGRum47TLX0_00052,24,77,8,8,100,span100,True,0.9853238463401794,timesformer,diving48
Le6xdQ2OO8w_00259,24,106,8,8,100,span100,True,0.755385160446167,timesformer,diving48
MbzIpx8kAD0_00050,24,81,8,8,100,span100,True,0.8969788551330566,timesformer,diving48
CVAfPfVFulQ_00055,24,101,8,8,100,span100,True,0.9830923676490784,timesformer,diving48
yHo2oERGo7A_00035,24,143,8,8,100,span100,False,0.3026590943336487,timesformer,diving48
yHo2oERGo7A_00082,24,139,8,8,100,span100,False,0.5256263017654419,timesformer,diving48
cs8g1es4vfM_00018,24,120,8,8,100,span100,False,0.6043837070465088,timesformer,diving48
yHo2oERGo7A_00081,24,36,8,8,100,span100,False,0.3063017725944519,timesformer,diving48
SbzcCzXjYSU_00002,24,46,8,8,100,span100,True,0.8406275510787964,timesformer,diving48
TMJ1XIZBRW4_00032,24,100,8,8,100,span100,True,0.8812762498855591,timesformer,diving48
yHo2oERGo7A_00075,24,94,8,8,100,span100,False,0.523496150970459,timesformer,diving48
roFeEJPgJD8_00027,24,113,8,8,100,span100,True,0.9227675199508667,timesformer,diving48
ovWCmIMMkRI_00041,24,124,8,8,100,span100,False,0.27990657091140747,timesformer,diving48
Le6xdQ2OO8w_00263,25,54,8,8,100,span100,False,0.9513453245162964,timesformer,diving48
L_SB1PRgDTE_00038,25,111,8,8,100,span100,False,0.5723341107368469,timesformer,diving48
bSsVWVfYU4w_00159,25,104,8,8,100,span100,False,0.9438808560371399,timesformer,diving48
Le6xdQ2OO8w_00198,25,128,8,8,100,span100,False,0.6537863612174988,timesformer,diving48
bl0C6d9QgIg_00027,25,91,8,8,100,span100,False,0.6865576505661011,timesformer,diving48
Le6xdQ2OO8w_00250,25,127,8,8,100,span100,False,0.5972751975059509,timesformer,diving48
TMJ1XIZBRW4_00053,25,67,8,8,100,span100,True,0.5248978734016418,timesformer,diving48
L2tKML4URG8_00001,25,137,8,8,100,span100,False,0.47734272480010986,timesformer,diving48
MbzIpx8kAD0_00047,25,78,8,8,100,span100,True,0.2725628614425659,timesformer,diving48
Le6xdQ2OO8w_00190,25,160,8,8,100,span100,True,0.532497763633728,timesformer,diving48
L2tKML4URG8_00000,25,63,8,8,100,span100,False,0.6997354626655579,timesformer,diving48
Le6xdQ2OO8w_00197,25,108,8,8,100,span100,False,0.6450577974319458,timesformer,diving48
Le6xdQ2OO8w_00189,25,141,8,8,100,span100,False,0.4914465844631195,timesformer,diving48
bl0C6d9QgIg_00028,25,155,8,8,100,span100,False,0.625916600227356,timesformer,diving48
L2tKML4URG8_00002,25,78,8,8,100,span100,False,0.3873072564601898,timesformer,diving48
L2tKML4URG8_00003,25,99,8,8,100,span100,False,0.5677782893180847,timesformer,diving48
k71Cc-Sm-Mg_00178,26,113,8,8,100,span100,False,0.32087981700897217,timesformer,diving48
k71Cc-Sm-Mg_00045,26,115,8,8,100,span100,True,0.5398505926132202,timesformer,diving48
sFO6XlfgxNQ_00091,26,114,8,8,100,span100,True,0.7753950953483582,timesformer,diving48
8qRmKunCjtY_00013,26,187,8,8,100,span100,False,0.2960152328014374,timesformer,diving48
XfCaMLlyj9I_00099,26,81,8,8,100,span100,True,0.8687098622322083,timesformer,diving48
SbzcCzXjYSU_00019,26,130,8,8,100,span100,True,0.9898073077201843,timesformer,diving48
k71Cc-Sm-Mg_00044,26,149,8,8,100,span100,True,0.5606988072395325,timesformer,diving48
XfCaMLlyj9I_00087,26,64,8,8,100,span100,True,0.9931309819221497,timesformer,diving48
XfCaMLlyj9I_00097,26,194,8,8,100,span100,True,0.6925370097160339,timesformer,diving48
SbzcCzXjYSU_00059,26,152,8,8,100,span100,False,0.8481516242027283,timesformer,diving48
roFeEJPgJD8_00008,26,196,8,8,100,span100,False,0.3319656252861023,timesformer,diving48
k71Cc-Sm-Mg_00177,26,147,8,8,100,span100,True,0.6110721230506897,timesformer,diving48
XfCaMLlyj9I_00100,26,82,8,8,100,span100,True,0.9023879170417786,timesformer,diving48
sFO6XlfgxNQ_00113,26,109,8,8,100,span100,True,0.9041122794151306,timesformer,diving48
k71Cc-Sm-Mg_00046,26,113,8,8,100,span100,True,0.9985936284065247,timesformer,diving48
XfCaMLlyj9I_00089,26,123,8,8,100,span100,True,0.9468244314193726,timesformer,diving48
k71Cc-Sm-Mg_00174,26,110,8,8,100,span100,False,0.9540665149688721,timesformer,diving48
sFO6XlfgxNQ_00075,26,93,8,8,100,span100,False,0.26923370361328125,timesformer,diving48
XfCaMLlyj9I_00101,26,158,8,8,100,span100,True,0.9774218797683716,timesformer,diving48
rRw7peH60Yw_00011,26,95,8,8,100,span100,True,0.9899910688400269,timesformer,diving48
ovWCmIMMkRI_00065,27,102,8,8,100,span100,False,0.7152673602104187,timesformer,diving48
ovWCmIMMkRI_00045,27,81,8,8,100,span100,True,0.8977634310722351,timesformer,diving48
jMEYIEYkpY0_00007,27,65,8,8,100,span100,True,0.744697630405426,timesformer,diving48
zmacW6f2Tdk_00060,27,75,8,8,100,span100,False,0.49755504727363586,timesformer,diving48
roFeEJPgJD8_00007,27,137,8,8,100,span100,False,0.8165180683135986,timesformer,diving48
zmacW6f2Tdk_00005,27,225,8,8,100,span100,False,0.21896305680274963,timesformer,diving48
yHo2oERGo7A_00025,27,128,8,8,100,span100,True,0.6437291502952576,timesformer,diving48
qD3IMtAanSg_00038,27,130,8,8,100,span100,False,0.9550065994262695,timesformer,diving48
yHo2oERGo7A_00052,27,113,8,8,100,span100,False,0.3342103660106659,timesformer,diving48
bSsVWVfYU4w_00128,27,123,8,8,100,span100,True,0.4175075590610504,timesformer,diving48
bSsVWVfYU4w_00103,27,133,8,8,100,span100,False,0.9233880043029785,timesformer,diving48
jMEYIEYkpY0_00042,27,116,8,8,100,span100,False,0.5252056121826172,timesformer,diving48
jMEYIEYkpY0_00008,27,114,8,8,100,span100,False,0.2614656686782837,timesformer,diving48
ovWCmIMMkRI_00046,27,77,8,8,100,span100,True,0.7968146204948425,timesformer,diving48
yHo2oERGo7A_00027,27,214,8,8,100,span100,False,0.18603165447711945,timesformer,diving48
bSsVWVfYU4w_00129,27,112,8,8,100,span100,True,0.501641571521759,timesformer,diving48
yHo2oERGo7A_00028,27,260,8,8,100,span100,False,0.5459840893745422,timesformer,diving48
ovWCmIMMkRI_00063,27,93,8,8,100,span100,True,0.6315814256668091,timesformer,diving48
jMEYIEYkpY0_00077,27,97,8,8,100,span100,True,0.5224710702896118,timesformer,diving48
jMEYIEYkpY0_00060,27,115,8,8,100,span100,True,0.8918818235397339,timesformer,diving48
zBXtMcI41z8_00112,28,73,8,8,100,span100,True,0.8958422541618347,timesformer,diving48
qD3IMtAanSg_00051,28,224,8,8,100,span100,True,0.7571213245391846,timesformer,diving48
qD3IMtAanSg_00134,28,163,8,8,100,span100,False,0.5766361951828003,timesformer,diving48
XfCaMLlyj9I_00150,28,73,8,8,100,span100,True,0.8423545360565186,timesformer,diving48
XfCaMLlyj9I_00132,28,91,8,8,100,span100,False,0.951888382434845,timesformer,diving48
qD3IMtAanSg_00057,28,194,8,8,100,span100,True,0.8761554956436157,timesformer,diving48
qD3IMtAanSg_00081,28,95,8,8,100,span100,True,0.9330484867095947,timesformer,diving48
XfCaMLlyj9I_00148,28,73,8,8,100,span100,True,0.6346142292022705,timesformer,diving48
k71Cc-Sm-Mg_00107,28,124,8,8,100,span100,False,0.4226688742637634,timesformer,diving48
qD3IMtAanSg_00024,28,114,8,8,100,span100,True,0.94621342420578,timesformer,diving48
k71Cc-Sm-Mg_00114,28,124,8,8,100,span100,True,0.8883650302886963,timesformer,diving48
qD3IMtAanSg_00036,28,101,8,8,100,span100,False,0.9496393799781799,timesformer,diving48
k71Cc-Sm-Mg_00112,28,192,8,8,100,span100,True,0.5742064714431763,timesformer,diving48
XfCaMLlyj9I_00133,28,153,8,8,100,span100,True,0.9233141541481018,timesformer,diving48
XfCaMLlyj9I_00134,28,73,8,8,100,span100,True,0.48829230666160583,timesformer,diving48
zBXtMcI41z8_00047,28,55,8,8,100,span100,True,0.6367605924606323,timesformer,diving48
qD3IMtAanSg_00080,28,179,8,8,100,span100,True,0.9691277742385864,timesformer,diving48
zBXtMcI41z8_00029,28,45,8,8,100,span100,True,0.9216103553771973,timesformer,diving48
qD3IMtAanSg_00089,28,177,8,8,100,span100,True,0.814080536365509,timesformer,diving48
qD3IMtAanSg_00052,28,108,8,8,100,span100,True,0.8279475569725037,timesformer,diving48
sexZ6VnZ9yc_00005,29,147,8,8,100,span100,True,0.7495414018630981,timesformer,diving48
MbzIpx8kAD0_00008,29,80,8,8,100,span100,False,0.6284633278846741,timesformer,diving48
bSsVWVfYU4w_00013,29,109,8,8,100,span100,True,0.5413268208503723,timesformer,diving48
MbzIpx8kAD0_00001,29,59,8,8,100,span100,False,0.34972789883613586,timesformer,diving48
sFO6XlfgxNQ_00017,29,159,8,8,100,span100,True,0.7182923555374146,timesformer,diving48
sexZ6VnZ9yc_00004,29,180,8,8,100,span100,False,0.7815749049186707,timesformer,diving48
bSsVWVfYU4w_00022,29,70,8,8,100,span100,False,0.24253113567829132,timesformer,diving48
bSsVWVfYU4w_00017,29,159,8,8,100,span100,False,0.8979514837265015,timesformer,diving48
mGRum47TLX0_00007,29,204,8,8,100,span100,False,0.2396957129240036,timesformer,diving48
bSsVWVfYU4w_00016,29,143,8,8,100,span100,False,0.8380311727523804,timesformer,diving48
CVAfPfVFulQ_00005,29,76,8,8,100,span100,False,0.5228753685951233,timesformer,diving48
bSsVWVfYU4w_00012,29,128,8,8,100,span100,False,0.6860566139221191,timesformer,diving48
sFO6XlfgxNQ_00018,29,116,8,8,100,span100,True,0.8930643796920776,timesformer,diving48
bSsVWVfYU4w_00023,29,114,8,8,100,span100,True,0.44479459524154663,timesformer,diving48
mGRum47TLX0_00006,29,114,8,8,100,span100,True,0.7388424873352051,timesformer,diving48
mGRum47TLX0_00004,29,98,8,8,100,span100,False,0.625220000743866,timesformer,diving48
bSsVWVfYU4w_00009,29,128,8,8,100,span100,False,0.30946335196495056,timesformer,diving48
sFO6XlfgxNQ_00016,29,69,8,8,100,span100,True,0.4538770318031311,timesformer,diving48
mGRum47TLX0_00010,29,130,8,8,100,span100,False,0.7910288572311401,timesformer,diving48
bSsVWVfYU4w_00008,29,110,8,8,100,span100,False,0.7165621519088745,timesformer,diving48
Le6xdQ2OO8w_00111,31,115,8,8,100,span100,True,0.290383517742157,timesformer,diving48
Le6xdQ2OO8w_00137,31,216,8,8,100,span100,False,0.27706995606422424,timesformer,diving48
Le6xdQ2OO8w_00025,31,74,8,8,100,span100,True,0.9504932761192322,timesformer,diving48
Le6xdQ2OO8w_00021,31,236,8,8,100,span100,False,0.3256787657737732,timesformer,diving48
CVAfPfVFulQ_00012,31,57,6,8,10,span10,False,0.7598629593849182,timesformer,diving48
ovWCmIMMkRI_00026,31,112,8,8,10,span10,False,0.8357797265052795,timesformer,diving48
bSsVWVfYU4w_00038,31,47,5,8,10,span10,False,0.27215826511383057,timesformer,diving48
bSsVWVfYU4w_00078,31,93,8,8,10,span10,True,0.7910923361778259,timesformer,diving48
roFeEJPgJD8_00039,31,100,8,8,10,span10,True,0.27192217111587524,timesformer,diving48
Le6xdQ2OO8w_00105,31,89,8,8,10,span10,False,0.6119253635406494,timesformer,diving48
TMJ1XIZBRW4_00013,31,110,8,8,10,span10,False,0.8265634179115295,timesformer,diving48
ovWCmIMMkRI_00043,31,40,4,8,10,span10,False,0.3843189775943756,timesformer,diving48
k71Cc-Sm-Mg_00037,31,119,8,8,10,span10,False,0.4127928614616394,timesformer,diving48
CVAfPfVFulQ_00014,31,66,7,8,10,span10,False,0.477143257856369,timesformer,diving48
yHo2oERGo7A_00003,31,114,8,8,10,span10,True,0.5947039127349854,timesformer,diving48
TMJ1XIZBRW4_00014,31,83,8,8,10,span10,False,0.8328471183776855,timesformer,diving48
bSsVWVfYU4w_00031,31,207,8,8,10,span10,False,0.37831997871398926,timesformer,diving48
k71Cc-Sm-Mg_00035,31,99,8,8,10,span10,False,0.4256480932235718,timesformer,diving48
Le6xdQ2OO8w_00181,31,135,8,8,10,span10,False,0.7420207262039185,timesformer,diving48
Le6xdQ2OO8w_00092,31,87,8,8,10,span10,False,0.4262840151786804,timesformer,diving48
Le6xdQ2OO8w_00243,32,76,8,8,10,span10,False,0.40846094489097595,timesformer,diving48
L_SB1PRgDTE_00021,32,56,6,8,10,span10,False,0.598213255405426,timesformer,diving48
bSsVWVfYU4w_00133,32,142,8,8,10,span10,False,0.9139609932899475,timesformer,diving48
L2tKML4URG8_00007,32,85,8,8,10,span10,False,0.24876545369625092,timesformer,diving48
Le6xdQ2OO8w_00231,32,98,8,8,10,span10,False,0.5403761863708496,timesformer,diving48
L2tKML4URG8_00006,32,56,6,8,10,span10,False,0.5761181116104126,timesformer,diving48
bl0C6d9QgIg_00019,32,56,6,8,10,span10,False,0.8990577459335327,timesformer,diving48
L_SB1PRgDTE_00032,32,87,8,8,10,span10,False,0.8986483216285706,timesformer,diving48
MbzIpx8kAD0_00041,32,79,8,8,10,span10,False,0.30041420459747314,timesformer,diving48
Le6xdQ2OO8w_00237,32,89,8,8,10,span10,False,0.2631107568740845,timesformer,diving48
bSsVWVfYU4w_00165,32,106,8,8,10,span10,False,0.4715960919857025,timesformer,diving48
ovWCmIMMkRI_00039,32,95,8,8,10,span10,False,0.4940841495990753,timesformer,diving48
Le6xdQ2OO8w_00242,32,47,5,8,10,span10,False,0.3849208354949951,timesformer,diving48
mGRum47TLX0_00065,32,68,7,8,10,span10,False,0.35815727710723877,timesformer,diving48
mGRum47TLX0_00059,32,48,5,8,10,span10,False,0.3337474763393402,timesformer,diving48
Le6xdQ2OO8w_00262,32,78,8,8,10,span10,False,0.5023335814476013,timesformer,diving48
Le6xdQ2OO8w_00211,32,107,8,8,10,span10,False,0.6460328102111816,timesformer,diving48
bl0C6d9QgIg_00020,32,118,8,8,10,span10,False,0.3837800621986389,timesformer,diving48
Le6xdQ2OO8w_00236,32,54,5,8,10,span10,False,0.9247748851776123,timesformer,diving48
Le6xdQ2OO8w_00230,32,84,8,8,10,span10,False,0.9590290784835815,timesformer,diving48
rRw7peH60Yw_00003,33,53,5,8,10,span10,False,0.6447204947471619,timesformer,diving48
XfCaMLlyj9I_00065,33,89,8,8,10,span10,False,0.37744903564453125,timesformer,diving48
XfCaMLlyj9I_00076,33,163,8,8,10,span10,False,0.3669980466365814,timesformer,diving48
XfCaMLlyj9I_00070,33,253,8,8,10,span10,False,0.17414666712284088,timesformer,diving48
rRw7peH60Yw_00026,33,71,7,8,10,span10,True,0.38996729254722595,timesformer,diving48
ovWCmIMMkRI_00049,33,106,8,8,10,span10,False,0.8717349767684937,timesformer,diving48
k71Cc-Sm-Mg_00095,33,75,8,8,10,span10,False,0.9560286998748779,timesformer,diving48
jMEYIEYkpY0_00076,33,105,8,8,10,span10,False,0.3040730655193329,timesformer,diving48
jMEYIEYkpY0_00099,33,45,4,8,10,span10,False,0.6257977485656738,timesformer,diving48
rRw7peH60Yw_00005,33,131,8,8,10,span10,True,0.980606734752655,timesformer,diving48
ovWCmIMMkRI_00047,33,120,8,8,10,span10,True,0.4044458866119385,timesformer,diving48
jMEYIEYkpY0_00075,33,111,8,8,10,span10,False,0.9772086143493652,timesformer,diving48
XfCaMLlyj9I_00141,33,130,8,8,10,span10,False,0.5158979296684265,timesformer,diving48
XfCaMLlyj9I_00063,33,82,8,8,10,span10,False,0.8037068247795105,timesformer,diving48
SbzcCzXjYSU_00041,33,320,8,8,10,span10,False,0.15470770001411438,timesformer,diving48
rRw7peH60Yw_00017,33,163,8,8,10,span10,True,0.1998831033706665,timesformer,diving48
k71Cc-Sm-Mg_00096,33,101,8,8,10,span10,False,0.5016136765480042,timesformer,diving48
SbzcCzXjYSU_00042,33,120,8,8,10,span10,False,0.6211684346199036,timesformer,diving48
XfCaMLlyj9I_00073,33,83,8,8,10,span10,False,0.40654030442237854,timesformer,diving48
k71Cc-Sm-Mg_00098,33,70,7,8,10,span10,False,0.5534469485282898,timesformer,diving48
SbzcCzXjYSU_00023,34,116,8,8,10,span10,False,0.19806580245494843,timesformer,diving48
roFeEJPgJD8_00025,34,87,8,8,10,span10,False,0.28785786032676697,timesformer,diving48
SbzcCzXjYSU_00024,34,103,8,8,10,span10,False,0.5453952550888062,timesformer,diving48
yHo2oERGo7A_00073,34,95,8,8,10,span10,False,0.7569798827171326,timesformer,diving48
yHo2oERGo7A_00013,34,121,8,8,10,span10,False,0.6291583776473999,timesformer,diving48
yHo2oERGo7A_00031,34,132,8,8,10,span10,False,0.8995024561882019,timesformer,diving48
yHo2oERGo7A_00039,34,114,8,8,10,span10,False,0.7060028910636902,timesformer,diving48
jMEYIEYkpY0_00057,34,138,8,8,10,span10,False,0.4761474132537842,timesformer,diving48
CVAfPfVFulQ_00069,34,47,5,8,10,span10,False,0.10276639461517334,timesformer,diving48
SbzcCzXjYSU_00012,34,137,8,8,10,span10,False,0.30276092886924744,timesformer,diving48
zmacW6f2Tdk_00012,34,105,8,8,10,span10,False,0.7569750547409058,timesformer,diving48
bSsVWVfYU4w_00146,34,149,8,8,10,span10,True,0.3378460705280304,timesformer,diving48
yHo2oERGo7A_00010,34,124,8,8,10,span10,False,0.8406014442443848,timesformer,diving48
SbzcCzXjYSU_00010,34,263,8,8,10,span10,False,0.16510432958602905,timesformer,diving48
yHo2oERGo7A_00030,34,130,8,8,10,span10,False,0.7432711720466614,timesformer,diving48
SbzcCzXjYSU_00013,34,132,8,8,10,span10,True,0.46539056301116943,timesformer,diving48
bSsVWVfYU4w_00145,34,103,8,8,10,span10,False,0.529675304889679,timesformer,diving48
CVAfPfVFulQ_00057,34,69,7,8,10,span10,False,0.7286359071731567,timesformer,diving48
SbzcCzXjYSU_00025,34,101,8,8,10,span10,False,0.5328224301338196,timesformer,diving48
CVAfPfVFulQ_00050,34,83,8,8,10,span10,False,0.20418760180473328,timesformer,diving48
qD3IMtAanSg_00096,35,162,8,8,10,span10,True,0.8070878982543945,timesformer,diving48
zBXtMcI41z8_00079,35,91,8,8,10,span10,False,0.4181780517101288,timesformer,diving48
sFO6XlfgxNQ_00065,35,174,8,8,10,span10,False,0.5799021124839783,timesformer,diving48
XfCaMLlyj9I_00128,35,74,7,8,10,span10,False,0.6546347737312317,timesformer,diving48
XfCaMLlyj9I_00124,35,71,7,8,10,span10,False,0.8174892067909241,timesformer,diving48
zBXtMcI41z8_00078,35,67,7,8,10,span10,True,0.7581760287284851,timesformer,diving48
qD3IMtAanSg_00095,35,66,7,8,10,span10,False,0.5701965689659119,timesformer,diving48
XfCaMLlyj9I_00085,35,170,8,8,10,span10,True,0.4382913410663605,timesformer,diving48
k71Cc-Sm-Mg_00142,35,81,8,8,10,span10,False,0.2897155284881592,timesformer,diving48
k71Cc-Sm-Mg_00149,35,53,5,8,10,span10,True,0.9599050283432007,timesformer,diving48
sFO6XlfgxNQ_00066,35,69,7,8,10,span10,False,0.8607762455940247,timesformer,diving48
sFO6XlfgxNQ_00064,35,76,8,8,10,span10,False,0.2902272343635559,timesformer,diving48
sFO6XlfgxNQ_00078,35,61,6,8,10,span10,True,0.8629234433174133,timesformer,diving48
sFO6XlfgxNQ_00076,35,35,4,8,10,span10,True,0.3032194674015045,timesformer,diving48
zBXtMcI41z8_00035,35,48,5,8,10,span10,True,0.8911830186843872,timesformer,diving48
k71Cc-Sm-Mg_00143,35,116,8,8,10,span10,True,0.7250869870185852,timesformer,diving48
jMEYIEYkpY0_00046,35,118,8,8,10,span10,True,0.4547043740749359,timesformer,diving48
jMEYIEYkpY0_00051,35,121,8,8,10,span10,True,0.396968275308609,timesformer,diving48
qD3IMtAanSg_00087,35,94,8,8,10,span10,True,0.9431596398353577,timesformer,diving48
sFO6XlfgxNQ_00108,35,123,8,8,10,span10,True,0.9318668842315674,timesformer,diving48
k71Cc-Sm-Mg_00005,36,103,8,8,10,span10,False,0.21847015619277954,timesformer,diving48
Le6xdQ2OO8w_00107,36,49,5,8,10,span10,True,0.2911941111087799,timesformer,diving48
bSsVWVfYU4w_00042,36,49,5,8,10,span10,True,0.44345489144325256,timesformer,diving48
sFO6XlfgxNQ_00011,36,161,8,8,10,span10,True,0.9031921029090881,timesformer,diving48
sFO6XlfgxNQ_00010,36,154,8,8,10,span10,False,0.4382225275039673,timesformer,diving48
mGRum47TLX0_00021,36,86,8,8,10,span10,False,0.26216211915016174,timesformer,diving48
zBXtMcI41z8_00092,36,98,8,8,10,span10,False,0.16573868691921234,timesformer,diving48
TMJ1XIZBRW4_00009,36,61,6,8,10,span10,False,0.5335879921913147,timesformer,diving48
Le6xdQ2OO8w_00096,36,138,8,8,10,span10,False,0.6005491614341736,timesformer,diving48
bSsVWVfYU4w_00035,36,120,8,8,10,span10,False,0.8235539793968201,timesformer,diving48
Le6xdQ2OO8w_00100,36,144,8,8,10,span10,False,0.42966651916503906,timesformer,diving48
bSsVWVfYU4w_00088,36,129,8,8,10,span10,False,0.7927857637405396,timesformer,diving48
sFO6XlfgxNQ_00007,36,168,8,8,10,span10,False,0.30242395401000977,timesformer,diving48
Le6xdQ2OO8w_00116,36,104,8,8,10,span10,False,0.2018831968307495,timesformer,diving48
sFO6XlfgxNQ_00006,36,129,8,8,10,span10,False,0.3285766541957855,timesformer,diving48
zBXtMcI41z8_00005,36,52,5,8,10,span10,True,0.6923170685768127,timesformer,diving48
Le6xdQ2OO8w_00114,36,119,8,8,10,span10,False,0.2147497981786728,timesformer,diving48
ovWCmIMMkRI_00027,36,58,6,8,10,span10,False,0.7541817426681519,timesformer,diving48
Le6xdQ2OO8w_00112,36,178,8,8,10,span10,False,0.35408228635787964,timesformer,diving48
zBXtMcI41z8_00086,36,129,8,8,10,span10,False,0.17819245159626007,timesformer,diving48
SbzcCzXjYSU_00006,37,143,8,8,10,span10,False,0.49597084522247314,timesformer,diving48
bSsVWVfYU4w_00091,37,112,8,8,10,span10,False,0.24458186328411102,timesformer,diving48
bSsVWVfYU4w_00090,37,142,8,8,10,span10,False,0.2536086440086365,timesformer,diving48
SbzcCzXjYSU_00005,37,70,7,8,10,span10,False,0.5011478066444397,timesformer,diving48
cs8g1es4vfM_00036,38,54,5,8,10,span10,False,0.2709854543209076,timesformer,diving48
cs8g1es4vfM_00037,38,98,8,8,10,span10,False,0.34983229637145996,timesformer,diving48
yHo2oERGo7A_00094,39,104,8,8,10,span10,False,0.6426388025283813,timesformer,diving48
yHo2oERGo7A_00095,39,84,8,8,10,span10,False,0.518760085105896,timesformer,diving48
cs8g1es4vfM_00044,39,106,8,8,10,span10,False,0.5950884819030762,timesformer,diving48
cs8g1es4vfM_00045,39,175,8,8,10,span10,False,0.3877441883087158,timesformer,diving48
yHo2oERGo7A_00093,39,92,8,8,10,span10,False,0.4662722945213318,timesformer,diving48
rRw7peH60Yw_00033,40,185,8,8,10,span10,False,0.5084410309791565,timesformer,diving48
CVAfPfVFulQ_00012,31,57,8,8,25,span25,False,0.8374984264373779,timesformer,diving48
ovWCmIMMkRI_00026,31,112,8,8,25,span25,False,0.8876689076423645,timesformer,diving48
bSsVWVfYU4w_00038,31,47,8,8,25,span25,False,0.6718783378601074,timesformer,diving48
bSsVWVfYU4w_00078,31,93,8,8,25,span25,False,0.5023908019065857,timesformer,diving48
roFeEJPgJD8_00039,31,100,8,8,25,span25,True,0.6331580877304077,timesformer,diving48
Le6xdQ2OO8w_00105,31,89,8,8,25,span25,False,0.4111398458480835,timesformer,diving48
TMJ1XIZBRW4_00013,31,110,8,8,25,span25,False,0.9817066788673401,timesformer,diving48
ovWCmIMMkRI_00043,31,40,8,8,25,span25,False,0.7273025512695312,timesformer,diving48
k71Cc-Sm-Mg_00037,31,119,8,8,25,span25,False,0.9627362489700317,timesformer,diving48
CVAfPfVFulQ_00014,31,66,8,8,25,span25,False,0.5751423239707947,timesformer,diving48
yHo2oERGo7A_00003,31,114,8,8,25,span25,False,0.9741107225418091,timesformer,diving48
TMJ1XIZBRW4_00014,31,83,8,8,25,span25,False,0.7980713248252869,timesformer,diving48
bSsVWVfYU4w_00031,31,207,8,8,25,span25,False,0.5704833269119263,timesformer,diving48
k71Cc-Sm-Mg_00035,31,99,8,8,25,span25,False,0.6227951049804688,timesformer,diving48
Le6xdQ2OO8w_00181,31,135,8,8,25,span25,False,0.46642157435417175,timesformer,diving48
Le6xdQ2OO8w_00092,31,87,8,8,25,span25,False,0.8622866868972778,timesformer,diving48
Le6xdQ2OO8w_00243,32,76,8,8,25,span25,False,0.9430868029594421,timesformer,diving48
L_SB1PRgDTE_00021,32,56,8,8,25,span25,False,0.6567214727401733,timesformer,diving48
bSsVWVfYU4w_00133,32,142,8,8,25,span25,True,0.3550299108028412,timesformer,diving48
L2tKML4URG8_00007,32,85,8,8,25,span25,False,0.37125566601753235,timesformer,diving48
Le6xdQ2OO8w_00231,32,98,8,8,25,span25,False,0.6519569158554077,timesformer,diving48
L2tKML4URG8_00006,32,56,8,8,25,span25,False,0.17035765945911407,timesformer,diving48
bl0C6d9QgIg_00019,32,56,8,8,25,span25,False,0.9388920664787292,timesformer,diving48
L_SB1PRgDTE_00032,32,87,8,8,25,span25,False,0.947337806224823,timesformer,diving48
MbzIpx8kAD0_00041,32,79,8,8,25,span25,True,0.36631304025650024,timesformer,diving48
Le6xdQ2OO8w_00237,32,89,8,8,25,span25,False,0.8360940217971802,timesformer,diving48
bSsVWVfYU4w_00165,32,106,8,8,25,span25,False,0.38059329986572266,timesformer,diving48
ovWCmIMMkRI_00039,32,95,8,8,25,span25,False,0.5573483109474182,timesformer,diving48
Le6xdQ2OO8w_00242,32,47,8,8,25,span25,False,0.17334233224391937,timesformer,diving48
mGRum47TLX0_00065,32,68,8,8,25,span25,True,0.4330470561981201,timesformer,diving48
mGRum47TLX0_00059,32,48,8,8,25,span25,False,0.25555089116096497,timesformer,diving48
Le6xdQ2OO8w_00262,32,78,8,8,25,span25,True,0.3181729018688202,timesformer,diving48
Le6xdQ2OO8w_00211,32,107,8,8,25,span25,False,0.7606502771377563,timesformer,diving48
bl0C6d9QgIg_00020,32,118,8,8,25,span25,False,0.6449520587921143,timesformer,diving48
Le6xdQ2OO8w_00236,32,54,8,8,25,span25,False,0.5998983383178711,timesformer,diving48
Le6xdQ2OO8w_00230,32,84,8,8,25,span25,False,0.9226670861244202,timesformer,diving48
rRw7peH60Yw_00003,33,53,8,8,25,span25,False,0.7269803881645203,timesformer,diving48
XfCaMLlyj9I_00065,33,89,8,8,25,span25,False,0.6201879978179932,timesformer,diving48
XfCaMLlyj9I_00076,33,163,8,8,25,span25,False,0.5425366163253784,timesformer,diving48
XfCaMLlyj9I_00070,33,253,8,8,25,span25,False,0.13388554751873016,timesformer,diving48
rRw7peH60Yw_00026,33,71,8,8,25,span25,False,0.4338570535182953,timesformer,diving48
ovWCmIMMkRI_00049,33,106,8,8,25,span25,True,0.6861307621002197,timesformer,diving48
k71Cc-Sm-Mg_00095,33,75,8,8,25,span25,False,0.8775978684425354,timesformer,diving48
jMEYIEYkpY0_00076,33,105,8,8,25,span25,False,0.5468016862869263,timesformer,diving48
jMEYIEYkpY0_00099,33,45,8,8,25,span25,False,0.5422648787498474,timesformer,diving48
rRw7peH60Yw_00005,33,131,8,8,25,span25,False,0.5168899893760681,timesformer,diving48
ovWCmIMMkRI_00047,33,120,8,8,25,span25,False,0.8858017325401306,timesformer,diving48
jMEYIEYkpY0_00075,33,111,8,8,25,span25,False,0.9713791608810425,timesformer,diving48
XfCaMLlyj9I_00141,33,130,8,8,25,span25,False,0.9557608962059021,timesformer,diving48
XfCaMLlyj9I_00063,33,82,8,8,25,span25,False,0.3902408480644226,timesformer,diving48
SbzcCzXjYSU_00041,33,320,8,8,25,span25,False,0.178818017244339,timesformer,diving48
rRw7peH60Yw_00017,33,163,8,8,25,span25,True,0.48374223709106445,timesformer,diving48
k71Cc-Sm-Mg_00096,33,101,8,8,25,span25,False,0.8750857710838318,timesformer,diving48
SbzcCzXjYSU_00042,33,120,8,8,25,span25,False,0.2601762115955353,timesformer,diving48
XfCaMLlyj9I_00073,33,83,8,8,25,span25,False,0.6445347666740417,timesformer,diving48
k71Cc-Sm-Mg_00098,33,70,8,8,25,span25,False,0.5476309061050415,timesformer,diving48
SbzcCzXjYSU_00023,34,116,8,8,25,span25,False,0.4064929485321045,timesformer,diving48
roFeEJPgJD8_00025,34,87,8,8,25,span25,True,0.7140641212463379,timesformer,diving48
SbzcCzXjYSU_00024,34,103,8,8,25,span25,False,0.7546733617782593,timesformer,diving48
yHo2oERGo7A_00073,34,95,8,8,25,span25,False,0.6765063405036926,timesformer,diving48
yHo2oERGo7A_00013,34,121,8,8,25,span25,True,0.8732565641403198,timesformer,diving48
yHo2oERGo7A_00031,34,132,8,8,25,span25,True,0.5432543158531189,timesformer,diving48
yHo2oERGo7A_00039,34,114,8,8,25,span25,False,0.7236188054084778,timesformer,diving48
jMEYIEYkpY0_00057,34,138,8,8,25,span25,False,0.6828493475914001,timesformer,diving48
CVAfPfVFulQ_00069,34,47,8,8,25,span25,True,0.8281575441360474,timesformer,diving48
SbzcCzXjYSU_00012,34,137,8,8,25,span25,False,0.10492265969514847,timesformer,diving48
zmacW6f2Tdk_00012,34,105,8,8,25,span25,True,0.6542187929153442,timesformer,diving48
bSsVWVfYU4w_00146,34,149,8,8,25,span25,True,0.23748239874839783,timesformer,diving48
yHo2oERGo7A_00010,34,124,8,8,25,span25,False,0.46260014176368713,timesformer,diving48
SbzcCzXjYSU_00010,34,263,8,8,25,span25,False,0.22546903789043427,timesformer,diving48
yHo2oERGo7A_00030,34,130,8,8,25,span25,True,0.6044155359268188,timesformer,diving48
SbzcCzXjYSU_00013,34,132,8,8,25,span25,False,0.4280112683773041,timesformer,diving48
bSsVWVfYU4w_00145,34,103,8,8,25,span25,False,0.7135486602783203,timesformer,diving48
CVAfPfVFulQ_00057,34,69,8,8,25,span25,False,0.6605942845344543,timesformer,diving48
SbzcCzXjYSU_00025,34,101,8,8,25,span25,False,0.6857662200927734,timesformer,diving48
CVAfPfVFulQ_00050,34,83,8,8,25,span25,False,0.3647558391094208,timesformer,diving48
qD3IMtAanSg_00096,35,162,8,8,25,span25,True,0.6416725516319275,timesformer,diving48
zBXtMcI41z8_00079,35,91,8,8,25,span25,False,0.6498728394508362,timesformer,diving48
sFO6XlfgxNQ_00065,35,174,8,8,25,span25,False,0.6723648309707642,timesformer,diving48
XfCaMLlyj9I_00128,35,74,8,8,25,span25,False,0.7688654661178589,timesformer,diving48
XfCaMLlyj9I_00124,35,71,8,8,25,span25,False,0.8848199248313904,timesformer,diving48
zBXtMcI41z8_00078,35,67,8,8,25,span25,True,0.5497518181800842,timesformer,diving48
qD3IMtAanSg_00095,35,66,8,8,25,span25,True,0.9472965002059937,timesformer,diving48
XfCaMLlyj9I_00085,35,170,8,8,25,span25,True,0.3757833242416382,timesformer,diving48
k71Cc-Sm-Mg_00142,35,81,8,8,25,span25,False,0.28765806555747986,timesformer,diving48
k71Cc-Sm-Mg_00149,35,53,8,8,25,span25,True,0.8604260683059692,timesformer,diving48
sFO6XlfgxNQ_00066,35,69,8,8,25,span25,False,0.7738931179046631,timesformer,diving48
sFO6XlfgxNQ_00064,35,76,8,8,25,span25,False,0.5043420791625977,timesformer,diving48
sFO6XlfgxNQ_00078,35,61,8,8,25,span25,True,0.8660985827445984,timesformer,diving48
sFO6XlfgxNQ_00076,35,35,8,8,25,span25,False,0.24039854109287262,timesformer,diving48
zBXtMcI41z8_00035,35,48,8,8,25,span25,True,0.9496305584907532,timesformer,diving48
k71Cc-Sm-Mg_00143,35,116,8,8,25,span25,False,0.5159580707550049,timesformer,diving48
jMEYIEYkpY0_00046,35,118,8,8,25,span25,True,0.5076221227645874,timesformer,diving48
jMEYIEYkpY0_00051,35,121,8,8,25,span25,True,0.3462792634963989,timesformer,diving48
qD3IMtAanSg_00087,35,94,8,8,25,span25,True,0.9811084866523743,timesformer,diving48
sFO6XlfgxNQ_00108,35,123,8,8,25,span25,True,0.5558245182037354,timesformer,diving48
k71Cc-Sm-Mg_00005,36,103,8,8,25,span25,True,0.23071624338626862,timesformer,diving48
Le6xdQ2OO8w_00107,36,49,8,8,25,span25,True,0.42646169662475586,timesformer,diving48
bSsVWVfYU4w_00042,36,49,8,8,25,span25,False,0.7065836787223816,timesformer,diving48
sFO6XlfgxNQ_00011,36,161,8,8,25,span25,True,0.8433235883712769,timesformer,diving48
sFO6XlfgxNQ_00010,36,154,8,8,25,span25,False,0.8897156119346619,timesformer,diving48
mGRum47TLX0_00021,36,86,8,8,25,span25,True,0.5107609629631042,timesformer,diving48
zBXtMcI41z8_00092,36,98,8,8,25,span25,False,0.5513682961463928,timesformer,diving48
TMJ1XIZBRW4_00009,36,61,8,8,25,span25,True,0.6683880090713501,timesformer,diving48
Le6xdQ2OO8w_00096,36,138,8,8,25,span25,False,0.718056321144104,timesformer,diving48
bSsVWVfYU4w_00035,36,120,8,8,25,span25,False,0.8653072714805603,timesformer,diving48
Le6xdQ2OO8w_00100,36,144,8,8,25,span25,False,0.5601257085800171,timesformer,diving48
bSsVWVfYU4w_00088,36,129,8,8,25,span25,False,0.6291713118553162,timesformer,diving48
sFO6XlfgxNQ_00007,36,168,8,8,25,span25,False,0.7654104828834534,timesformer,diving48
Le6xdQ2OO8w_00116,36,104,8,8,25,span25,False,0.2812231779098511,timesformer,diving48
sFO6XlfgxNQ_00006,36,129,8,8,25,span25,False,0.5581526756286621,timesformer,diving48
zBXtMcI41z8_00005,36,52,8,8,25,span25,True,0.6067818403244019,timesformer,diving48
Le6xdQ2OO8w_00114,36,119,8,8,25,span25,False,0.5338050127029419,timesformer,diving48
ovWCmIMMkRI_00027,36,58,8,8,25,span25,True,0.6473402380943298,timesformer,diving48
Le6xdQ2OO8w_00112,36,178,8,8,25,span25,False,0.2371901422739029,timesformer,diving48
zBXtMcI41z8_00086,36,129,8,8,25,span25,False,0.24244599044322968,timesformer,diving48
SbzcCzXjYSU_00006,37,143,8,8,25,span25,False,0.5299700498580933,timesformer,diving48
bSsVWVfYU4w_00091,37,112,8,8,25,span25,False,0.5890845656394958,timesformer,diving48
bSsVWVfYU4w_00090,37,142,8,8,25,span25,False,0.20485948026180267,timesformer,diving48
SbzcCzXjYSU_00005,37,70,8,8,25,span25,False,0.31040486693382263,timesformer,diving48
cs8g1es4vfM_00036,38,54,8,8,25,span25,False,0.4208575189113617,timesformer,diving48
cs8g1es4vfM_00037,38,98,8,8,25,span25,False,0.39568212628364563,timesformer,diving48
yHo2oERGo7A_00094,39,104,8,8,25,span25,False,0.18531037867069244,timesformer,diving48
yHo2oERGo7A_00095,39,84,8,8,25,span25,False,0.25671908259391785,timesformer,diving48
cs8g1es4vfM_00044,39,106,8,8,25,span25,False,0.6012424826622009,timesformer,diving48
cs8g1es4vfM_00045,39,175,8,8,25,span25,False,0.23573973774909973,timesformer,diving48
yHo2oERGo7A_00093,39,92,8,8,25,span25,False,0.290530264377594,timesformer,diving48
rRw7peH60Yw_00033,40,185,8,8,25,span25,False,0.24011701345443726,timesformer,diving48
CVAfPfVFulQ_00012,31,57,8,8,50,span50,True,0.9751612544059753,timesformer,diving48
ovWCmIMMkRI_00026,31,112,8,8,50,span50,True,0.6362124681472778,timesformer,diving48
bSsVWVfYU4w_00038,31,47,8,8,50,span50,True,0.6413876414299011,timesformer,diving48
bSsVWVfYU4w_00078,31,93,8,8,50,span50,True,0.7560531497001648,timesformer,diving48
roFeEJPgJD8_00039,31,100,8,8,50,span50,True,0.7157371044158936,timesformer,diving48
Le6xdQ2OO8w_00105,31,89,8,8,50,span50,False,0.9726401567459106,timesformer,diving48
TMJ1XIZBRW4_00013,31,110,8,8,50,span50,False,0.9467664361000061,timesformer,diving48
ovWCmIMMkRI_00043,31,40,8,8,50,span50,True,0.46721526980400085,timesformer,diving48
k71Cc-Sm-Mg_00037,31,119,8,8,50,span50,False,0.34326815605163574,timesformer,diving48
CVAfPfVFulQ_00014,31,66,8,8,50,span50,False,0.4898664951324463,timesformer,diving48
yHo2oERGo7A_00003,31,114,8,8,50,span50,False,0.8714315891265869,timesformer,diving48
TMJ1XIZBRW4_00014,31,83,8,8,50,span50,False,0.8734042644500732,timesformer,diving48
bSsVWVfYU4w_00031,31,207,8,8,50,span50,True,0.9408829808235168,timesformer,diving48
k71Cc-Sm-Mg_00035,31,99,8,8,50,span50,False,0.2843775749206543,timesformer,diving48
Le6xdQ2OO8w_00181,31,135,8,8,50,span50,False,0.7542250156402588,timesformer,diving48
Le6xdQ2OO8w_00092,31,87,8,8,50,span50,False,0.6094224452972412,timesformer,diving48
Le6xdQ2OO8w_00243,32,76,8,8,50,span50,False,0.30303025245666504,timesformer,diving48
L_SB1PRgDTE_00021,32,56,8,8,50,span50,False,0.5898650884628296,timesformer,diving48
bSsVWVfYU4w_00133,32,142,8,8,50,span50,True,0.6993950605392456,timesformer,diving48
L2tKML4URG8_00007,32,85,8,8,50,span50,False,0.6786423921585083,timesformer,diving48
Le6xdQ2OO8w_00231,32,98,8,8,50,span50,False,0.7928915023803711,timesformer,diving48
L2tKML4URG8_00006,32,56,8,8,50,span50,False,0.47757822275161743,timesformer,diving48
bl0C6d9QgIg_00019,32,56,8,8,50,span50,True,0.5073190331459045,timesformer,diving48
L_SB1PRgDTE_00032,32,87,8,8,50,span50,False,0.6009411215782166,timesformer,diving48
MbzIpx8kAD0_00041,32,79,8,8,50,span50,True,0.7619740962982178,timesformer,diving48
Le6xdQ2OO8w_00237,32,89,8,8,50,span50,False,0.9055299758911133,timesformer,diving48
bSsVWVfYU4w_00165,32,106,8,8,50,span50,False,0.5791087746620178,timesformer,diving48
ovWCmIMMkRI_00039,32,95,8,8,50,span50,True,0.47916606068611145,timesformer,diving48
Le6xdQ2OO8w_00242,32,47,8,8,50,span50,False,0.6782965660095215,timesformer,diving48
mGRum47TLX0_00065,32,68,8,8,50,span50,False,0.8109831213951111,timesformer,diving48
mGRum47TLX0_00059,32,48,8,8,50,span50,False,0.29310086369514465,timesformer,diving48
Le6xdQ2OO8w_00262,32,78,8,8,50,span50,False,0.726705014705658,timesformer,diving48
Le6xdQ2OO8w_00211,32,107,8,8,50,span50,False,0.4858854413032532,timesformer,diving48
bl0C6d9QgIg_00020,32,118,8,8,50,span50,True,0.5626851320266724,timesformer,diving48
Le6xdQ2OO8w_00236,32,54,8,8,50,span50,False,0.5002965331077576,timesformer,diving48
Le6xdQ2OO8w_00230,32,84,8,8,50,span50,False,0.7582815289497375,timesformer,diving48
rRw7peH60Yw_00003,33,53,8,8,50,span50,True,0.6354466080665588,timesformer,diving48
XfCaMLlyj9I_00065,33,89,8,8,50,span50,False,0.4612695276737213,timesformer,diving48
XfCaMLlyj9I_00076,33,163,8,8,50,span50,False,0.9408856630325317,timesformer,diving48
XfCaMLlyj9I_00070,33,253,8,8,50,span50,True,0.22202709317207336,timesformer,diving48
rRw7peH60Yw_00026,33,71,8,8,50,span50,False,0.38832879066467285,timesformer,diving48
ovWCmIMMkRI_00049,33,106,8,8,50,span50,True,0.774282693862915,timesformer,diving48
k71Cc-Sm-Mg_00095,33,75,8,8,50,span50,True,0.6105512380599976,timesformer,diving48
jMEYIEYkpY0_00076,33,105,8,8,50,span50,False,0.39432600140571594,timesformer,diving48
jMEYIEYkpY0_00099,33,45,8,8,50,span50,True,0.4545620381832123,timesformer,diving48
rRw7peH60Yw_00005,33,131,8,8,50,span50,True,0.7965145111083984,timesformer,diving48
ovWCmIMMkRI_00047,33,120,8,8,50,span50,False,0.7198519706726074,timesformer,diving48
jMEYIEYkpY0_00075,33,111,8,8,50,span50,True,0.5490940809249878,timesformer,diving48
XfCaMLlyj9I_00141,33,130,8,8,50,span50,False,0.5061705708503723,timesformer,diving48
XfCaMLlyj9I_00063,33,82,8,8,50,span50,False,0.9155261516571045,timesformer,diving48
SbzcCzXjYSU_00041,33,320,8,8,50,span50,False,0.8221636414527893,timesformer,diving48
rRw7peH60Yw_00017,33,163,8,8,50,span50,False,0.978477954864502,timesformer,diving48
k71Cc-Sm-Mg_00096,33,101,8,8,50,span50,False,0.47661900520324707,timesformer,diving48
SbzcCzXjYSU_00042,33,120,8,8,50,span50,False,0.3971409201622009,timesformer,diving48
XfCaMLlyj9I_00073,33,83,8,8,50,span50,False,0.7648329138755798,timesformer,diving48
k71Cc-Sm-Mg_00098,33,70,8,8,50,span50,False,0.716242790222168,timesformer,diving48
SbzcCzXjYSU_00023,34,116,8,8,50,span50,False,0.4770159125328064,timesformer,diving48
roFeEJPgJD8_00025,34,87,8,8,50,span50,True,0.8313432335853577,timesformer,diving48
SbzcCzXjYSU_00024,34,103,8,8,50,span50,False,0.5051752328872681,timesformer,diving48
yHo2oERGo7A_00073,34,95,8,8,50,span50,False,0.3596688210964203,timesformer,diving48
yHo2oERGo7A_00013,34,121,8,8,50,span50,True,0.930357038974762,timesformer,diving48
yHo2oERGo7A_00031,34,132,8,8,50,span50,True,0.9533576369285583,timesformer,diving48
yHo2oERGo7A_00039,34,114,8,8,50,span50,True,0.38425782322883606,timesformer,diving48
jMEYIEYkpY0_00057,34,138,8,8,50,span50,True,0.3911990821361542,timesformer,diving48
CVAfPfVFulQ_00069,34,47,8,8,50,span50,True,0.6085001826286316,timesformer,diving48
SbzcCzXjYSU_00012,34,137,8,8,50,span50,False,0.2207546830177307,timesformer,diving48
zmacW6f2Tdk_00012,34,105,8,8,50,span50,True,0.45018646121025085,timesformer,diving48
bSsVWVfYU4w_00146,34,149,8,8,50,span50,False,0.9645401835441589,timesformer,diving48
yHo2oERGo7A_00010,34,124,8,8,50,span50,False,0.6824020147323608,timesformer,diving48
SbzcCzXjYSU_00010,34,263,8,8,50,span50,False,0.1278732717037201,timesformer,diving48
yHo2oERGo7A_00030,34,130,8,8,50,span50,False,0.7105517983436584,timesformer,diving48
SbzcCzXjYSU_00013,34,132,8,8,50,span50,True,0.7631677389144897,timesformer,diving48
bSsVWVfYU4w_00145,34,103,8,8,50,span50,False,0.6067506670951843,timesformer,diving48
CVAfPfVFulQ_00057,34,69,8,8,50,span50,False,0.6064637899398804,timesformer,diving48
SbzcCzXjYSU_00025,34,101,8,8,50,span50,False,0.9009855389595032,timesformer,diving48
CVAfPfVFulQ_00050,34,83,8,8,50,span50,True,0.5662243962287903,timesformer,diving48
qD3IMtAanSg_00096,35,162,8,8,50,span50,True,0.9961179494857788,timesformer,diving48
zBXtMcI41z8_00079,35,91,8,8,50,span50,False,0.7059988379478455,timesformer,diving48
sFO6XlfgxNQ_00065,35,174,8,8,50,span50,True,0.9873642325401306,timesformer,diving48
XfCaMLlyj9I_00128,35,74,8,8,50,span50,False,0.3444654047489166,timesformer,diving48
XfCaMLlyj9I_00124,35,71,8,8,50,span50,False,0.8137969970703125,timesformer,diving48
zBXtMcI41z8_00078,35,67,8,8,50,span50,True,0.6781758069992065,timesformer,diving48
qD3IMtAanSg_00095,35,66,8,8,50,span50,True,0.9986491799354553,timesformer,diving48
XfCaMLlyj9I_00085,35,170,8,8,50,span50,True,0.9434584379196167,timesformer,diving48
k71Cc-Sm-Mg_00142,35,81,8,8,50,span50,False,0.46719345450401306,timesformer,diving48
k71Cc-Sm-Mg_00149,35,53,8,8,50,span50,True,0.47933095693588257,timesformer,diving48
sFO6XlfgxNQ_00066,35,69,8,8,50,span50,False,0.9227949976921082,timesformer,diving48
sFO6XlfgxNQ_00064,35,76,8,8,50,span50,True,0.9932425618171692,timesformer,diving48
sFO6XlfgxNQ_00078,35,61,8,8,50,span50,False,0.390858918428421,timesformer,diving48
sFO6XlfgxNQ_00076,35,35,8,8,50,span50,True,0.9912672638893127,timesformer,diving48
zBXtMcI41z8_00035,35,48,8,8,50,span50,True,0.5396920442581177,timesformer,diving48
k71Cc-Sm-Mg_00143,35,116,8,8,50,span50,True,0.7958420515060425,timesformer,diving48
jMEYIEYkpY0_00046,35,118,8,8,50,span50,True,0.8250461220741272,timesformer,diving48
jMEYIEYkpY0_00051,35,121,8,8,50,span50,True,0.7109156250953674,timesformer,diving48
qD3IMtAanSg_00087,35,94,8,8,50,span50,True,0.9968940019607544,timesformer,diving48
sFO6XlfgxNQ_00108,35,123,8,8,50,span50,False,0.36610257625579834,timesformer,diving48
k71Cc-Sm-Mg_00005,36,103,8,8,50,span50,True,0.5760855674743652,timesformer,diving48
Le6xdQ2OO8w_00107,36,49,8,8,50,span50,False,0.43467631936073303,timesformer,diving48
bSsVWVfYU4w_00042,36,49,8,8,50,span50,False,0.4992768466472626,timesformer,diving48
sFO6XlfgxNQ_00011,36,161,8,8,50,span50,True,0.8795827627182007,timesformer,diving48
sFO6XlfgxNQ_00010,36,154,8,8,50,span50,False,0.7755808234214783,timesformer,diving48
mGRum47TLX0_00021,36,86,8,8,50,span50,True,0.7100719213485718,timesformer,diving48
zBXtMcI41z8_00092,36,98,8,8,50,span50,True,0.6313477158546448,timesformer,diving48
TMJ1XIZBRW4_00009,36,61,8,8,50,span50,True,0.7194868326187134,timesformer,diving48
Le6xdQ2OO8w_00096,36,138,8,8,50,span50,True,0.8770873546600342,timesformer,diving48
bSsVWVfYU4w_00035,36,120,8,8,50,span50,True,0.6330766677856445,timesformer,diving48
Le6xdQ2OO8w_00100,36,144,8,8,50,span50,False,0.885052502155304,timesformer,diving48
bSsVWVfYU4w_00088,36,129,8,8,50,span50,False,0.47520557045936584,timesformer,diving48
sFO6XlfgxNQ_00007,36,168,8,8,50,span50,False,0.9190794229507446,timesformer,diving48
Le6xdQ2OO8w_00116,36,104,8,8,50,span50,True,0.48548072576522827,timesformer,diving48
sFO6XlfgxNQ_00006,36,129,8,8,50,span50,True,0.9425671100616455,timesformer,diving48
zBXtMcI41z8_00005,36,52,8,8,50,span50,True,0.6847264170646667,timesformer,diving48
Le6xdQ2OO8w_00114,36,119,8,8,50,span50,False,0.45385032892227173,timesformer,diving48
ovWCmIMMkRI_00027,36,58,8,8,50,span50,True,0.9022786021232605,timesformer,diving48
Le6xdQ2OO8w_00112,36,178,8,8,50,span50,False,0.40545618534088135,timesformer,diving48
zBXtMcI41z8_00086,36,129,8,8,50,span50,False,0.7445530295372009,timesformer,diving48
SbzcCzXjYSU_00006,37,143,8,8,50,span50,False,0.6800701022148132,timesformer,diving48
bSsVWVfYU4w_00091,37,112,8,8,50,span50,True,0.3955489695072174,timesformer,diving48
bSsVWVfYU4w_00090,37,142,8,8,50,span50,False,0.7944091558456421,timesformer,diving48
SbzcCzXjYSU_00005,37,70,8,8,50,span50,False,0.43166232109069824,timesformer,diving48
cs8g1es4vfM_00036,38,54,8,8,50,span50,False,0.2765763998031616,timesformer,diving48
cs8g1es4vfM_00037,38,98,8,8,50,span50,False,0.32839369773864746,timesformer,diving48
yHo2oERGo7A_00094,39,104,8,8,50,span50,False,0.3918616771697998,timesformer,diving48
yHo2oERGo7A_00095,39,84,8,8,50,span50,False,0.5625712275505066,timesformer,diving48
cs8g1es4vfM_00044,39,106,8,8,50,span50,False,0.25471362471580505,timesformer,diving48
cs8g1es4vfM_00045,39,175,8,8,50,span50,False,0.354203462600708,timesformer,diving48
yHo2oERGo7A_00093,39,92,8,8,50,span50,False,0.5820401906967163,timesformer,diving48
rRw7peH60Yw_00033,40,185,8,8,50,span50,False,0.8123449087142944,timesformer,diving48
CVAfPfVFulQ_00012,31,57,8,8,75,span75,True,0.9621672630310059,timesformer,diving48
ovWCmIMMkRI_00026,31,112,8,8,75,span75,True,0.5928837060928345,timesformer,diving48
bSsVWVfYU4w_00038,31,47,8,8,75,span75,True,0.7951543927192688,timesformer,diving48
bSsVWVfYU4w_00078,31,93,8,8,75,span75,True,0.4049608111381531,timesformer,diving48
roFeEJPgJD8_00039,31,100,8,8,75,span75,True,0.5297860503196716,timesformer,diving48
Le6xdQ2OO8w_00105,31,89,8,8,75,span75,False,0.4462236166000366,timesformer,diving48
TMJ1XIZBRW4_00013,31,110,8,8,75,span75,False,0.886397659778595,timesformer,diving48
ovWCmIMMkRI_00043,31,40,8,8,75,span75,False,0.5166636109352112,timesformer,diving48
k71Cc-Sm-Mg_00037,31,119,8,8,75,span75,False,0.2973015606403351,timesformer,diving48
CVAfPfVFulQ_00014,31,66,8,8,75,span75,False,0.7277094125747681,timesformer,diving48
yHo2oERGo7A_00003,31,114,8,8,75,span75,True,0.6294992566108704,timesformer,diving48
TMJ1XIZBRW4_00014,31,83,8,8,75,span75,False,0.640762448310852,timesformer,diving48
bSsVWVfYU4w_00031,31,207,8,8,75,span75,True,0.8953443169593811,timesformer,diving48
k71Cc-Sm-Mg_00035,31,99,8,8,75,span75,False,0.207831010222435,timesformer,diving48
Le6xdQ2OO8w_00181,31,135,8,8,75,span75,True,0.8096328377723694,timesformer,diving48
Le6xdQ2OO8w_00092,31,87,8,8,75,span75,True,0.8027006387710571,timesformer,diving48
Le6xdQ2OO8w_00243,32,76,8,8,75,span75,True,0.5554142594337463,timesformer,diving48
L_SB1PRgDTE_00021,32,56,8,8,75,span75,False,0.8434157371520996,timesformer,diving48
bSsVWVfYU4w_00133,32,142,8,8,75,span75,False,0.729049026966095,timesformer,diving48
L2tKML4URG8_00007,32,85,8,8,75,span75,False,0.949802041053772,timesformer,diving48
Le6xdQ2OO8w_00231,32,98,8,8,75,span75,True,0.32074376940727234,timesformer,diving48
L2tKML4URG8_00006,32,56,8,8,75,span75,False,0.4409085512161255,timesformer,diving48
bl0C6d9QgIg_00019,32,56,8,8,75,span75,False,0.5811524391174316,timesformer,diving48
L_SB1PRgDTE_00032,32,87,8,8,75,span75,False,0.766777515411377,timesformer,diving48
MbzIpx8kAD0_00041,32,79,8,8,75,span75,True,0.5604182481765747,timesformer,diving48
Le6xdQ2OO8w_00237,32,89,8,8,75,span75,True,0.721706211566925,timesformer,diving48
bSsVWVfYU4w_00165,32,106,8,8,75,span75,True,0.7466422915458679,timesformer,diving48
ovWCmIMMkRI_00039,32,95,8,8,75,span75,False,0.7164056897163391,timesformer,diving48
Le6xdQ2OO8w_00242,32,47,8,8,75,span75,True,0.7770206928253174,timesformer,diving48
mGRum47TLX0_00065,32,68,8,8,75,span75,True,0.6772168874740601,timesformer,diving48
mGRum47TLX0_00059,32,48,8,8,75,span75,False,0.4148578345775604,timesformer,diving48
Le6xdQ2OO8w_00262,32,78,8,8,75,span75,True,0.908882737159729,timesformer,diving48
Le6xdQ2OO8w_00211,32,107,8,8,75,span75,True,0.6908465027809143,timesformer,diving48
bl0C6d9QgIg_00020,32,118,8,8,75,span75,True,0.5681554079055786,timesformer,diving48
Le6xdQ2OO8w_00236,32,54,8,8,75,span75,True,0.77154541015625,timesformer,diving48
Le6xdQ2OO8w_00230,32,84,8,8,75,span75,False,0.604682445526123,timesformer,diving48
rRw7peH60Yw_00003,33,53,8,8,75,span75,True,0.6687527894973755,timesformer,diving48
XfCaMLlyj9I_00065,33,89,8,8,75,span75,False,0.44522997736930847,timesformer,diving48
XfCaMLlyj9I_00076,33,163,8,8,75,span75,False,0.9427490234375,timesformer,diving48
XfCaMLlyj9I_00070,33,253,8,8,75,span75,False,0.7727020382881165,timesformer,diving48
rRw7peH60Yw_00026,33,71,8,8,75,span75,True,0.80629962682724,timesformer,diving48
ovWCmIMMkRI_00049,33,106,8,8,75,span75,True,0.4381226897239685,timesformer,diving48
k71Cc-Sm-Mg_00095,33,75,8,8,75,span75,False,0.753528356552124,timesformer,diving48
jMEYIEYkpY0_00076,33,105,8,8,75,span75,False,0.8575020432472229,timesformer,diving48
jMEYIEYkpY0_00099,33,45,8,8,75,span75,False,0.7099480628967285,timesformer,diving48
rRw7peH60Yw_00005,33,131,8,8,75,span75,True,0.9648209810256958,timesformer,diving48
ovWCmIMMkRI_00047,33,120,8,8,75,span75,True,0.8961970806121826,timesformer,diving48
jMEYIEYkpY0_00075,33,111,8,8,75,span75,True,0.9455068707466125,timesformer,diving48
XfCaMLlyj9I_00141,33,130,8,8,75,span75,True,0.5431567430496216,timesformer,diving48
XfCaMLlyj9I_00063,33,82,8,8,75,span75,False,0.6402568221092224,timesformer,diving48
SbzcCzXjYSU_00041,33,320,8,8,75,span75,True,0.4335692524909973,timesformer,diving48
rRw7peH60Yw_00017,33,163,8,8,75,span75,True,0.8034528493881226,timesformer,diving48
k71Cc-Sm-Mg_00096,33,101,8,8,75,span75,False,0.7857003211975098,timesformer,diving48
SbzcCzXjYSU_00042,33,120,8,8,75,span75,False,0.44740957021713257,timesformer,diving48
XfCaMLlyj9I_00073,33,83,8,8,75,span75,False,0.3921341896057129,timesformer,diving48
k71Cc-Sm-Mg_00098,33,70,8,8,75,span75,True,0.5857174396514893,timesformer,diving48
SbzcCzXjYSU_00023,34,116,8,8,75,span75,False,0.3785601854324341,timesformer,diving48
roFeEJPgJD8_00025,34,87,8,8,75,span75,True,0.8803192377090454,timesformer,diving48
SbzcCzXjYSU_00024,34,103,8,8,75,span75,False,0.3964250087738037,timesformer,diving48
yHo2oERGo7A_00073,34,95,8,8,75,span75,False,0.5053889155387878,timesformer,diving48
yHo2oERGo7A_00013,34,121,8,8,75,span75,False,0.22265444695949554,timesformer,diving48
yHo2oERGo7A_00031,34,132,8,8,75,span75,True,0.971662163734436,timesformer,diving48
yHo2oERGo7A_00039,34,114,8,8,75,span75,False,0.653101921081543,timesformer,diving48
jMEYIEYkpY0_00057,34,138,8,8,75,span75,True,0.7591117024421692,timesformer,diving48
CVAfPfVFulQ_00069,34,47,8,8,75,span75,True,0.8214480876922607,timesformer,diving48
SbzcCzXjYSU_00012,34,137,8,8,75,span75,True,0.7741446495056152,timesformer,diving48
zmacW6f2Tdk_00012,34,105,8,8,75,span75,True,0.21819254755973816,timesformer,diving48
bSsVWVfYU4w_00146,34,149,8,8,75,span75,False,0.570144534111023,timesformer,diving48
yHo2oERGo7A_00010,34,124,8,8,75,span75,True,0.2923511862754822,timesformer,diving48
SbzcCzXjYSU_00010,34,263,8,8,75,span75,False,0.44124656915664673,timesformer,diving48
yHo2oERGo7A_00030,34,130,8,8,75,span75,False,0.9248951077461243,timesformer,diving48
SbzcCzXjYSU_00013,34,132,8,8,75,span75,True,0.905411422252655,timesformer,diving48
bSsVWVfYU4w_00145,34,103,8,8,75,span75,True,0.8676434755325317,timesformer,diving48
CVAfPfVFulQ_00057,34,69,8,8,75,span75,True,0.6121617555618286,timesformer,diving48
SbzcCzXjYSU_00025,34,101,8,8,75,span75,True,0.944936990737915,timesformer,diving48
CVAfPfVFulQ_00050,34,83,8,8,75,span75,False,0.3507806658744812,timesformer,diving48
qD3IMtAanSg_00096,35,162,8,8,75,span75,True,0.9989176988601685,timesformer,diving48
zBXtMcI41z8_00079,35,91,8,8,75,span75,True,0.9173343777656555,timesformer,diving48
sFO6XlfgxNQ_00065,35,174,8,8,75,span75,True,0.9918633699417114,timesformer,diving48
XfCaMLlyj9I_00128,35,74,8,8,75,span75,True,0.8358076810836792,timesformer,diving48
XfCaMLlyj9I_00124,35,71,8,8,75,span75,False,0.46152639389038086,timesformer,diving48
zBXtMcI41z8_00078,35,67,8,8,75,span75,True,0.9847952723503113,timesformer,diving48
qD3IMtAanSg_00095,35,66,8,8,75,span75,True,0.9992281198501587,timesformer,diving48
XfCaMLlyj9I_00085,35,170,8,8,75,span75,True,0.9580432772636414,timesformer,diving48
k71Cc-Sm-Mg_00142,35,81,8,8,75,span75,True,0.7284283638000488,timesformer,diving48
k71Cc-Sm-Mg_00149,35,53,8,8,75,span75,True,0.47740116715431213,timesformer,diving48
sFO6XlfgxNQ_00066,35,69,8,8,75,span75,False,0.5701873898506165,timesformer,diving48
sFO6XlfgxNQ_00064,35,76,8,8,75,span75,True,0.9961292743682861,timesformer,diving48
sFO6XlfgxNQ_00078,35,61,8,8,75,span75,True,0.3596838712692261,timesformer,diving48
sFO6XlfgxNQ_00076,35,35,8,8,75,span75,True,0.9935423135757446,timesformer,diving48
zBXtMcI41z8_00035,35,48,8,8,75,span75,True,0.8823912143707275,timesformer,diving48
k71Cc-Sm-Mg_00143,35,116,8,8,75,span75,True,0.929521918296814,timesformer,diving48
jMEYIEYkpY0_00046,35,118,8,8,75,span75,True,0.4702545702457428,timesformer,diving48
jMEYIEYkpY0_00051,35,121,8,8,75,span75,True,0.45571768283843994,timesformer,diving48
qD3IMtAanSg_00087,35,94,8,8,75,span75,True,0.9849739074707031,timesformer,diving48
sFO6XlfgxNQ_00108,35,123,8,8,75,span75,True,0.8790885210037231,timesformer,diving48
k71Cc-Sm-Mg_00005,36,103,8,8,75,span75,False,0.7520928978919983,timesformer,diving48
Le6xdQ2OO8w_00107,36,49,8,8,75,span75,False,0.3205591142177582,timesformer,diving48
bSsVWVfYU4w_00042,36,49,8,8,75,span75,True,0.5894436240196228,timesformer,diving48
sFO6XlfgxNQ_00011,36,161,8,8,75,span75,True,0.9609131217002869,timesformer,diving48
sFO6XlfgxNQ_00010,36,154,8,8,75,span75,False,0.7844963073730469,timesformer,diving48
mGRum47TLX0_00021,36,86,8,8,75,span75,False,0.5792537331581116,timesformer,diving48
zBXtMcI41z8_00092,36,98,8,8,75,span75,False,0.5256590843200684,timesformer,diving48
TMJ1XIZBRW4_00009,36,61,8,8,75,span75,True,0.601352334022522,timesformer,diving48
Le6xdQ2OO8w_00096,36,138,8,8,75,span75,True,0.6245567798614502,timesformer,diving48
bSsVWVfYU4w_00035,36,120,8,8,75,span75,True,0.4467430114746094,timesformer,diving48
Le6xdQ2OO8w_00100,36,144,8,8,75,span75,False,0.4582669734954834,timesformer,diving48
bSsVWVfYU4w_00088,36,129,8,8,75,span75,False,0.6912005543708801,timesformer,diving48
sFO6XlfgxNQ_00007,36,168,8,8,75,span75,True,0.49973538517951965,timesformer,diving48
Le6xdQ2OO8w_00116,36,104,8,8,75,span75,False,0.48121845722198486,timesformer,diving48
sFO6XlfgxNQ_00006,36,129,8,8,75,span75,True,0.9563547372817993,timesformer,diving48
zBXtMcI41z8_00005,36,52,8,8,75,span75,True,0.916924774646759,timesformer,diving48
Le6xdQ2OO8w_00114,36,119,8,8,75,span75,False,0.8202819228172302,timesformer,diving48
ovWCmIMMkRI_00027,36,58,8,8,75,span75,True,0.90083247423172,timesformer,diving48
Le6xdQ2OO8w_00112,36,178,8,8,75,span75,False,0.17792072892189026,timesformer,diving48
zBXtMcI41z8_00086,36,129,8,8,75,span75,False,0.7107177972793579,timesformer,diving48
SbzcCzXjYSU_00006,37,143,8,8,75,span75,False,0.5796154141426086,timesformer,diving48
bSsVWVfYU4w_00091,37,112,8,8,75,span75,True,0.2857850193977356,timesformer,diving48
bSsVWVfYU4w_00090,37,142,8,8,75,span75,False,0.19393089413642883,timesformer,diving48
SbzcCzXjYSU_00005,37,70,8,8,75,span75,False,0.43446415662765503,timesformer,diving48
cs8g1es4vfM_00036,38,54,8,8,75,span75,False,0.26515787839889526,timesformer,diving48
cs8g1es4vfM_00037,38,98,8,8,75,span75,False,0.22255998849868774,timesformer,diving48
yHo2oERGo7A_00094,39,104,8,8,75,span75,False,0.5669261813163757,timesformer,diving48
yHo2oERGo7A_00095,39,84,8,8,75,span75,False,0.39391031861305237,timesformer,diving48
cs8g1es4vfM_00044,39,106,8,8,75,span75,False,0.7298247814178467,timesformer,diving48
cs8g1es4vfM_00045,39,175,8,8,75,span75,False,0.31484076380729675,timesformer,diving48
yHo2oERGo7A_00093,39,92,8,8,75,span75,False,0.5459792017936707,timesformer,diving48
rRw7peH60Yw_00033,40,185,8,8,75,span75,False,0.6786528825759888,timesformer,diving48
CVAfPfVFulQ_00012,31,57,8,8,100,span100,True,0.9721319079399109,timesformer,diving48
ovWCmIMMkRI_00026,31,112,8,8,100,span100,True,0.9023125171661377,timesformer,diving48
bSsVWVfYU4w_00038,31,47,8,8,100,span100,True,0.6898912191390991,timesformer,diving48
bSsVWVfYU4w_00078,31,93,8,8,100,span100,False,0.62904292345047,timesformer,diving48
roFeEJPgJD8_00039,31,100,8,8,100,span100,False,0.7049294114112854,timesformer,diving48
Le6xdQ2OO8w_00105,31,89,8,8,100,span100,False,0.772133469581604,timesformer,diving48
TMJ1XIZBRW4_00013,31,110,8,8,100,span100,False,0.40349042415618896,timesformer,diving48
ovWCmIMMkRI_00043,31,40,8,8,100,span100,False,0.570427417755127,timesformer,diving48
k71Cc-Sm-Mg_00037,31,119,8,8,100,span100,False,0.4419812560081482,timesformer,diving48
CVAfPfVFulQ_00014,31,66,8,8,100,span100,False,0.48763933777809143,timesformer,diving48
yHo2oERGo7A_00003,31,114,8,8,100,span100,False,0.3065173327922821,timesformer,diving48
TMJ1XIZBRW4_00014,31,83,8,8,100,span100,False,0.9200584292411804,timesformer,diving48
bSsVWVfYU4w_00031,31,207,8,8,100,span100,True,0.9625484943389893,timesformer,diving48
k71Cc-Sm-Mg_00035,31,99,8,8,100,span100,False,0.6548256874084473,timesformer,diving48
Le6xdQ2OO8w_00181,31,135,8,8,100,span100,True,0.9320448637008667,timesformer,diving48
Le6xdQ2OO8w_00092,31,87,8,8,100,span100,True,0.7029092907905579,timesformer,diving48
Le6xdQ2OO8w_00243,32,76,8,8,100,span100,True,0.5733259320259094,timesformer,diving48
L_SB1PRgDTE_00021,32,56,8,8,100,span100,False,0.7928538918495178,timesformer,diving48
bSsVWVfYU4w_00133,32,142,8,8,100,span100,False,0.4808507263660431,timesformer,diving48
L2tKML4URG8_00007,32,85,8,8,100,span100,False,0.8959500193595886,timesformer,diving48
Le6xdQ2OO8w_00231,32,98,8,8,100,span100,False,0.9614747762680054,timesformer,diving48
L2tKML4URG8_00006,32,56,8,8,100,span100,False,0.7286299467086792,timesformer,diving48
bl0C6d9QgIg_00019,32,56,8,8,100,span100,False,0.5082141757011414,timesformer,diving48
L_SB1PRgDTE_00032,32,87,8,8,100,span100,False,0.6716387271881104,timesformer,diving48
MbzIpx8kAD0_00041,32,79,8,8,100,span100,True,0.5793808698654175,timesformer,diving48
Le6xdQ2OO8w_00237,32,89,8,8,100,span100,True,0.6360441446304321,timesformer,diving48
bSsVWVfYU4w_00165,32,106,8,8,100,span100,True,0.8291374444961548,timesformer,diving48
ovWCmIMMkRI_00039,32,95,8,8,100,span100,False,0.5477045178413391,timesformer,diving48
Le6xdQ2OO8w_00242,32,47,8,8,100,span100,False,0.5909098386764526,timesformer,diving48
mGRum47TLX0_00065,32,68,8,8,100,span100,True,0.7960025668144226,timesformer,diving48
mGRum47TLX0_00059,32,48,8,8,100,span100,True,0.4471563696861267,timesformer,diving48
Le6xdQ2OO8w_00262,32,78,8,8,100,span100,True,0.7268839478492737,timesformer,diving48
Le6xdQ2OO8w_00211,32,107,8,8,100,span100,True,0.48828479647636414,timesformer,diving48
bl0C6d9QgIg_00020,32,118,8,8,100,span100,False,0.3391019403934479,timesformer,diving48
Le6xdQ2OO8w_00236,32,54,8,8,100,span100,True,0.6541405320167542,timesformer,diving48
Le6xdQ2OO8w_00230,32,84,8,8,100,span100,False,0.46932005882263184,timesformer,diving48
rRw7peH60Yw_00003,33,53,8,8,100,span100,True,0.7917110323905945,timesformer,diving48
XfCaMLlyj9I_00065,33,89,8,8,100,span100,False,0.7648996710777283,timesformer,diving48
XfCaMLlyj9I_00076,33,163,8,8,100,span100,True,0.9337119460105896,timesformer,diving48
XfCaMLlyj9I_00070,33,253,8,8,100,span100,False,0.7550684213638306,timesformer,diving48
rRw7peH60Yw_00026,33,71,8,8,100,span100,True,0.6852005124092102,timesformer,diving48
ovWCmIMMkRI_00049,33,106,8,8,100,span100,True,0.9395672082901001,timesformer,diving48
k71Cc-Sm-Mg_00095,33,75,8,8,100,span100,True,0.32478776574134827,timesformer,diving48
jMEYIEYkpY0_00076,33,105,8,8,100,span100,False,0.9650169610977173,timesformer,diving48
jMEYIEYkpY0_00099,33,45,8,8,100,span100,False,0.8296891450881958,timesformer,diving48
rRw7peH60Yw_00005,33,131,8,8,100,span100,True,0.7046904563903809,timesformer,diving48
ovWCmIMMkRI_00047,33,120,8,8,100,span100,False,0.8116808533668518,timesformer,diving48
jMEYIEYkpY0_00075,33,111,8,8,100,span100,True,0.8769716024398804,timesformer,diving48
XfCaMLlyj9I_00141,33,130,8,8,100,span100,True,0.8157549500465393,timesformer,diving48
XfCaMLlyj9I_00063,33,82,8,8,100,span100,False,0.2489798218011856,timesformer,diving48
SbzcCzXjYSU_00041,33,320,8,8,100,span100,True,0.8745546936988831,timesformer,diving48
rRw7peH60Yw_00017,33,163,8,8,100,span100,True,0.7791460156440735,timesformer,diving48
k71Cc-Sm-Mg_00096,33,101,8,8,100,span100,False,0.9766531586647034,timesformer,diving48
SbzcCzXjYSU_00042,33,120,8,8,100,span100,False,0.5616461634635925,timesformer,diving48
XfCaMLlyj9I_00073,33,83,8,8,100,span100,False,0.7182827591896057,timesformer,diving48
k71Cc-Sm-Mg_00098,33,70,8,8,100,span100,False,0.8148267269134521,timesformer,diving48
SbzcCzXjYSU_00023,34,116,8,8,100,span100,False,0.6889957785606384,timesformer,diving48
roFeEJPgJD8_00025,34,87,8,8,100,span100,True,0.6302730441093445,timesformer,diving48
SbzcCzXjYSU_00024,34,103,8,8,100,span100,False,0.4351573884487152,timesformer,diving48
yHo2oERGo7A_00073,34,95,8,8,100,span100,True,0.4537487328052521,timesformer,diving48
yHo2oERGo7A_00013,34,121,8,8,100,span100,True,0.8502398133277893,timesformer,diving48
yHo2oERGo7A_00031,34,132,8,8,100,span100,False,0.42883387207984924,timesformer,diving48
yHo2oERGo7A_00039,34,114,8,8,100,span100,False,0.591973602771759,timesformer,diving48
jMEYIEYkpY0_00057,34,138,8,8,100,span100,True,0.9590926766395569,timesformer,diving48
CVAfPfVFulQ_00069,34,47,8,8,100,span100,True,0.9598298072814941,timesformer,diving48
SbzcCzXjYSU_00012,34,137,8,8,100,span100,False,0.5118806958198547,timesformer,diving48
zmacW6f2Tdk_00012,34,105,8,8,100,span100,True,0.36299818754196167,timesformer,diving48
bSsVWVfYU4w_00146,34,149,8,8,100,span100,True,0.2990332245826721,timesformer,diving48
yHo2oERGo7A_00010,34,124,8,8,100,span100,True,0.37862876057624817,timesformer,diving48
SbzcCzXjYSU_00010,34,263,8,8,100,span100,False,0.2613447308540344,timesformer,diving48
yHo2oERGo7A_00030,34,130,8,8,100,span100,True,0.9549677968025208,timesformer,diving48
SbzcCzXjYSU_00013,34,132,8,8,100,span100,True,0.6380389332771301,timesformer,diving48
bSsVWVfYU4w_00145,34,103,8,8,100,span100,True,0.4317695200443268,timesformer,diving48
CVAfPfVFulQ_00057,34,69,8,8,100,span100,True,0.8945510983467102,timesformer,diving48
SbzcCzXjYSU_00025,34,101,8,8,100,span100,True,0.9103579521179199,timesformer,diving48
CVAfPfVFulQ_00050,34,83,8,8,100,span100,True,0.25172731280326843,timesformer,diving48
qD3IMtAanSg_00096,35,162,8,8,100,span100,True,0.926172137260437,timesformer,diving48
zBXtMcI41z8_00079,35,91,8,8,100,span100,True,0.7414451837539673,timesformer,diving48
sFO6XlfgxNQ_00065,35,174,8,8,100,span100,True,0.9449586868286133,timesformer,diving48
XfCaMLlyj9I_00128,35,74,8,8,100,span100,True,0.8832232356071472,timesformer,diving48
XfCaMLlyj9I_00124,35,71,8,8,100,span100,True,0.49354472756385803,timesformer,diving48
zBXtMcI41z8_00078,35,67,8,8,100,span100,True,0.9244848489761353,timesformer,diving48
qD3IMtAanSg_00095,35,66,8,8,100,span100,True,0.9979873895645142,timesformer,diving48
XfCaMLlyj9I_00085,35,170,8,8,100,span100,True,0.983155369758606,timesformer,diving48
k71Cc-Sm-Mg_00142,35,81,8,8,100,span100,True,0.8604249358177185,timesformer,diving48
k71Cc-Sm-Mg_00149,35,53,8,8,100,span100,True,0.9831802845001221,timesformer,diving48
sFO6XlfgxNQ_00066,35,69,8,8,100,span100,False,0.39260658621788025,timesformer,diving48
sFO6XlfgxNQ_00064,35,76,8,8,100,span100,True,0.995896577835083,timesformer,diving48
sFO6XlfgxNQ_00078,35,61,8,8,100,span100,False,0.2714952230453491,timesformer,diving48
sFO6XlfgxNQ_00076,35,35,8,8,100,span100,True,0.9974811673164368,timesformer,diving48
zBXtMcI41z8_00035,35,48,8,8,100,span100,True,0.9693357348442078,timesformer,diving48
k71Cc-Sm-Mg_00143,35,116,8,8,100,span100,True,0.7087863087654114,timesformer,diving48
jMEYIEYkpY0_00046,35,118,8,8,100,span100,False,0.3595251142978668,timesformer,diving48
jMEYIEYkpY0_00051,35,121,8,8,100,span100,False,0.34803518652915955,timesformer,diving48
qD3IMtAanSg_00087,35,94,8,8,100,span100,True,0.9637479782104492,timesformer,diving48
sFO6XlfgxNQ_00108,35,123,8,8,100,span100,True,0.6153857707977295,timesformer,diving48
k71Cc-Sm-Mg_00005,36,103,8,8,100,span100,False,0.8391550183296204,timesformer,diving48
Le6xdQ2OO8w_00107,36,49,8,8,100,span100,False,0.3888399302959442,timesformer,diving48
bSsVWVfYU4w_00042,36,49,8,8,100,span100,True,0.5841692090034485,timesformer,diving48
sFO6XlfgxNQ_00011,36,161,8,8,100,span100,True,0.9644669890403748,timesformer,diving48
sFO6XlfgxNQ_00010,36,154,8,8,100,span100,True,0.846886396408081,timesformer,diving48
mGRum47TLX0_00021,36,86,8,8,100,span100,True,0.9371445775032043,timesformer,diving48
zBXtMcI41z8_00092,36,98,8,8,100,span100,False,0.4808120131492615,timesformer,diving48
TMJ1XIZBRW4_00009,36,61,8,8,100,span100,False,0.5897257328033447,timesformer,diving48
Le6xdQ2OO8w_00096,36,138,8,8,100,span100,True,0.6839760541915894,timesformer,diving48
bSsVWVfYU4w_00035,36,120,8,8,100,span100,False,0.75464928150177,timesformer,diving48
Le6xdQ2OO8w_00100,36,144,8,8,100,span100,False,0.30551809072494507,timesformer,diving48
bSsVWVfYU4w_00088,36,129,8,8,100,span100,False,0.7866687774658203,timesformer,diving48
sFO6XlfgxNQ_00007,36,168,8,8,100,span100,False,0.6413493752479553,timesformer,diving48
Le6xdQ2OO8w_00116,36,104,8,8,100,span100,False,0.43003666400909424,timesformer,diving48
sFO6XlfgxNQ_00006,36,129,8,8,100,span100,False,0.21884401142597198,timesformer,diving48
zBXtMcI41z8_00005,36,52,8,8,100,span100,True,0.9633298516273499,timesformer,diving48
Le6xdQ2OO8w_00114,36,119,8,8,100,span100,False,0.2934645116329193,timesformer,diving48
ovWCmIMMkRI_00027,36,58,8,8,100,span100,True,0.9819589257240295,timesformer,diving48
Le6xdQ2OO8w_00112,36,178,8,8,100,span100,True,0.4802197217941284,timesformer,diving48
zBXtMcI41z8_00086,36,129,8,8,100,span100,True,0.7329210042953491,timesformer,diving48
SbzcCzXjYSU_00006,37,143,8,8,100,span100,False,0.8327094912528992,timesformer,diving48
bSsVWVfYU4w_00091,37,112,8,8,100,span100,False,0.6986386179924011,timesformer,diving48
bSsVWVfYU4w_00090,37,142,8,8,100,span100,False,0.252331405878067,timesformer,diving48
SbzcCzXjYSU_00005,37,70,8,8,100,span100,False,0.9719731211662292,timesformer,diving48
cs8g1es4vfM_00036,38,54,8,8,100,span100,False,0.3445897102355957,timesformer,diving48
cs8g1es4vfM_00037,38,98,8,8,100,span100,False,0.37405505776405334,timesformer,diving48
yHo2oERGo7A_00094,39,104,8,8,100,span100,False,0.6971001029014587,timesformer,diving48
yHo2oERGo7A_00095,39,84,8,8,100,span100,False,0.2649816870689392,timesformer,diving48
cs8g1es4vfM_00044,39,106,8,8,100,span100,False,0.402498722076416,timesformer,diving48
cs8g1es4vfM_00045,39,175,8,8,100,span100,False,0.3062044084072113,timesformer,diving48
yHo2oERGo7A_00093,39,92,8,8,100,span100,False,0.5986363291740417,timesformer,diving48
rRw7peH60Yw_00033,40,185,8,8,100,span100,False,0.5920875072479248,timesformer,diving48
rRw7peH60Yw_00012,40,133,8,8,10,span10,False,0.2652047276496887,timesformer,diving48
sRA_iEJGHtU_00001,41,44,4,8,10,span10,False,0.28300216794013977,timesformer,diving48
cs8g1es4vfM_00007,41,141,8,8,10,span10,False,0.6665328741073608,timesformer,diving48
zmacW6f2Tdk_00055,41,97,8,8,10,span10,False,0.565991997718811,timesformer,diving48
SbzcCzXjYSU_00035,41,108,8,8,10,span10,False,0.9918144345283508,timesformer,diving48
SbzcCzXjYSU_00036,41,82,8,8,10,span10,False,0.8658587336540222,timesformer,diving48
SbzcCzXjYSU_00037,41,118,8,8,10,span10,False,0.7176573872566223,timesformer,diving48
sRA_iEJGHtU_00003,41,88,8,8,10,span10,True,0.6886482834815979,timesformer,diving48
sRA_iEJGHtU_00000,41,44,4,8,10,span10,False,0.29420411586761475,timesformer,diving48
cs8g1es4vfM_00006,41,107,8,8,10,span10,False,0.20339028537273407,timesformer,diving48
sRA_iEJGHtU_00002,41,54,5,8,10,span10,True,0.4371165633201599,timesformer,diving48
k71Cc-Sm-Mg_00180,42,125,8,8,10,span10,False,0.35486358404159546,timesformer,diving48
k71Cc-Sm-Mg_00179,42,66,7,8,10,span10,False,0.2782374620437622,timesformer,diving48
rRw7peH60Yw_00023,42,293,8,8,10,span10,False,0.23873354494571686,timesformer,diving48
SbzcCzXjYSU_00044,43,179,8,8,10,span10,False,0.3179258406162262,timesformer,diving48
SbzcCzXjYSU_00046,43,179,8,8,10,span10,False,0.8544842004776001,timesformer,diving48
rRw7peH60Yw_00022,43,156,8,8,10,span10,True,0.5070726871490479,timesformer,diving48
rRw7peH60Yw_00007,43,107,8,8,10,span10,False,0.9962112903594971,timesformer,diving48
SbzcCzXjYSU_00017,43,62,6,8,10,span10,False,0.729322075843811,timesformer,diving48
zmacW6f2Tdk_00053,43,113,8,8,10,span10,False,0.5546853542327881,timesformer,diving48
SbzcCzXjYSU_00045,43,306,8,8,10,span10,True,0.6573672890663147,timesformer,diving48
zmacW6f2Tdk_00054,43,144,8,8,10,span10,False,0.3874346613883972,timesformer,diving48
8qRmKunCjtY_00017,43,130,8,8,10,span10,False,0.7052553296089172,timesformer,diving48
yHo2oERGo7A_00074,44,146,8,8,10,span10,False,0.7313973307609558,timesformer,diving48
roFeEJPgJD8_00023,44,92,8,8,10,span10,False,0.6904906630516052,timesformer,diving48
Le6xdQ2OO8w_00223,44,107,8,8,10,span10,False,0.5692098736763,timesformer,diving48
zmacW6f2Tdk_00022,44,41,4,8,10,span10,False,0.3921654522418976,timesformer,diving48
CVAfPfVFulQ_00074,44,88,8,8,10,span10,False,0.29807668924331665,timesformer,diving48
yHo2oERGo7A_00049,44,85,8,8,10,span10,False,0.9356120824813843,timesformer,diving48
SbzcCzXjYSU_00026,44,146,8,8,10,span10,False,0.7591648101806641,timesformer,diving48
jMEYIEYkpY0_00086,44,77,8,8,10,span10,False,0.6301256418228149,timesformer,diving48
jMEYIEYkpY0_00071,44,102,8,8,10,span10,False,0.7125056982040405,timesformer,diving48
roFeEJPgJD8_00024,44,96,8,8,10,span10,False,0.24978025257587433,timesformer,diving48
TMJ1XIZBRW4_00049,44,70,7,8,10,span10,False,0.2968961000442505,timesformer,diving48
cs8g1es4vfM_00030,44,109,8,8,10,span10,True,0.23253290355205536,timesformer,diving48
yHo2oERGo7A_00062,44,190,8,8,10,span10,False,0.3458959460258484,timesformer,diving48
yHo2oERGo7A_00080,44,141,8,8,10,span10,False,0.38001516461372375,timesformer,diving48
jMEYIEYkpY0_00085,44,83,8,8,10,span10,False,0.39657747745513916,timesformer,diving48
yHo2oERGo7A_00050,44,144,8,8,10,span10,False,0.37657326459884644,timesformer,diving48
zmacW6f2Tdk_00033,44,118,8,8,10,span10,False,0.807889461517334,timesformer,diving48
Le6xdQ2OO8w_00222,44,130,8,8,10,span10,True,0.7022696137428284,timesformer,diving48
cs8g1es4vfM_00026,44,80,8,8,10,span10,False,0.42025259137153625,timesformer,diving48
yHo2oERGo7A_00063,44,202,8,8,10,span10,False,0.31105533242225647,timesformer,diving48
rRw7peH60Yw_00015,45,118,8,8,10,span10,False,0.7335638403892517,timesformer,diving48
k71Cc-Sm-Mg_00063,45,94,8,8,10,span10,False,0.8747540712356567,timesformer,diving48
qD3IMtAanSg_00118,45,178,8,8,10,span10,False,0.7362647652626038,timesformer,diving48
qD3IMtAanSg_00094,45,180,8,8,10,span10,False,0.6245682239532471,timesformer,diving48
qD3IMtAanSg_00001,45,191,8,8,10,span10,False,0.6111862063407898,timesformer,diving48
XfCaMLlyj9I_00104,45,64,6,8,10,span10,False,0.4088658392429352,timesformer,diving48
qD3IMtAanSg_00093,45,63,6,8,10,span10,False,0.3487834632396698,timesformer,diving48
qD3IMtAanSg_00071,45,178,8,8,10,span10,False,0.46300652623176575,timesformer,diving48
qD3IMtAanSg_00049,45,106,8,8,10,span10,False,0.8333978652954102,timesformer,diving48
qD3IMtAanSg_00000,45,91,8,8,10,span10,True,0.28158456087112427,timesformer,diving48
XfCaMLlyj9I_00106,45,76,8,8,10,span10,False,0.505273699760437,timesformer,diving48
k71Cc-Sm-Mg_00091,45,72,7,8,10,span10,False,0.4816214144229889,timesformer,diving48
jMEYIEYkpY0_00069,45,81,8,8,10,span10,False,0.6160258650779724,timesformer,diving48
k71Cc-Sm-Mg_00064,45,141,8,8,10,span10,False,0.6789763569831848,timesformer,diving48
qD3IMtAanSg_00108,45,83,8,8,10,span10,True,0.4827566146850586,timesformer,diving48
zBXtMcI41z8_00055,45,91,8,8,10,span10,False,0.40380430221557617,timesformer,diving48
zBXtMcI41z8_00054,45,72,7,8,10,span10,False,0.6250648498535156,timesformer,diving48
XfCaMLlyj9I_00105,45,131,8,8,10,span10,True,0.42639538645744324,timesformer,diving48
k71Cc-Sm-Mg_00065,45,112,8,8,10,span10,False,0.7244489192962646,timesformer,diving48
qD3IMtAanSg_00107,45,157,8,8,10,span10,False,0.8925079107284546,timesformer,diving48
zBXtMcI41z8_00025,46,90,8,8,10,span10,True,0.5252541303634644,timesformer,diving48
bSsVWVfYU4w_00057,46,134,8,8,10,span10,True,0.9483308792114258,timesformer,diving48
MbzIpx8kAD0_00028,46,104,8,8,10,span10,True,0.49972400069236755,timesformer,diving48
zBXtMcI41z8_00024,46,77,8,8,10,span10,True,0.5207982063293457,timesformer,diving48
sFO6XlfgxNQ_00001,46,179,8,8,10,span10,False,0.8861560225486755,timesformer,diving48
sFO6XlfgxNQ_00015,46,84,8,8,10,span10,True,0.3173927962779999,timesformer,diving48
bSsVWVfYU4w_00082,46,89,8,8,10,span10,False,0.541833221912384,timesformer,diving48
k71Cc-Sm-Mg_00163,46,95,8,8,10,span10,False,0.5222365260124207,timesformer,diving48
zBXtMcI41z8_00097,46,75,8,8,10,span10,True,0.9422400593757629,timesformer,diving48
k71Cc-Sm-Mg_00159,46,155,8,8,10,span10,False,0.4626323878765106,timesformer,diving48
k71Cc-Sm-Mg_00026,46,140,8,8,10,span10,False,0.7424997091293335,timesformer,diving48
k71Cc-Sm-Mg_00034,46,92,8,8,10,span10,False,0.6985385417938232,timesformer,diving48
MbzIpx8kAD0_00022,46,80,8,8,10,span10,False,0.7937062382698059,timesformer,diving48
zBXtMcI41z8_00106,46,66,7,8,10,span10,False,0.6998111605644226,timesformer,diving48
Le6xdQ2OO8w_00089,46,98,8,8,10,span10,False,0.2396598905324936,timesformer,diving48
zBXtMcI41z8_00015,46,61,6,8,10,span10,True,0.43734240531921387,timesformer,diving48
XfCaMLlyj9I_00029,46,186,8,8,10,span10,False,0.4187702536582947,timesformer,diving48
ovWCmIMMkRI_00015,46,56,6,8,10,span10,True,0.7468003034591675,timesformer,diving48
XfCaMLlyj9I_00042,46,93,8,8,10,span10,True,0.9552518129348755,timesformer,diving48
sFO6XlfgxNQ_00034,46,69,7,8,10,span10,False,0.8704233169555664,timesformer,diving48
mGRum47TLX0_00033,47,80,8,8,10,span10,False,0.9208864569664001,timesformer,diving48
Le6xdQ2OO8w_00077,47,25,2,8,10,span10,False,0.16094736754894257,timesformer,diving48
CVAfPfVFulQ_00042,47,88,8,8,10,span10,False,0.6410757303237915,timesformer,diving48
MbzIpx8kAD0_00023,47,112,8,8,10,span10,False,0.17059120535850525,timesformer,diving48
bSsVWVfYU4w_00062,47,58,6,8,10,span10,False,0.2807641923427582,timesformer,diving48
Le6xdQ2OO8w_00061,47,59,6,8,10,span10,False,0.7035123109817505,timesformer,diving48
CVAfPfVFulQ_00030,47,103,8,8,10,span10,False,0.7270267009735107,timesformer,diving48
CVAfPfVFulQ_00041,47,127,8,8,10,span10,False,0.5483134388923645,timesformer,diving48
Le6xdQ2OO8w_00078,47,124,8,8,10,span10,False,0.3969057500362396,timesformer,diving48
mGRum47TLX0_00040,47,57,6,8,10,span10,False,0.2980653941631317,timesformer,diving48
bSsVWVfYU4w_00073,47,165,8,8,10,span10,False,0.26961880922317505,timesformer,diving48
ovWCmIMMkRI_00051,47,126,8,8,10,span10,False,0.25415149331092834,timesformer,diving48
CVAfPfVFulQ_00037,47,88,8,8,10,span10,False,0.4426504373550415,timesformer,diving48
bSsVWVfYU4w_00063,47,119,8,8,10,span10,False,0.23738114535808563,timesformer,diving48
mGRum47TLX0_00031,47,87,8,8,10,span10,False,0.30695727467536926,timesformer,diving48
bSsVWVfYU4w_00075,47,99,8,8,10,span10,False,0.32154524326324463,timesformer,diving48
bSsVWVfYU4w_00070,47,115,8,8,10,span10,False,0.2512108087539673,timesformer,diving48
CVAfPfVFulQ_00046,47,122,8,8,10,span10,False,0.6424248814582825,timesformer,diving48
bSsVWVfYU4w_00074,47,178,8,8,10,span10,False,0.9524510502815247,timesformer,diving48
mGRum47TLX0_00037,47,66,7,8,10,span10,False,0.5573064088821411,timesformer,diving48
rRw7peH60Yw_00012,40,133,8,8,25,span25,False,0.5745362639427185,timesformer,diving48
sRA_iEJGHtU_00001,41,44,8,8,25,span25,False,0.4059179723262787,timesformer,diving48
cs8g1es4vfM_00007,41,141,8,8,25,span25,False,0.40760618448257446,timesformer,diving48
zmacW6f2Tdk_00055,41,97,8,8,25,span25,False,0.3680481016635895,timesformer,diving48
SbzcCzXjYSU_00035,41,108,8,8,25,span25,False,0.9112650752067566,timesformer,diving48
SbzcCzXjYSU_00036,41,82,8,8,25,span25,False,0.9036964774131775,timesformer,diving48
SbzcCzXjYSU_00037,41,118,8,8,25,span25,False,0.8134403228759766,timesformer,diving48
sRA_iEJGHtU_00003,41,88,8,8,25,span25,True,0.915243923664093,timesformer,diving48
sRA_iEJGHtU_00000,41,44,8,8,25,span25,False,0.6718953251838684,timesformer,diving48
cs8g1es4vfM_00006,41,107,8,8,25,span25,False,0.2724205255508423,timesformer,diving48
sRA_iEJGHtU_00002,41,54,8,8,25,span25,True,0.6697598099708557,timesformer,diving48
k71Cc-Sm-Mg_00180,42,125,8,8,25,span25,False,0.3172712028026581,timesformer,diving48
k71Cc-Sm-Mg_00179,42,66,8,8,25,span25,False,0.7441975474357605,timesformer,diving48
rRw7peH60Yw_00023,42,293,8,8,25,span25,False,0.4219490587711334,timesformer,diving48
SbzcCzXjYSU_00044,43,179,8,8,25,span25,True,0.48843446373939514,timesformer,diving48
SbzcCzXjYSU_00046,43,179,8,8,25,span25,False,0.36672747135162354,timesformer,diving48
rRw7peH60Yw_00022,43,156,8,8,25,span25,False,0.6487194895744324,timesformer,diving48
rRw7peH60Yw_00007,43,107,8,8,25,span25,False,0.9911621809005737,timesformer,diving48
SbzcCzXjYSU_00017,43,62,8,8,25,span25,True,0.8419421315193176,timesformer,diving48
zmacW6f2Tdk_00053,43,113,8,8,25,span25,False,0.8489630222320557,timesformer,diving48
SbzcCzXjYSU_00045,43,306,8,8,25,span25,True,0.3405342698097229,timesformer,diving48
zmacW6f2Tdk_00054,43,144,8,8,25,span25,False,0.32409951090812683,timesformer,diving48
8qRmKunCjtY_00017,43,130,8,8,25,span25,False,0.915346622467041,timesformer,diving48
yHo2oERGo7A_00074,44,146,8,8,25,span25,False,0.6697774529457092,timesformer,diving48
roFeEJPgJD8_00023,44,92,8,8,25,span25,False,0.36140185594558716,timesformer,diving48
Le6xdQ2OO8w_00223,44,107,8,8,25,span25,False,0.5407290458679199,timesformer,diving48
zmacW6f2Tdk_00022,44,41,8,8,25,span25,False,0.2884043753147125,timesformer,diving48
CVAfPfVFulQ_00074,44,88,8,8,25,span25,False,0.27957576513290405,timesformer,diving48
yHo2oERGo7A_00049,44,85,8,8,25,span25,False,0.3131210505962372,timesformer,diving48
SbzcCzXjYSU_00026,44,146,8,8,25,span25,False,0.5172663331031799,timesformer,diving48
jMEYIEYkpY0_00086,44,77,8,8,25,span25,False,0.7727306485176086,timesformer,diving48
jMEYIEYkpY0_00071,44,102,8,8,25,span25,False,0.33593109250068665,timesformer,diving48
roFeEJPgJD8_00024,44,96,8,8,25,span25,False,0.3890153169631958,timesformer,diving48
TMJ1XIZBRW4_00049,44,70,8,8,25,span25,True,0.9037274718284607,timesformer,diving48
cs8g1es4vfM_00030,44,109,8,8,25,span25,False,0.5933772921562195,timesformer,diving48
yHo2oERGo7A_00062,44,190,8,8,25,span25,False,0.3574043810367584,timesformer,diving48
yHo2oERGo7A_00080,44,141,8,8,25,span25,False,0.4635528028011322,timesformer,diving48
jMEYIEYkpY0_00085,44,83,8,8,25,span25,False,0.755336582660675,timesformer,diving48
yHo2oERGo7A_00050,44,144,8,8,25,span25,False,0.15895038843154907,timesformer,diving48
zmacW6f2Tdk_00033,44,118,8,8,25,span25,True,0.6484227180480957,timesformer,diving48
Le6xdQ2OO8w_00222,44,130,8,8,25,span25,True,0.7354089021682739,timesformer,diving48
cs8g1es4vfM_00026,44,80,8,8,25,span25,False,0.6545382738113403,timesformer,diving48
yHo2oERGo7A_00063,44,202,8,8,25,span25,True,0.28616592288017273,timesformer,diving48
rRw7peH60Yw_00015,45,118,8,8,25,span25,False,0.37552428245544434,timesformer,diving48
k71Cc-Sm-Mg_00063,45,94,8,8,25,span25,False,0.4845714271068573,timesformer,diving48
qD3IMtAanSg_00118,45,178,8,8,25,span25,False,0.4838254451751709,timesformer,diving48
qD3IMtAanSg_00094,45,180,8,8,25,span25,False,0.496404230594635,timesformer,diving48
qD3IMtAanSg_00001,45,191,8,8,25,span25,False,0.5367971658706665,timesformer,diving48
XfCaMLlyj9I_00104,45,64,8,8,25,span25,False,0.6037095189094543,timesformer,diving48
qD3IMtAanSg_00093,45,63,8,8,25,span25,False,0.43571725487709045,timesformer,diving48
qD3IMtAanSg_00071,45,178,8,8,25,span25,False,0.6958290934562683,timesformer,diving48
qD3IMtAanSg_00049,45,106,8,8,25,span25,True,0.48678362369537354,timesformer,diving48
qD3IMtAanSg_00000,45,91,8,8,25,span25,True,0.9561560153961182,timesformer,diving48
XfCaMLlyj9I_00106,45,76,8,8,25,span25,False,0.3861374855041504,timesformer,diving48
k71Cc-Sm-Mg_00091,45,72,8,8,25,span25,False,0.6717240214347839,timesformer,diving48
jMEYIEYkpY0_00069,45,81,8,8,25,span25,False,0.4802733361721039,timesformer,diving48
k71Cc-Sm-Mg_00064,45,141,8,8,25,span25,False,0.6115249395370483,timesformer,diving48
qD3IMtAanSg_00108,45,83,8,8,25,span25,False,0.8361616134643555,timesformer,diving48
zBXtMcI41z8_00055,45,91,8,8,25,span25,False,0.29447391629219055,timesformer,diving48
zBXtMcI41z8_00054,45,72,8,8,25,span25,True,0.36852943897247314,timesformer,diving48
XfCaMLlyj9I_00105,45,131,8,8,25,span25,True,0.36263489723205566,timesformer,diving48
k71Cc-Sm-Mg_00065,45,112,8,8,25,span25,True,0.3508589267730713,timesformer,diving48
qD3IMtAanSg_00107,45,157,8,8,25,span25,False,0.42585068941116333,timesformer,diving48
zBXtMcI41z8_00025,46,90,8,8,25,span25,True,0.8128450512886047,timesformer,diving48
bSsVWVfYU4w_00057,46,134,8,8,25,span25,False,0.5106304883956909,timesformer,diving48
MbzIpx8kAD0_00028,46,104,8,8,25,span25,True,0.9333545565605164,timesformer,diving48
zBXtMcI41z8_00024,46,77,8,8,25,span25,True,0.7848262190818787,timesformer,diving48
sFO6XlfgxNQ_00001,46,179,8,8,25,span25,False,0.769989550113678,timesformer,diving48
sFO6XlfgxNQ_00015,46,84,8,8,25,span25,False,0.32504788041114807,timesformer,diving48
bSsVWVfYU4w_00082,46,89,8,8,25,span25,False,0.39608505368232727,timesformer,diving48
k71Cc-Sm-Mg_00163,46,95,8,8,25,span25,False,0.5144420862197876,timesformer,diving48
zBXtMcI41z8_00097,46,75,8,8,25,span25,True,0.9281341433525085,timesformer,diving48
k71Cc-Sm-Mg_00159,46,155,8,8,25,span25,False,0.6896504163742065,timesformer,diving48
k71Cc-Sm-Mg_00026,46,140,8,8,25,span25,False,0.9859094023704529,timesformer,diving48
k71Cc-Sm-Mg_00034,46,92,8,8,25,span25,False,0.6184186935424805,timesformer,diving48
MbzIpx8kAD0_00022,46,80,8,8,25,span25,False,0.7479401230812073,timesformer,diving48
zBXtMcI41z8_00106,46,66,8,8,25,span25,True,0.6174613237380981,timesformer,diving48
Le6xdQ2OO8w_00089,46,98,8,8,25,span25,False,0.43492022156715393,timesformer,diving48
zBXtMcI41z8_00015,46,61,8,8,25,span25,True,0.8700146079063416,timesformer,diving48
XfCaMLlyj9I_00029,46,186,8,8,25,span25,False,0.5318233966827393,timesformer,diving48
ovWCmIMMkRI_00015,46,56,8,8,25,span25,True,0.6831948757171631,timesformer,diving48
XfCaMLlyj9I_00042,46,93,8,8,25,span25,True,0.9794042110443115,timesformer,diving48
sFO6XlfgxNQ_00034,46,69,8,8,25,span25,True,0.6914536356925964,timesformer,diving48
mGRum47TLX0_00033,47,80,8,8,25,span25,False,0.6860933303833008,timesformer,diving48
Le6xdQ2OO8w_00077,47,25,6,8,25,span25,True,0.29356229305267334,timesformer,diving48
CVAfPfVFulQ_00042,47,88,8,8,25,span25,False,0.520138144493103,timesformer,diving48
MbzIpx8kAD0_00023,47,112,8,8,25,span25,False,0.2924850583076477,timesformer,diving48
bSsVWVfYU4w_00062,47,58,8,8,25,span25,False,0.6206731200218201,timesformer,diving48
Le6xdQ2OO8w_00061,47,59,8,8,25,span25,False,0.8310284614562988,timesformer,diving48
CVAfPfVFulQ_00030,47,103,8,8,25,span25,False,0.431411474943161,timesformer,diving48
CVAfPfVFulQ_00041,47,127,8,8,25,span25,False,0.6344372034072876,timesformer,diving48
Le6xdQ2OO8w_00078,47,124,8,8,25,span25,False,0.34288862347602844,timesformer,diving48
mGRum47TLX0_00040,47,57,8,8,25,span25,False,0.5565320253372192,timesformer,diving48
bSsVWVfYU4w_00073,47,165,8,8,25,span25,False,0.433330237865448,timesformer,diving48
ovWCmIMMkRI_00051,47,126,8,8,25,span25,False,0.42931267619132996,timesformer,diving48
CVAfPfVFulQ_00037,47,88,8,8,25,span25,False,0.8847253918647766,timesformer,diving48
bSsVWVfYU4w_00063,47,119,8,8,25,span25,False,0.6557146906852722,timesformer,diving48
mGRum47TLX0_00031,47,87,8,8,25,span25,False,0.22765177488327026,timesformer,diving48
bSsVWVfYU4w_00075,47,99,8,8,25,span25,True,0.4651757776737213,timesformer,diving48
bSsVWVfYU4w_00070,47,115,8,8,25,span25,False,0.503708004951477,timesformer,diving48
CVAfPfVFulQ_00046,47,122,8,8,25,span25,False,0.4762948155403137,timesformer,diving48
bSsVWVfYU4w_00074,47,178,8,8,25,span25,False,0.5919830203056335,timesformer,diving48
mGRum47TLX0_00037,47,66,8,8,25,span25,False,0.44875356554985046,timesformer,diving48
rRw7peH60Yw_00012,40,133,8,8,50,span50,False,0.6464028358459473,timesformer,diving48
sRA_iEJGHtU_00001,41,44,8,8,50,span50,True,0.3119789659976959,timesformer,diving48
cs8g1es4vfM_00007,41,141,8,8,50,span50,False,0.6468546986579895,timesformer,diving48
zmacW6f2Tdk_00055,41,97,8,8,50,span50,False,0.9255149960517883,timesformer,diving48
SbzcCzXjYSU_00035,41,108,8,8,50,span50,False,0.9743432402610779,timesformer,diving48
SbzcCzXjYSU_00036,41,82,8,8,50,span50,False,0.36248812079429626,timesformer,diving48
SbzcCzXjYSU_00037,41,118,8,8,50,span50,False,0.6855949759483337,timesformer,diving48
sRA_iEJGHtU_00003,41,88,8,8,50,span50,True,0.9051191210746765,timesformer,diving48
sRA_iEJGHtU_00000,41,44,8,8,50,span50,True,0.8265941143035889,timesformer,diving48
cs8g1es4vfM_00006,41,107,8,8,50,span50,False,0.6087294220924377,timesformer,diving48
sRA_iEJGHtU_00002,41,54,8,8,50,span50,True,0.6850628852844238,timesformer,diving48
k71Cc-Sm-Mg_00180,42,125,8,8,50,span50,False,0.35664883255958557,timesformer,diving48
k71Cc-Sm-Mg_00179,42,66,8,8,50,span50,False,0.6724010109901428,timesformer,diving48
rRw7peH60Yw_00023,42,293,8,8,50,span50,False,0.7871696352958679,timesformer,diving48
SbzcCzXjYSU_00044,43,179,8,8,50,span50,True,0.7592880725860596,timesformer,diving48
SbzcCzXjYSU_00046,43,179,8,8,50,span50,False,0.8248054385185242,timesformer,diving48
rRw7peH60Yw_00022,43,156,8,8,50,span50,False,0.690037190914154,timesformer,diving48
rRw7peH60Yw_00007,43,107,8,8,50,span50,True,0.7545339465141296,timesformer,diving48
SbzcCzXjYSU_00017,43,62,8,8,50,span50,True,0.7403724193572998,timesformer,diving48
zmacW6f2Tdk_00053,43,113,8,8,50,span50,False,0.604037344455719,timesformer,diving48
SbzcCzXjYSU_00045,43,306,8,8,50,span50,True,0.8293083906173706,timesformer,diving48
zmacW6f2Tdk_00054,43,144,8,8,50,span50,False,0.5350610017776489,timesformer,diving48
8qRmKunCjtY_00017,43,130,8,8,50,span50,False,0.45929253101348877,timesformer,diving48
yHo2oERGo7A_00074,44,146,8,8,50,span50,False,0.9680591225624084,timesformer,diving48
roFeEJPgJD8_00023,44,92,8,8,50,span50,True,0.9512198567390442,timesformer,diving48
Le6xdQ2OO8w_00223,44,107,8,8,50,span50,True,0.9218855500221252,timesformer,diving48
zmacW6f2Tdk_00022,44,41,8,8,50,span50,False,0.4499976634979248,timesformer,diving48
CVAfPfVFulQ_00074,44,88,8,8,50,span50,True,0.511553943157196,timesformer,diving48
yHo2oERGo7A_00049,44,85,8,8,50,span50,False,0.45217129588127136,timesformer,diving48
SbzcCzXjYSU_00026,44,146,8,8,50,span50,True,0.51847243309021,timesformer,diving48
jMEYIEYkpY0_00086,44,77,8,8,50,span50,False,0.3625307083129883,timesformer,diving48
jMEYIEYkpY0_00071,44,102,8,8,50,span50,False,0.2600092589855194,timesformer,diving48
roFeEJPgJD8_00024,44,96,8,8,50,span50,True,0.9852478504180908,timesformer,diving48
TMJ1XIZBRW4_00049,44,70,8,8,50,span50,True,0.9602342247962952,timesformer,diving48
cs8g1es4vfM_00030,44,109,8,8,50,span50,False,0.3714445233345032,timesformer,diving48
yHo2oERGo7A_00062,44,190,8,8,50,span50,False,0.709592878818512,timesformer,diving48
yHo2oERGo7A_00080,44,141,8,8,50,span50,True,0.3381516635417938,timesformer,diving48
jMEYIEYkpY0_00085,44,83,8,8,50,span50,False,0.5414695143699646,timesformer,diving48
yHo2oERGo7A_00050,44,144,8,8,50,span50,False,0.7691951990127563,timesformer,diving48
zmacW6f2Tdk_00033,44,118,8,8,50,span50,True,0.8158848285675049,timesformer,diving48
Le6xdQ2OO8w_00222,44,130,8,8,50,span50,False,0.5371586680412292,timesformer,diving48
cs8g1es4vfM_00026,44,80,8,8,50,span50,True,0.8582505583763123,timesformer,diving48
yHo2oERGo7A_00063,44,202,8,8,50,span50,True,0.3768676221370697,timesformer,diving48
rRw7peH60Yw_00015,45,118,8,8,50,span50,False,0.5736108422279358,timesformer,diving48
k71Cc-Sm-Mg_00063,45,94,8,8,50,span50,True,0.9292463660240173,timesformer,diving48
qD3IMtAanSg_00118,45,178,8,8,50,span50,True,0.8403066396713257,timesformer,diving48
qD3IMtAanSg_00094,45,180,8,8,50,span50,True,0.6441305875778198,timesformer,diving48
qD3IMtAanSg_00001,45,191,8,8,50,span50,False,0.4626811444759369,timesformer,diving48
XfCaMLlyj9I_00104,45,64,8,8,50,span50,True,0.8376762270927429,timesformer,diving48
qD3IMtAanSg_00093,45,63,8,8,50,span50,True,0.6646757125854492,timesformer,diving48
qD3IMtAanSg_00071,45,178,8,8,50,span50,True,0.8900225162506104,timesformer,diving48
qD3IMtAanSg_00049,45,106,8,8,50,span50,True,0.7972729802131653,timesformer,diving48
qD3IMtAanSg_00000,45,91,8,8,50,span50,True,0.62105792760849,timesformer,diving48
XfCaMLlyj9I_00106,45,76,8,8,50,span50,False,0.5298497080802917,timesformer,diving48
k71Cc-Sm-Mg_00091,45,72,8,8,50,span50,True,0.982679009437561,timesformer,diving48
jMEYIEYkpY0_00069,45,81,8,8,50,span50,False,0.40826839208602905,timesformer,diving48
k71Cc-Sm-Mg_00064,45,141,8,8,50,span50,False,0.4202454388141632,timesformer,diving48
qD3IMtAanSg_00108,45,83,8,8,50,span50,False,0.5815912485122681,timesformer,diving48
zBXtMcI41z8_00055,45,91,8,8,50,span50,True,0.9767951369285583,timesformer,diving48
zBXtMcI41z8_00054,45,72,8,8,50,span50,False,0.43626299500465393,timesformer,diving48
XfCaMLlyj9I_00105,45,131,8,8,50,span50,True,0.9446173310279846,timesformer,diving48
k71Cc-Sm-Mg_00065,45,112,8,8,50,span50,True,0.9830172061920166,timesformer,diving48
qD3IMtAanSg_00107,45,157,8,8,50,span50,False,0.4858344495296478,timesformer,diving48
zBXtMcI41z8_00025,46,90,8,8,50,span50,True,0.6189441680908203,timesformer,diving48
bSsVWVfYU4w_00057,46,134,8,8,50,span50,True,0.9962900876998901,timesformer,diving48
MbzIpx8kAD0_00028,46,104,8,8,50,span50,True,0.9814695119857788,timesformer,diving48
zBXtMcI41z8_00024,46,77,8,8,50,span50,True,0.6156551241874695,timesformer,diving48
sFO6XlfgxNQ_00001,46,179,8,8,50,span50,True,0.9118313789367676,timesformer,diving48
sFO6XlfgxNQ_00015,46,84,8,8,50,span50,False,0.26344215869903564,timesformer,diving48
bSsVWVfYU4w_00082,46,89,8,8,50,span50,True,0.8634431958198547,timesformer,diving48
k71Cc-Sm-Mg_00163,46,95,8,8,50,span50,False,0.5535336136817932,timesformer,diving48
zBXtMcI41z8_00097,46,75,8,8,50,span50,True,0.9764700531959534,timesformer,diving48
k71Cc-Sm-Mg_00159,46,155,8,8,50,span50,True,0.7371731400489807,timesformer,diving48
k71Cc-Sm-Mg_00026,46,140,8,8,50,span50,False,0.9849264621734619,timesformer,diving48
k71Cc-Sm-Mg_00034,46,92,8,8,50,span50,False,0.6049549579620361,timesformer,diving48
MbzIpx8kAD0_00022,46,80,8,8,50,span50,True,0.8872452974319458,timesformer,diving48
zBXtMcI41z8_00106,46,66,8,8,50,span50,True,0.8108050227165222,timesformer,diving48
Le6xdQ2OO8w_00089,46,98,8,8,50,span50,False,0.3657194972038269,timesformer,diving48
zBXtMcI41z8_00015,46,61,8,8,50,span50,True,0.9845747947692871,timesformer,diving48
XfCaMLlyj9I_00029,46,186,8,8,50,span50,False,0.6835007071495056,timesformer,diving48
ovWCmIMMkRI_00015,46,56,8,8,50,span50,False,0.8542158603668213,timesformer,diving48
XfCaMLlyj9I_00042,46,93,8,8,50,span50,True,0.9471022486686707,timesformer,diving48
sFO6XlfgxNQ_00034,46,69,8,8,50,span50,True,0.9431125521659851,timesformer,diving48
mGRum47TLX0_00033,47,80,8,8,50,span50,True,0.5718899965286255,timesformer,diving48
Le6xdQ2OO8w_00077,47,25,8,8,50,span50,False,0.5441683530807495,timesformer,diving48
CVAfPfVFulQ_00042,47,88,8,8,50,span50,False,0.36398929357528687,timesformer,diving48
MbzIpx8kAD0_00023,47,112,8,8,50,span50,False,0.5721190571784973,timesformer,diving48
bSsVWVfYU4w_00062,47,58,8,8,50,span50,False,0.7218327522277832,timesformer,diving48
Le6xdQ2OO8w_00061,47,59,8,8,50,span50,True,0.3805604875087738,timesformer,diving48
CVAfPfVFulQ_00030,47,103,8,8,50,span50,False,0.36690688133239746,timesformer,diving48
CVAfPfVFulQ_00041,47,127,8,8,50,span50,False,0.29535987973213196,timesformer,diving48
Le6xdQ2OO8w_00078,47,124,8,8,50,span50,True,0.7233012914657593,timesformer,diving48
mGRum47TLX0_00040,47,57,8,8,50,span50,False,0.6436511278152466,timesformer,diving48
bSsVWVfYU4w_00073,47,165,8,8,50,span50,False,0.7489394545555115,timesformer,diving48
ovWCmIMMkRI_00051,47,126,8,8,50,span50,False,0.23098300397396088,timesformer,diving48
CVAfPfVFulQ_00037,47,88,8,8,50,span50,False,0.46593692898750305,timesformer,diving48
bSsVWVfYU4w_00063,47,119,8,8,50,span50,False,0.77464359998703,timesformer,diving48
mGRum47TLX0_00031,47,87,8,8,50,span50,True,0.507643461227417,timesformer,diving48
bSsVWVfYU4w_00075,47,99,8,8,50,span50,True,0.7368226647377014,timesformer,diving48
bSsVWVfYU4w_00070,47,115,8,8,50,span50,False,0.837439775466919,timesformer,diving48
CVAfPfVFulQ_00046,47,122,8,8,50,span50,False,0.8425194621086121,timesformer,diving48
bSsVWVfYU4w_00074,47,178,8,8,50,span50,True,0.5648452043533325,timesformer,diving48
mGRum47TLX0_00037,47,66,8,8,50,span50,False,0.3501901626586914,timesformer,diving48
rRw7peH60Yw_00012,40,133,8,8,75,span75,False,0.3727723956108093,timesformer,diving48
sRA_iEJGHtU_00001,41,44,8,8,75,span75,True,0.4171939492225647,timesformer,diving48
cs8g1es4vfM_00007,41,141,8,8,75,span75,True,0.3767099678516388,timesformer,diving48
zmacW6f2Tdk_00055,41,97,8,8,75,span75,False,0.814752995967865,timesformer,diving48
SbzcCzXjYSU_00035,41,108,8,8,75,span75,False,0.8565990924835205,timesformer,diving48
SbzcCzXjYSU_00036,41,82,8,8,75,span75,False,0.2318936437368393,timesformer,diving48
SbzcCzXjYSU_00037,41,118,8,8,75,span75,False,0.8436833024024963,timesformer,diving48
sRA_iEJGHtU_00003,41,88,8,8,75,span75,True,0.7915645241737366,timesformer,diving48
sRA_iEJGHtU_00000,41,44,8,8,75,span75,True,0.6631343960762024,timesformer,diving48
cs8g1es4vfM_00006,41,107,8,8,75,span75,False,0.3808307647705078,timesformer,diving48
sRA_iEJGHtU_00002,41,54,8,8,75,span75,True,0.6766784191131592,timesformer,diving48
k71Cc-Sm-Mg_00180,42,125,8,8,75,span75,False,0.38443201780319214,timesformer,diving48
k71Cc-Sm-Mg_00179,42,66,8,8,75,span75,True,0.40692123770713806,timesformer,diving48
rRw7peH60Yw_00023,42,293,8,8,75,span75,False,0.936707079410553,timesformer,diving48
SbzcCzXjYSU_00044,43,179,8,8,75,span75,True,0.6894672513008118,timesformer,diving48
SbzcCzXjYSU_00046,43,179,8,8,75,span75,False,0.6041812300682068,timesformer,diving48
rRw7peH60Yw_00022,43,156,8,8,75,span75,True,0.3902224004268646,timesformer,diving48
rRw7peH60Yw_00007,43,107,8,8,75,span75,False,0.3760388195514679,timesformer,diving48
SbzcCzXjYSU_00017,43,62,8,8,75,span75,True,0.9632957577705383,timesformer,diving48
zmacW6f2Tdk_00053,43,113,8,8,75,span75,True,0.1817903220653534,timesformer,diving48
SbzcCzXjYSU_00045,43,306,8,8,75,span75,False,0.5888506770133972,timesformer,diving48
zmacW6f2Tdk_00054,43,144,8,8,75,span75,False,0.5784493088722229,timesformer,diving48
8qRmKunCjtY_00017,43,130,8,8,75,span75,True,0.8690771460533142,timesformer,diving48
yHo2oERGo7A_00074,44,146,8,8,75,span75,False,0.6189829707145691,timesformer,diving48
roFeEJPgJD8_00023,44,92,8,8,75,span75,True,0.6959880590438843,timesformer,diving48
Le6xdQ2OO8w_00223,44,107,8,8,75,span75,True,0.4369907081127167,timesformer,diving48
zmacW6f2Tdk_00022,44,41,8,8,75,span75,False,0.7266036868095398,timesformer,diving48
CVAfPfVFulQ_00074,44,88,8,8,75,span75,False,0.483796626329422,timesformer,diving48
yHo2oERGo7A_00049,44,85,8,8,75,span75,False,0.8357661366462708,timesformer,diving48
SbzcCzXjYSU_00026,44,146,8,8,75,span75,True,0.798123836517334,timesformer,diving48
jMEYIEYkpY0_00086,44,77,8,8,75,span75,False,0.5010390281677246,timesformer,diving48
jMEYIEYkpY0_00071,44,102,8,8,75,span75,False,0.49723899364471436,timesformer,diving48
roFeEJPgJD8_00024,44,96,8,8,75,span75,True,0.5676711797714233,timesformer,diving48
TMJ1XIZBRW4_00049,44,70,8,8,75,span75,True,0.9501218795776367,timesformer,diving48
cs8g1es4vfM_00030,44,109,8,8,75,span75,True,0.7625699639320374,timesformer,diving48
yHo2oERGo7A_00062,44,190,8,8,75,span75,False,0.603964626789093,timesformer,diving48
yHo2oERGo7A_00080,44,141,8,8,75,span75,False,0.36830636858940125,timesformer,diving48
jMEYIEYkpY0_00085,44,83,8,8,75,span75,False,0.7708019614219666,timesformer,diving48
yHo2oERGo7A_00050,44,144,8,8,75,span75,False,0.30314964056015015,timesformer,diving48
zmacW6f2Tdk_00033,44,118,8,8,75,span75,True,0.8843815922737122,timesformer,diving48
Le6xdQ2OO8w_00222,44,130,8,8,75,span75,True,0.26979273557662964,timesformer,diving48
cs8g1es4vfM_00026,44,80,8,8,75,span75,True,0.9670274257659912,timesformer,diving48
yHo2oERGo7A_00063,44,202,8,8,75,span75,True,0.688986599445343,timesformer,diving48
rRw7peH60Yw_00015,45,118,8,8,75,span75,False,0.431551992893219,timesformer,diving48
k71Cc-Sm-Mg_00063,45,94,8,8,75,span75,False,0.8013619780540466,timesformer,diving48
qD3IMtAanSg_00118,45,178,8,8,75,span75,True,0.9888305068016052,timesformer,diving48
qD3IMtAanSg_00094,45,180,8,8,75,span75,True,0.6122144460678101,timesformer,diving48
qD3IMtAanSg_00001,45,191,8,8,75,span75,True,0.440463125705719,timesformer,diving48
XfCaMLlyj9I_00104,45,64,8,8,75,span75,True,0.971849799156189,timesformer,diving48
qD3IMtAanSg_00093,45,63,8,8,75,span75,True,0.7013483047485352,timesformer,diving48
qD3IMtAanSg_00071,45,178,8,8,75,span75,True,0.9922063946723938,timesformer,diving48
qD3IMtAanSg_00049,45,106,8,8,75,span75,False,0.4749484956264496,timesformer,diving48
qD3IMtAanSg_00000,45,91,8,8,75,span75,False,0.6596579551696777,timesformer,diving48
XfCaMLlyj9I_00106,45,76,8,8,75,span75,False,0.2791441082954407,timesformer,diving48
k71Cc-Sm-Mg_00091,45,72,8,8,75,span75,True,0.9893440008163452,timesformer,diving48
jMEYIEYkpY0_00069,45,81,8,8,75,span75,False,0.3994460105895996,timesformer,diving48
k71Cc-Sm-Mg_00064,45,141,8,8,75,span75,False,0.6309601664543152,timesformer,diving48
qD3IMtAanSg_00108,45,83,8,8,75,span75,False,0.8690186738967896,timesformer,diving48
zBXtMcI41z8_00055,45,91,8,8,75,span75,True,0.9941827654838562,timesformer,diving48
zBXtMcI41z8_00054,45,72,8,8,75,span75,False,0.5115246772766113,timesformer,diving48
XfCaMLlyj9I_00105,45,131,8,8,75,span75,True,0.9963494539260864,timesformer,diving48
k71Cc-Sm-Mg_00065,45,112,8,8,75,span75,True,0.9935077428817749,timesformer,diving48
qD3IMtAanSg_00107,45,157,8,8,75,span75,True,0.9930322170257568,timesformer,diving48
zBXtMcI41z8_00025,46,90,8,8,75,span75,True,0.8739733695983887,timesformer,diving48
bSsVWVfYU4w_00057,46,134,8,8,75,span75,True,0.9659550786018372,timesformer,diving48
MbzIpx8kAD0_00028,46,104,8,8,75,span75,True,0.8200994729995728,timesformer,diving48
zBXtMcI41z8_00024,46,77,8,8,75,span75,True,0.9648812413215637,timesformer,diving48
sFO6XlfgxNQ_00001,46,179,8,8,75,span75,True,0.9617597460746765,timesformer,diving48
sFO6XlfgxNQ_00015,46,84,8,8,75,span75,True,0.30356115102767944,timesformer,diving48
bSsVWVfYU4w_00082,46,89,8,8,75,span75,False,0.5908514261245728,timesformer,diving48
k71Cc-Sm-Mg_00163,46,95,8,8,75,span75,False,0.47997117042541504,timesformer,diving48
zBXtMcI41z8_00097,46,75,8,8,75,span75,True,0.3544398844242096,timesformer,diving48
k71Cc-Sm-Mg_00159,46,155,8,8,75,span75,True,0.28185194730758667,timesformer,diving48
k71Cc-Sm-Mg_00026,46,140,8,8,75,span75,False,0.9347975850105286,timesformer,diving48
k71Cc-Sm-Mg_00034,46,92,8,8,75,span75,False,0.5576272010803223,timesformer,diving48
MbzIpx8kAD0_00022,46,80,8,8,75,span75,True,0.8772987723350525,timesformer,diving48
zBXtMcI41z8_00106,46,66,8,8,75,span75,True,0.8976380228996277,timesformer,diving48
Le6xdQ2OO8w_00089,46,98,8,8,75,span75,True,0.5670817494392395,timesformer,diving48
zBXtMcI41z8_00015,46,61,8,8,75,span75,True,0.9804649353027344,timesformer,diving48
XfCaMLlyj9I_00029,46,186,8,8,75,span75,True,0.221389040350914,timesformer,diving48
ovWCmIMMkRI_00015,46,56,8,8,75,span75,True,0.7265623211860657,timesformer,diving48
XfCaMLlyj9I_00042,46,93,8,8,75,span75,True,0.9597322940826416,timesformer,diving48
sFO6XlfgxNQ_00034,46,69,8,8,75,span75,True,0.7482121586799622,timesformer,diving48
mGRum47TLX0_00033,47,80,8,8,75,span75,True,0.693411648273468,timesformer,diving48
Le6xdQ2OO8w_00077,47,25,8,8,75,span75,False,0.3749614655971527,timesformer,diving48
CVAfPfVFulQ_00042,47,88,8,8,75,span75,False,0.6076297163963318,timesformer,diving48
MbzIpx8kAD0_00023,47,112,8,8,75,span75,False,0.656879186630249,timesformer,diving48
bSsVWVfYU4w_00062,47,58,8,8,75,span75,True,0.5766767859458923,timesformer,diving48
Le6xdQ2OO8w_00061,47,59,8,8,75,span75,False,0.6524450778961182,timesformer,diving48
CVAfPfVFulQ_00030,47,103,8,8,75,span75,False,0.3535342216491699,timesformer,diving48
CVAfPfVFulQ_00041,47,127,8,8,75,span75,False,0.44329988956451416,timesformer,diving48
Le6xdQ2OO8w_00078,47,124,8,8,75,span75,True,0.6518800258636475,timesformer,diving48
mGRum47TLX0_00040,47,57,8,8,75,span75,True,0.38923180103302,timesformer,diving48
bSsVWVfYU4w_00073,47,165,8,8,75,span75,False,0.8729385137557983,timesformer,diving48
ovWCmIMMkRI_00051,47,126,8,8,75,span75,True,0.30925360321998596,timesformer,diving48
CVAfPfVFulQ_00037,47,88,8,8,75,span75,False,0.4053837060928345,timesformer,diving48
bSsVWVfYU4w_00063,47,119,8,8,75,span75,False,0.3320785462856293,timesformer,diving48
mGRum47TLX0_00031,47,87,8,8,75,span75,True,0.31665098667144775,timesformer,diving48
bSsVWVfYU4w_00075,47,99,8,8,75,span75,True,0.3101438879966736,timesformer,diving48
bSsVWVfYU4w_00070,47,115,8,8,75,span75,False,0.6333402395248413,timesformer,diving48
CVAfPfVFulQ_00046,47,122,8,8,75,span75,False,0.4541938006877899,timesformer,diving48
bSsVWVfYU4w_00074,47,178,8,8,75,span75,False,0.7635484933853149,timesformer,diving48
mGRum47TLX0_00037,47,66,8,8,75,span75,False,0.5205078721046448,timesformer,diving48
rRw7peH60Yw_00012,40,133,8,8,100,span100,False,0.5834885239601135,timesformer,diving48
sRA_iEJGHtU_00001,41,44,8,8,100,span100,True,0.5733491778373718,timesformer,diving48
cs8g1es4vfM_00007,41,141,8,8,100,span100,False,0.1747039556503296,timesformer,diving48
zmacW6f2Tdk_00055,41,97,8,8,100,span100,False,0.43042927980422974,timesformer,diving48
SbzcCzXjYSU_00035,41,108,8,8,100,span100,False,0.5753586888313293,timesformer,diving48
SbzcCzXjYSU_00036,41,82,8,8,100,span100,False,0.49789583683013916,timesformer,diving48
SbzcCzXjYSU_00037,41,118,8,8,100,span100,False,0.9616886377334595,timesformer,diving48
sRA_iEJGHtU_00003,41,88,8,8,100,span100,True,0.8151973485946655,timesformer,diving48
sRA_iEJGHtU_00000,41,44,8,8,100,span100,True,0.844195544719696,timesformer,diving48
cs8g1es4vfM_00006,41,107,8,8,100,span100,False,0.3305380642414093,timesformer,diving48
sRA_iEJGHtU_00002,41,54,8,8,100,span100,True,0.6423863768577576,timesformer,diving48
k71Cc-Sm-Mg_00180,42,125,8,8,100,span100,False,0.2582077980041504,timesformer,diving48
k71Cc-Sm-Mg_00179,42,66,8,8,100,span100,True,0.5272312164306641,timesformer,diving48
rRw7peH60Yw_00023,42,293,8,8,100,span100,False,0.2992596924304962,timesformer,diving48
SbzcCzXjYSU_00044,43,179,8,8,100,span100,False,0.3260517120361328,timesformer,diving48
SbzcCzXjYSU_00046,43,179,8,8,100,span100,False,0.3642553389072418,timesformer,diving48
rRw7peH60Yw_00022,43,156,8,8,100,span100,False,0.4570258855819702,timesformer,diving48
rRw7peH60Yw_00007,43,107,8,8,100,span100,True,0.8057549595832825,timesformer,diving48
SbzcCzXjYSU_00017,43,62,8,8,100,span100,False,0.35256728529930115,timesformer,diving48
zmacW6f2Tdk_00053,43,113,8,8,100,span100,True,0.6092894077301025,timesformer,diving48
SbzcCzXjYSU_00045,43,306,8,8,100,span100,True,0.4682122766971588,timesformer,diving48
zmacW6f2Tdk_00054,43,144,8,8,100,span100,False,0.8118090629577637,timesformer,diving48
8qRmKunCjtY_00017,43,130,8,8,100,span100,False,0.6444879770278931,timesformer,diving48
yHo2oERGo7A_00074,44,146,8,8,100,span100,False,0.4296841621398926,timesformer,diving48
roFeEJPgJD8_00023,44,92,8,8,100,span100,False,0.9322846531867981,timesformer,diving48
Le6xdQ2OO8w_00223,44,107,8,8,100,span100,True,0.514360785484314,timesformer,diving48
zmacW6f2Tdk_00022,44,41,8,8,100,span100,False,0.3816569149494171,timesformer,diving48
CVAfPfVFulQ_00074,44,88,8,8,100,span100,False,0.7545689344406128,timesformer,diving48
yHo2oERGo7A_00049,44,85,8,8,100,span100,False,0.8256043195724487,timesformer,diving48
SbzcCzXjYSU_00026,44,146,8,8,100,span100,False,0.6543267965316772,timesformer,diving48
jMEYIEYkpY0_00086,44,77,8,8,100,span100,False,0.34027761220932007,timesformer,diving48
jMEYIEYkpY0_00071,44,102,8,8,100,span100,True,0.4664473533630371,timesformer,diving48
roFeEJPgJD8_00024,44,96,8,8,100,span100,True,0.9771111011505127,timesformer,diving48
TMJ1XIZBRW4_00049,44,70,8,8,100,span100,True,0.6132653951644897,timesformer,diving48
cs8g1es4vfM_00030,44,109,8,8,100,span100,False,0.4346160590648651,timesformer,diving48
yHo2oERGo7A_00062,44,190,8,8,100,span100,False,0.3745560050010681,timesformer,diving48
yHo2oERGo7A_00080,44,141,8,8,100,span100,True,0.7463722825050354,timesformer,diving48
jMEYIEYkpY0_00085,44,83,8,8,100,span100,False,0.4977387487888336,timesformer,diving48
yHo2oERGo7A_00050,44,144,8,8,100,span100,True,0.37566325068473816,timesformer,diving48
zmacW6f2Tdk_00033,44,118,8,8,100,span100,False,0.19686569273471832,timesformer,diving48
Le6xdQ2OO8w_00222,44,130,8,8,100,span100,True,0.584577202796936,timesformer,diving48
cs8g1es4vfM_00026,44,80,8,8,100,span100,True,0.9446748495101929,timesformer,diving48
yHo2oERGo7A_00063,44,202,8,8,100,span100,False,0.18540789186954498,timesformer,diving48
rRw7peH60Yw_00015,45,118,8,8,100,span100,False,0.6432262659072876,timesformer,diving48
k71Cc-Sm-Mg_00063,45,94,8,8,100,span100,True,0.990151047706604,timesformer,diving48
qD3IMtAanSg_00118,45,178,8,8,100,span100,True,0.6613205075263977,timesformer,diving48
qD3IMtAanSg_00094,45,180,8,8,100,span100,True,0.9517026543617249,timesformer,diving48
qD3IMtAanSg_00001,45,191,8,8,100,span100,True,0.9683020710945129,timesformer,diving48
XfCaMLlyj9I_00104,45,64,8,8,100,span100,True,0.9956842660903931,timesformer,diving48
qD3IMtAanSg_00093,45,63,8,8,100,span100,True,0.9622159004211426,timesformer,diving48
qD3IMtAanSg_00071,45,178,8,8,100,span100,True,0.4891997277736664,timesformer,diving48
qD3IMtAanSg_00049,45,106,8,8,100,span100,True,0.972824215888977,timesformer,diving48
qD3IMtAanSg_00000,45,91,8,8,100,span100,False,0.8626552224159241,timesformer,diving48
XfCaMLlyj9I_00106,45,76,8,8,100,span100,False,0.3966602683067322,timesformer,diving48
k71Cc-Sm-Mg_00091,45,72,8,8,100,span100,True,0.8953194618225098,timesformer,diving48
jMEYIEYkpY0_00069,45,81,8,8,100,span100,False,0.583006739616394,timesformer,diving48
k71Cc-Sm-Mg_00064,45,141,8,8,100,span100,True,0.7492644190788269,timesformer,diving48
qD3IMtAanSg_00108,45,83,8,8,100,span100,True,0.9592552185058594,timesformer,diving48
zBXtMcI41z8_00055,45,91,8,8,100,span100,True,0.9675708413124084,timesformer,diving48
zBXtMcI41z8_00054,45,72,8,8,100,span100,False,0.6816492080688477,timesformer,diving48
XfCaMLlyj9I_00105,45,131,8,8,100,span100,True,0.9801816344261169,timesformer,diving48
k71Cc-Sm-Mg_00065,45,112,8,8,100,span100,True,0.9952087998390198,timesformer,diving48
qD3IMtAanSg_00107,45,157,8,8,100,span100,False,0.4750972092151642,timesformer,diving48
zBXtMcI41z8_00025,46,90,8,8,100,span100,False,0.24360674619674683,timesformer,diving48
bSsVWVfYU4w_00057,46,134,8,8,100,span100,False,0.8206305503845215,timesformer,diving48
MbzIpx8kAD0_00028,46,104,8,8,100,span100,True,0.40659478306770325,timesformer,diving48
zBXtMcI41z8_00024,46,77,8,8,100,span100,True,0.9775935411453247,timesformer,diving48
sFO6XlfgxNQ_00001,46,179,8,8,100,span100,True,0.8728798031806946,timesformer,diving48
sFO6XlfgxNQ_00015,46,84,8,8,100,span100,True,0.6607950329780579,timesformer,diving48
bSsVWVfYU4w_00082,46,89,8,8,100,span100,False,0.6664391160011292,timesformer,diving48
k71Cc-Sm-Mg_00163,46,95,8,8,100,span100,False,0.4898417294025421,timesformer,diving48
zBXtMcI41z8_00097,46,75,8,8,100,span100,True,0.4716092348098755,timesformer,diving48
k71Cc-Sm-Mg_00159,46,155,8,8,100,span100,False,0.32733848690986633,timesformer,diving48
k71Cc-Sm-Mg_00026,46,140,8,8,100,span100,False,0.9767453074455261,timesformer,diving48
k71Cc-Sm-Mg_00034,46,92,8,8,100,span100,False,0.4692787826061249,timesformer,diving48
MbzIpx8kAD0_00022,46,80,8,8,100,span100,True,0.5356464385986328,timesformer,diving48
zBXtMcI41z8_00106,46,66,8,8,100,span100,True,0.9284756183624268,timesformer,diving48
Le6xdQ2OO8w_00089,46,98,8,8,100,span100,True,0.4220066964626312,timesformer,diving48
zBXtMcI41z8_00015,46,61,8,8,100,span100,True,0.9885282516479492,timesformer,diving48
XfCaMLlyj9I_00029,46,186,8,8,100,span100,False,0.4119032919406891,timesformer,diving48
ovWCmIMMkRI_00015,46,56,8,8,100,span100,True,0.5909621715545654,timesformer,diving48
XfCaMLlyj9I_00042,46,93,8,8,100,span100,True,0.9286554455757141,timesformer,diving48
sFO6XlfgxNQ_00034,46,69,8,8,100,span100,True,0.8317625522613525,timesformer,diving48
mGRum47TLX0_00033,47,80,8,8,100,span100,False,0.5593137145042419,timesformer,diving48
Le6xdQ2OO8w_00077,47,25,8,8,100,span100,False,0.403883159160614,timesformer,diving48
CVAfPfVFulQ_00042,47,88,8,8,100,span100,False,0.6830054521560669,timesformer,diving48
MbzIpx8kAD0_00023,47,112,8,8,100,span100,True,0.34137967228889465,timesformer,diving48
bSsVWVfYU4w_00062,47,58,8,8,100,span100,True,0.5574373602867126,timesformer,diving48
Le6xdQ2OO8w_00061,47,59,8,8,100,span100,True,0.4634224474430084,timesformer,diving48
CVAfPfVFulQ_00030,47,103,8,8,100,span100,False,0.3089633285999298,timesformer,diving48
CVAfPfVFulQ_00041,47,127,8,8,100,span100,False,0.9111943244934082,timesformer,diving48
Le6xdQ2OO8w_00078,47,124,8,8,100,span100,False,0.9674414992332458,timesformer,diving48
mGRum47TLX0_00040,47,57,8,8,100,span100,False,0.485178142786026,timesformer,diving48
bSsVWVfYU4w_00073,47,165,8,8,100,span100,False,0.5951809883117676,timesformer,diving48
ovWCmIMMkRI_00051,47,126,8,8,100,span100,True,0.29633697867393494,timesformer,diving48
CVAfPfVFulQ_00037,47,88,8,8,100,span100,False,0.5243414044380188,timesformer,diving48
bSsVWVfYU4w_00063,47,119,8,8,100,span100,False,0.528342604637146,timesformer,diving48
mGRum47TLX0_00031,47,87,8,8,100,span100,True,0.22502531111240387,timesformer,diving48
bSsVWVfYU4w_00075,47,99,8,8,100,span100,False,0.38534799218177795,timesformer,diving48
bSsVWVfYU4w_00070,47,115,8,8,100,span100,False,0.6123784184455872,timesformer,diving48
CVAfPfVFulQ_00046,47,122,8,8,100,span100,False,0.5537916421890259,timesformer,diving48
bSsVWVfYU4w_00074,47,178,8,8,100,span100,False,0.6922715902328491,timesformer,diving48
mGRum47TLX0_00037,47,66,8,8,100,span100,False,0.309864342212677,timesformer,diving48
