dataset,split,video_id,video_path,label_id,budget,coverage,stride,pred_id,correct_top1,correct_top5,confidence,decode_time_s,inference_time_s,total_time_s,source_frames,candidate_frames,processed_frames,model_input_frames,skipped,error
finegym,val,AZ4wWG6Rcak_E_001509_001515_A_0000_0006,data/FineGym_data/videos/val/0/AZ4wWG6Rcak_E_001509_001515_A_0000_0006.mp4,0,16,100,16,2,False,True,0.41126739978790283,0.010032764985226095,0.002226459144973584,1.5854013370117173,152,10,16,16,False,
finegym,val,C5Yfd1IWjmM_E_004141_004148_A_0000_0006,data/FineGym_data/videos/val/0/C5Yfd1IWjmM_E_004141_004148_A_0000_0006.mp4,0,16,100,16,2,False,True,0.38889968395233154,0.011404776014387608,0.002226459144973584,1.5746869900031015,198,13,16,16,False,
finegym,val,cWztehyIFkg_E_003442_003450_A_0000_0007,data/FineGym_data/videos/val/0/cWztehyIFkg_E_003442_003450_A_0000_0007.mp4,0,16,100,16,2,False,True,0.6581233739852905,0.01003077207133174,0.002226459144973584,1.5622902769828215,191,12,16,16,False,
finegym,val,gYyLkUbGuUU_E_001187_001204_A_0000_0017,data/FineGym_data/videos/val/0/gYyLkUbGuUU_E_001187_001204_A_0000_0017.mp4,0,16,100,16,2,False,False,0.67220538854599,0.021203059935942292,0.002226459144973584,1.5515815500402823,433,16,16,16,False,
finegym,val,eH-ZgOT8ASM_E_001808_001815_A_0000_0006,data/FineGym_data/videos/val/0/eH-ZgOT8ASM_E_001808_001815_A_0000_0006.mp4,0,16,100,16,1,False,True,0.5703146457672119,0.01334710093215108,0.002226459144973584,1.52915115095675,168,11,16,16,False,
finegym,val,gYyLkUbGuUU_E_000878_000886_A_0001_0008,data/FineGym_data/videos/val/0/gYyLkUbGuUU_E_000878_000886_A_0001_0008.mp4,0,16,100,16,2,False,True,0.4063190221786499,0.009785318979993463,0.002226459144973584,1.5151210959302261,165,11,16,16,False,
finegym,val,e3EsDlpNo0c_E_008355_008367_A_0000_0011,data/FineGym_data/videos/val/0/e3EsDlpNo0c_E_008355_008367_A_0000_0011.mp4,0,16,100,16,1,False,True,0.5248786807060242,0.015456679044291377,0.002226459144973584,1.5043137330794707,338,16,16,16,False,
finegym,val,fH-VYYl9elA_E_002327_002334_A_0000_0006,data/FineGym_data/videos/val/0/fH-VYYl9elA_E_002327_002334_A_0000_0006.mp4,0,16,100,16,1,False,True,0.6325489282608032,0.01358699204865843,0.002226459144973584,1.4881785670295358,204,13,16,16,False,
finegym,val,FNEeMvHmuEw_E_002104_002111_A_0000_0007,data/FineGym_data/videos/val/0/FNEeMvHmuEw_E_002104_002111_A_0000_0007.mp4,0,16,100,16,1,False,True,0.6996476054191589,0.014525857986882329,0.002226459144973584,1.4733217670582235,219,14,16,16,False,
finegym,val,eH-ZgOT8ASM_E_001190_001198_A_0001_0008,data/FineGym_data/videos/val/0/eH-ZgOT8ASM_E_001190_001198_A_0001_0008.mp4,0,16,100,16,1,False,True,0.5863665342330933,0.012494425987824798,0.002226459144973584,1.4581701220013201,176,11,16,16,False,
finegym,val,gYyLkUbGuUU_E_002579_002587_A_0001_0007,data/FineGym_data/videos/val/0/gYyLkUbGuUU_E_002579_002587_A_0001_0007.mp4,0,16,100,16,2,False,True,0.49196457862854004,0.010854500927962363,0.002226459144973584,1.4449505410157144,161,11,16,16,False,
finegym,val,cWztehyIFkg_E_001966_001975_A_0001_0008,data/FineGym_data/videos/val/0/cWztehyIFkg_E_001966_001975_A_0001_0008.mp4,0,16,100,16,2,False,True,0.5938806533813477,0.010859691072255373,0.002226459144973584,1.433441178058274,190,12,16,16,False,
finegym,val,e3EsDlpNo0c_E_008340_008347_A_0000_0006,data/FineGym_data/videos/val/0/e3EsDlpNo0c_E_008340_008347_A_0000_0006.mp4,0,16,100,16,1,False,True,0.6615787744522095,0.01302573608700186,0.002226459144973584,1.4215912040090188,184,12,16,16,False,
finegym,val,eH-ZgOT8ASM_E_001513_001520_A_0000_0006,data/FineGym_data/videos/val/0/eH-ZgOT8ASM_E_001513_001520_A_0000_0006.mp4,0,16,100,16,1,False,True,0.4450257420539856,0.011659685987979174,0.002226459144973584,1.4078601619694382,160,10,16,16,False,
finegym,val,fH-VYYl9elA_E_001531_001537_A_0000_0006,data/FineGym_data/videos/val/0/fH-VYYl9elA_E_001531_001537_A_0000_0006.mp4,0,16,100,16,1,False,True,0.509716272354126,0.01104354695416987,0.002226459144973584,1.395576041075401,186,12,16,16,False,
finegym,val,GbUQwE9N3aM_E_004084_004090_A_0000_0005,data/FineGym_data/videos/val/0/GbUQwE9N3aM_E_004084_004090_A_0000_0005.mp4,0,16,100,16,1,False,True,0.33395129442214966,0.011022106045857072,0.002226459144973584,1.3840690730139613,170,11,16,16,False,
finegym,val,cWztehyIFkg_E_003463_003477_A_0000_0014,data/FineGym_data/videos/val/0/cWztehyIFkg_E_003463_003477_A_0000_0014.mp4,0,16,100,16,2,False,True,0.4408385753631592,0.018049317062832415,0.002226459144973584,1.3724651810480282,358,16,16,16,False,
finegym,val,e3EsDlpNo0c_E_003772_003778_A_0000_0006,data/FineGym_data/videos/val/1/e3EsDlpNo0c_E_003772_003778_A_0000_0006.mp4,1,16,100,16,2,False,True,0.7436538338661194,0.008963373024016619,0.002226459144973584,1.3539166760165244,192,12,16,16,False,
finegym,val,FEWTGYiWEaQ_E_001576_001583_A_0000_0007,data/FineGym_data/videos/val/1/FEWTGYiWEaQ_E_001576_001583_A_0000_0007.mp4,1,16,100,16,2,False,True,0.27297091484069824,0.012783519923686981,0.002226459144973584,1.3443939610151574,177,12,16,16,False,
finegym,val,fDa0HpoXES4_E_001803_001810_A_0000_0007,data/FineGym_data/videos/val/1/fDa0HpoXES4_E_001803_001810_A_0000_0007.mp4,1,16,100,16,1,True,True,0.6178888082504272,0.014080210006795824,0.002226459144973584,1.3309022079920396,225,15,16,16,False,
finegym,val,E3AHJ6-QS8M_E_002998_003006_A_0000_0007,data/FineGym_data/videos/val/1/E3AHJ6-QS8M_E_002998_003006_A_0000_0007.mp4,1,16,100,16,3,False,True,0.44731345772743225,0.011282845982350409,0.002226459144973584,1.316243078908883,196,13,16,16,False,
finegym,val,fDa0HpoXES4_E_002246_002253_A_0000_0006,data/FineGym_data/videos/val/1/fDa0HpoXES4_E_002246_002253_A_0000_0006.mp4,1,16,100,16,1,True,True,0.587252140045166,0.014849537052214146,0.002226459144973584,1.3040291799698025,207,13,16,16,False,
finegym,val,f-1FbFegbuQ_E_001213_001221_A_0000_0008,data/FineGym_data/videos/val/1/f-1FbFegbuQ_E_001213_001221_A_0000_0008.mp4,1,16,100,16,4,False,True,0.38900670409202576,0.014471414964646101,0.002226459144973584,1.288438839954324,227,15,16,16,False,
finegym,val,e3EsDlpNo0c_E_004118_004130_A_0000_0011,data/FineGym_data/videos/val/1/e3EsDlpNo0c_E_004118_004130_A_0000_0011.mp4,1,16,100,16,1,True,True,0.48389503359794617,0.015695939073339105,0.002226459144973584,1.2734649589983746,353,16,16,16,False,
finegym,val,FEWTGYiWEaQ_E_005726_005732_A_0000_0006,data/FineGym_data/videos/val/1/FEWTGYiWEaQ_E_005726_005732_A_0000_0006.mp4,1,16,100,16,2,False,True,0.22281290590763092,0.010638355044648051,0.002226459144973584,1.2571473200805485,153,10,16,16,False,
finegym,val,C5Yfd1IWjmM_E_001265_001272_A_0000_0007,data/FineGym_data/videos/val/1/C5Yfd1IWjmM_E_001265_001272_A_0000_0007.mp4,1,16,100,16,2,False,True,0.6931056976318359,0.010007748031057417,0.002226459144973584,1.2459430209128186,214,14,16,16,False,
finegym,val,0LtLS9wROrk_E_005647_005654_A_0000_0007,data/FineGym_data/videos/val/1/0LtLS9wROrk_E_005647_005654_A_0000_0007.mp4,1,16,100,16,2,False,True,0.8816362023353577,0.012255716952495277,0.002226459144973584,1.2352338830241933,208,13,16,16,False,
finegym,val,EKb2MMJSoeI_E_000197_000204_A_0000_0007,data/FineGym_data/videos/val/1/EKb2MMJSoeI_E_000197_000204_A_0000_0007.mp4,1,16,100,16,2,False,True,0.6147972345352173,0.011026795022189617,0.002226459144973584,1.2221329250605777,212,14,16,16,False,
finegym,val,eH-ZgOT8ASM_E_001592_001599_A_0000_0006,data/FineGym_data/videos/val/1/eH-ZgOT8ASM_E_001592_001599_A_0000_0006.mp4,1,16,100,16,1,True,True,0.43504640460014343,0.010921507026068866,0.002226459144973584,1.210477718967013,153,10,16,16,False,
finegym,val,aEZbP-Yephw_E_005101_005108_A_0000_0007,data/FineGym_data/videos/val/1/aEZbP-Yephw_E_005101_005108_A_0000_0007.mp4,1,16,100,16,3,False,True,0.3501181900501251,0.010540299001149833,0.002226459144973584,1.1990023689577356,171,11,16,16,False,
finegym,val,E3AHJ6-QS8M_E_006426_006433_A_0000_0006,data/FineGym_data/videos/val/1/E3AHJ6-QS8M_E_006426_006433_A_0000_0006.mp4,1,16,100,16,3,False,True,0.5205804705619812,0.013021357939578593,0.002226459144973584,1.1875094179995358,161,11,16,16,False,
finegym,val,aEZbP-Yephw_E_000347_000355_A_0000_0007,data/FineGym_data/videos/val/1/aEZbP-Yephw_E_000347_000355_A_0000_0007.mp4,1,16,100,16,3,False,True,0.5188149213790894,0.012922151014208794,0.002226459144973584,1.1739608380012214,175,11,16,16,False,
finegym,val,BLzs5opw8uM_E_004209_004217_A_0000_0006,data/FineGym_data/videos/val/1/BLzs5opw8uM_E_004209_004217_A_0000_0006.mp4,1,16,100,16,1,True,True,0.409248948097229,0.017266363953240216,0.002226459144973584,1.1601345860399306,203,13,16,16,False,
finegym,val,E3AHJ6-QS8M_E_005404_005410_A_0000_0005,data/FineGym_data/videos/val/1/E3AHJ6-QS8M_E_005404_005410_A_0000_0005.mp4,1,16,100,16,3,False,True,0.4151347577571869,0.013757052016444504,0.002226459144973584,1.1417204829631373,143,9,16,16,False,
finegym,val,DG7upbhB1bI_E_002301_002309_A_0000_0007,data/FineGym_data/videos/val/1/DG7upbhB1bI_E_002301_002309_A_0000_0007.mp4,1,16,100,16,2,False,True,0.5354249477386475,0.014678945997729897,0.002226459144973584,1.1269522190559655,203,13,16,16,False,
finegym,val,f6k7PBGgeb4_E_001804_001812_A_0000_0007,data/FineGym_data/videos/val/1/f6k7PBGgeb4_E_001804_001812_A_0000_0007.mp4,1,16,100,16,1,True,True,0.4252256155014038,0.015577165991999209,0.002226459144973584,1.1114600929431617,186,12,16,16,False,
finegym,val,e3EsDlpNo0c_E_008837_008845_A_0000_0008,data/FineGym_data/videos/val/1/e3EsDlpNo0c_E_008837_008845_A_0000_0008.mp4,1,16,100,16,2,False,True,0.46092185378074646,0.01668517990037799,0.002226459144973584,1.0950710200704634,250,16,16,16,False,
finegym,val,0LtLS9wROrk_E_002681_002688_A_0000_0006,data/FineGym_data/videos/val/2/0LtLS9wROrk_E_002681_002688_A_0000_0006.mp4,2,16,100,16,2,True,True,0.9300177097320557,0.015188114019110799,0.002226459144973584,1.0775266729760915,195,13,16,16,False,
finegym,val,0LtLS9wROrk_E_004387_004394_A_0000_0006,data/FineGym_data/videos/val/2/0LtLS9wROrk_E_004387_004394_A_0000_0006.mp4,2,16,100,16,2,True,True,0.9531425833702087,0.014033001032657921,0.002226459144973584,1.0616613739402965,200,13,16,16,False,
finegym,val,cSh74jSRht8_E_001829_001843_A_0000_0014,data/FineGym_data/videos/val/2/cSh74jSRht8_E_001829_001843_A_0000_0014.mp4,2,16,100,16,1,False,True,0.294155478477478,0.025082709034904838,0.002226459144973584,1.0459001630079001,353,16,16,16,False,
finegym,val,E3AHJ6-QS8M_E_005347_005354_A_0000_0006,data/FineGym_data/videos/val/2/E3AHJ6-QS8M_E_005347_005354_A_0000_0006.mp4,2,16,100,16,2,True,True,0.3956352472305298,0.010608146898448467,0.002226459144973584,1.0197162709664553,160,10,16,16,False,
finegym,val,0LtLS9wROrk_E_007757_007764_A_0000_0007,data/FineGym_data/videos/val/2/0LtLS9wROrk_E_007757_007764_A_0000_0007.mp4,2,16,100,16,2,True,True,0.8863997459411621,0.011960943113081157,0.002226459144973584,1.0079968640347943,211,14,16,16,False,
finegym,val,esQQbBhuXbM_E_003066_003074_A_0000_0008,data/FineGym_data/videos/val/2/esQQbBhuXbM_E_003066_003074_A_0000_0008.mp4,2,16,100,16,1,False,True,0.5857847332954407,0.013565992005169392,0.002226459144973584,0.9951163709629327,196,13,16,16,False,
finegym,val,FEWTGYiWEaQ_E_000967_000975_A_0001_0007,data/FineGym_data/videos/val/2/FEWTGYiWEaQ_E_000967_000975_A_0001_0007.mp4,2,16,100,16,2,True,True,0.3054594099521637,0.010974094970151782,0.002226459144973584,0.9808794260025024,157,10,16,16,False,
finegym,val,cWztehyIFkg_E_002845_002860_A_0001_0013,data/FineGym_data/videos/val/2/cWztehyIFkg_E_002845_002860_A_0001_0013.mp4,2,16,100,16,2,True,True,0.6891835331916809,0.016604558913968503,0.002226459144973584,0.9693651240086183,321,16,16,16,False,
finegym,val,0LtLS9wROrk_E_007453_007460_A_0000_0006,data/FineGym_data/videos/val/2/0LtLS9wROrk_E_007453_007460_A_0000_0006.mp4,2,16,100,16,2,True,True,0.9095342755317688,0.010752419009804726,0.002226459144973584,0.9522611050633714,194,13,16,16,False,
finegym,val,GF8D7Dx2mhs_E_005409_005417_A_0001_0007,data/FineGym_data/videos/val/2/GF8D7Dx2mhs_E_005409_005417_A_0001_0007.mp4,2,16,100,16,1,False,True,0.520254373550415,0.009046408929862082,0.002226459144973584,0.9409030469832942,165,11,16,16,False,
finegym,val,EKb2MMJSoeI_E_002356_002365_A_0000_0007,data/FineGym_data/videos/val/2/EKb2MMJSoeI_E_002356_002365_A_0000_0007.mp4,2,16,100,16,2,True,True,0.7402899861335754,0.01050475297961384,0.002226459144973584,0.9313862229464576,214,14,16,16,False,
finegym,val,f6k7PBGgeb4_E_001907_001914_A_0000_0006,data/FineGym_data/videos/val/2/f6k7PBGgeb4_E_001907_001914_A_0000_0006.mp4,2,16,100,16,1,False,True,0.4407353699207306,0.009450539015233517,0.002226459144973584,0.92040372104384,165,11,16,16,False,
finegym,val,AZ4wWG6Rcak_E_006820_006829_A_0000_0008,data/FineGym_data/videos/val/2/AZ4wWG6Rcak_E_006820_006829_A_0000_0008.mp4,2,16,100,16,3,False,True,0.3639242351055145,0.009204155998304486,0.002226459144973584,0.9104810529388487,185,12,16,16,False,
finegym,val,0LtLS9wROrk_E_003559_003567_A_0000_0007,data/FineGym_data/videos/val/2/0LtLS9wROrk_E_003559_003567_A_0000_0007.mp4,2,16,100,16,2,True,True,0.8221117258071899,0.010332419071346521,0.002226459144973584,0.9003296348964795,200,13,16,16,False,
finegym,val,esQQbBhuXbM_E_001364_001371_A_0000_0007,data/FineGym_data/videos/val/2/esQQbBhuXbM_E_001364_001371_A_0000_0007.mp4,2,16,100,16,1,False,True,0.3863832354545593,0.011470741010271013,0.002226459144973584,0.8895000909687951,186,12,16,16,False,
finegym,val,DG7upbhB1bI_E_000643_000650_A_0000_0006,data/FineGym_data/videos/val/2/DG7upbhB1bI_E_000643_000650_A_0000_0006.mp4,2,16,100,16,2,True,True,0.3756873905658722,0.008461138000711799,0.002226459144973584,0.8775433269329369,182,12,16,16,False,
finegym,val,0LtLS9wROrk_E_006226_006232_A_0000_0006,data/FineGym_data/videos/val/2/0LtLS9wROrk_E_006226_006232_A_0000_0006.mp4,2,16,100,16,2,True,True,0.8909914493560791,0.011721411952748895,0.002226459144973584,0.8685695339227095,196,13,16,16,False,
finegym,val,0LtLS9wROrk_E_004699_004705_A_0000_0006,data/FineGym_data/videos/val/2/0LtLS9wROrk_E_004699_004705_A_0000_0006.mp4,2,16,100,16,2,True,True,0.9195373058319092,0.010187215986661613,0.002226459144973584,0.8563991560367867,200,13,16,16,False,
finegym,val,GF8D7Dx2mhs_E_005410_005417_A_0000_0007,data/FineGym_data/videos/val/2/GF8D7Dx2mhs_E_005410_005417_A_0000_0007.mp4,2,16,100,16,1,False,True,0.5257726311683655,0.009782974957488477,0.002226459144973584,0.8457356150029227,166,11,16,16,False,
finegym,val,0LtLS9wROrk_E_004092_004100_A_0000_0007,data/FineGym_data/videos/val/2/0LtLS9wROrk_E_004092_004100_A_0000_0007.mp4,2,16,100,16,2,True,True,0.9558125138282776,0.011995397973805666,0.002226459144973584,0.8355009100632742,224,14,16,16,False,
finegym,val,eH-ZgOT8ASM_E_001272_001279_A_0000_0007,data/FineGym_data/videos/val/3/eH-ZgOT8ASM_E_001272_001279_A_0000_0007.mp4,3,16,100,16,1,False,True,0.5122367739677429,0.012260747025720775,0.002226459144973584,0.8230346069904044,175,11,16,16,False,
finegym,val,Gng3ezTNGog_E_000944_000954_A_0000_0010,data/FineGym_data/videos/val/3/Gng3ezTNGog_E_000944_000954_A_0000_0010.mp4,3,16,100,16,1,False,True,0.4214543104171753,0.015649321023374796,0.002226459144973584,0.8102793099824339,250,16,16,16,False,
finegym,val,C5Yfd1IWjmM_E_003643_003650_A_0000_0007,data/FineGym_data/videos/val/3/C5Yfd1IWjmM_E_003643_003650_A_0000_0007.mp4,3,16,100,16,2,False,True,0.5348712801933289,0.010034909006208181,0.002226459144973584,0.7940321629866958,221,14,16,16,False,
finegym,val,GF8D7Dx2mhs_E_007280_007288_A_0000_0007,data/FineGym_data/videos/val/3/GF8D7Dx2mhs_E_007280_007288_A_0000_0007.mp4,3,16,100,16,1,False,True,0.6147812008857727,0.01115985494107008,0.002226459144973584,0.7835223309230059,192,12,16,16,False,
finegym,val,EKb2MMJSoeI_E_002164_002172_A_0000_0008,data/FineGym_data/videos/val/3/EKb2MMJSoeI_E_002164_002172_A_0000_0008.mp4,3,16,100,16,2,False,True,0.6314793825149536,0.012223385972902179,0.002226459144973584,0.7717909599887207,236,15,16,16,False,
finegym,val,E3AHJ6-QS8M_E_002888_002896_A_0000_0007,data/FineGym_data/videos/val/3/E3AHJ6-QS8M_E_002888_002896_A_0000_0007.mp4,3,16,100,16,3,True,True,0.728407084941864,0.014226704952307045,0.002226459144973584,0.7589750590268523,186,12,16,16,False,
finegym,val,E3AHJ6-QS8M_E_002128_002135_A_0000_0006,data/FineGym_data/videos/val/3/E3AHJ6-QS8M_E_002128_002135_A_0000_0006.mp4,3,16,100,16,3,True,True,0.46688538789749146,0.01017093495465815,0.002226459144973584,0.74415524804499,151,10,16,16,False,
finegym,val,esQQbBhuXbM_E_005107_005113_A_0000_0006,data/FineGym_data/videos/val/3/esQQbBhuXbM_E_005107_005113_A_0000_0006.mp4,3,16,100,16,1,False,True,0.2481471300125122,0.009860049933195114,0.002226459144973584,0.7334710069699213,152,10,16,16,False,
finegym,val,E3AHJ6-QS8M_E_003806_003813_A_0000_0007,data/FineGym_data/videos/val/3/E3AHJ6-QS8M_E_003806_003813_A_0000_0007.mp4,3,16,100,16,3,True,True,0.38061144948005676,0.011387403006665409,0.002226459144973584,0.7231151449959725,174,11,16,16,False,
finegym,val,GF8D7Dx2mhs_E_001562_001570_A_0000_0006,data/FineGym_data/videos/val/3/GF8D7Dx2mhs_E_001562_001570_A_0000_0006.mp4,3,16,100,16,1,False,True,0.5550878047943115,0.010202253935858607,0.002226459144973584,0.7111523479688913,171,11,16,16,False,
finegym,val,cWztehyIFkg_E_002229_002238_A_0000_0009,data/FineGym_data/videos/val/3/cWztehyIFkg_E_002229_002238_A_0000_0009.mp4,3,16,100,16,2,False,True,0.5281380414962769,0.012324054958298802,0.002226459144973584,0.7004811519291252,227,15,16,16,False,
finegym,val,E3AHJ6-QS8M_E_003091_003098_A_0000_0006,data/FineGym_data/videos/val/3/E3AHJ6-QS8M_E_003091_003098_A_0000_0006.mp4,3,16,100,16,3,True,True,0.6174390912055969,0.01059051405172795,0.002226459144973584,0.6875751010375097,163,11,16,16,False,
finegym,val,EKb2MMJSoeI_E_002249_002257_A_0000_0008,data/FineGym_data/videos/val/3/EKb2MMJSoeI_E_002249_002257_A_0000_0008.mp4,3,16,100,16,2,False,True,0.5098505616188049,0.011239405954256654,0.002226459144973584,0.6764926220057532,233,15,16,16,False,
finegym,val,cWztehyIFkg_E_002042_002050_A_0000_0008,data/FineGym_data/videos/val/4/cWztehyIFkg_E_002042_002050_A_0000_0008.mp4,4,16,100,16,2,False,False,0.5682893395423889,0.010195720940828323,0.002226459144973584,0.664782191044651,197,13,16,16,False,
finegym,val,E3AHJ6-QS8M_E_001496_001506_A_0000_0009,data/FineGym_data/videos/val/4/E3AHJ6-QS8M_E_001496_001506_A_0000_0009.mp4,4,16,100,16,3,False,True,0.7811203598976135,0.015819731983356178,0.002226459144973584,0.6541191090364009,239,15,16,16,False,
finegym,val,A0xAXXysHUo_E_000289_000297_A_0000_0008,data/FineGym_data/videos/val/4/A0xAXXysHUo_E_000289_000297_A_0000_0008.mp4,4,16,100,16,4,True,True,0.3081131875514984,0.01535170094575733,0.002226459144973584,0.6376982158981264,246,16,16,16,False,
finegym,val,E3AHJ6-QS8M_E_000698_000704_A_0000_0005,data/FineGym_data/videos/val/4/E3AHJ6-QS8M_E_000698_000704_A_0000_0005.mp4,4,16,100,16,3,False,True,0.3510762155056,0.011031573987565935,0.002226459144973584,0.621864959015511,144,9,16,16,False,
finegym,val,e3EsDlpNo0c_E_003061_003068_A_0000_0007,data/FineGym_data/videos/val/4/e3EsDlpNo0c_E_003061_003068_A_0000_0007.mp4,4,16,100,16,1,False,True,0.5633209943771362,0.013066902989521623,0.002226459144973584,0.6101030099671334,217,14,16,16,False,
finegym,val,aEZbP-Yephw_E_000071_000079_A_0000_0008,data/FineGym_data/videos/val/4/aEZbP-Yephw_E_000071_000079_A_0000_0008.mp4,4,16,100,16,3,False,True,0.4627407193183899,0.011653424007818103,0.002226459144973584,0.59656267601531,182,12,16,16,False,
finegym,val,A0xAXXysHUo_E_000477_000486_A_0000_0008,data/FineGym_data/videos/val/4/A0xAXXysHUo_E_000477_000486_A_0000_0008.mp4,4,16,100,16,4,True,True,0.3263120651245117,0.015114756068214774,0.002226459144973584,0.5837659320095554,266,16,16,16,False,
finegym,val,aEZbP-Yephw_E_000161_000171_A_0001_0010,data/FineGym_data/videos/val/4/aEZbP-Yephw_E_000161_000171_A_0001_0010.mp4,4,16,100,16,3,False,False,0.46482688188552856,0.013970543979667127,0.002226459144973584,0.5680064219050109,206,13,16,16,False,
finegym,val,A0xAXXysHUo_E_004838_004847_A_0000_0008,data/FineGym_data/videos/val/4/A0xAXXysHUo_E_004838_004847_A_0000_0008.mp4,4,16,100,16,4,True,True,0.40824827551841736,0.015052678994834423,0.002226459144973584,0.5530623570084572,244,16,16,16,False,
finegym,val,A0xAXXysHUo_E_000867_000875_A_0000_0007,data/FineGym_data/videos/val/4/A0xAXXysHUo_E_000867_000875_A_0000_0007.mp4,4,16,100,16,4,True,True,0.3523472845554352,0.011975068948231637,0.002226459144973584,0.5371625239495188,200,13,16,16,False,
finegym,val,E3AHJ6-QS8M_E_001967_001974_A_0000_0006,data/FineGym_data/videos/val/4/E3AHJ6-QS8M_E_001967_001974_A_0000_0006.mp4,4,16,100,16,2,False,False,0.36246559023857117,0.0103912289487198,0.002226459144973584,0.5245402380824089,163,11,16,16,False,
finegym,val,e3EsDlpNo0c_E_008260_008267_A_0000_0006,data/FineGym_data/videos/val/4/e3EsDlpNo0c_E_008260_008267_A_0000_0006.mp4,4,16,100,16,1,False,True,0.5701531767845154,0.01213562092743814,0.002226459144973584,0.5134856899967417,196,13,16,16,False,
finegym,val,A0xAXXysHUo_E_001043_001050_A_0000_0007,data/FineGym_data/videos/val/4/A0xAXXysHUo_E_001043_001050_A_0000_0007.mp4,4,16,100,16,1,False,True,0.33669230341911316,0.012031655991449952,0.002226459144973584,0.500870736897923,202,13,16,16,False,
finegym,val,A0xAXXysHUo_E_004597_004606_A_0000_0008,data/FineGym_data/videos/val/4/A0xAXXysHUo_E_004597_004606_A_0000_0008.mp4,4,16,100,16,1,False,True,0.34481823444366455,0.014880395028740168,0.002226459144973584,0.4883343420224264,234,15,16,16,False,
finegym,val,e3EsDlpNo0c_E_003078_003091_A_0000_0012,data/FineGym_data/videos/val/4/e3EsDlpNo0c_E_003078_003091_A_0000_0012.mp4,4,16,100,16,2,False,True,0.35448330640792847,0.015735224005766213,0.002226459144973584,0.47287370602134615,373,16,16,16,False,
finegym,val,dqUNtY2GwW4_E_004835_004843_A_0001_0007,data/FineGym_data/videos/val/4/dqUNtY2GwW4_E_004835_004843_A_0001_0007.mp4,4,16,100,16,1,False,True,0.4409705400466919,0.010109388967975974,0.002226459144973584,0.4566551330499351,162,11,16,16,False,
finegym,val,esQQbBhuXbM_E_001062_001069_A_0000_0007,data/FineGym_data/videos/val/4/esQQbBhuXbM_E_001062_001069_A_0000_0007.mp4,4,16,100,16,1,False,True,0.38811853528022766,0.010008999961428344,0.002226459144973584,0.44606826605740935,170,11,16,16,False,
finegym,val,f-1FbFegbuQ_E_000900_000908_A_0000_0007,data/FineGym_data/videos/val/4/f-1FbFegbuQ_E_000900_000908_A_0000_0007.mp4,4,16,100,16,1,False,True,0.4520345628261566,0.015966539038345218,0.002226459144973584,0.4355597849935293,216,14,16,16,False,
finegym,val,E3AHJ6-QS8M_E_000529_000535_A_0000_0006,data/FineGym_data/videos/val/4/E3AHJ6-QS8M_E_000529_000535_A_0000_0006.mp4,4,16,100,16,3,False,True,0.5326199531555176,0.012486441060900688,0.002226459144973584,0.41910088097210974,161,11,16,16,False,
finegym,val,E3AHJ6-QS8M_E_001940_001947_A_0000_0007,data/FineGym_data/videos/val/4/E3AHJ6-QS8M_E_001940_001947_A_0000_0007.mp4,4,16,100,16,3,False,True,0.3728877305984497,0.010193848051130772,0.002226459144973584,0.40608743799384683,158,10,16,16,False,
finegym,val,CkNz9ZIQmZI_E_007814_007922_A_0086_0087,data/FineGym_data/videos/val/6/CkNz9ZIQmZI_E_007814_007922_A_0086_0087.mp4,6,16,100,16,95,False,True,0.14243173599243164,0.004475419991649687,0.002226459144973584,0.3954062630655244,20,2,16,16,False,
finegym,val,0LtLS9wROrk_E_002558_002653_A_0061_0062,data/FineGym_data/videos/val/6/0LtLS9wROrk_E_002558_002653_A_0061_0062.mp4,6,16,100,16,14,False,False,0.21216511726379395,0.004094784031622112,0.002226459144973584,0.39027382794301957,27,2,16,16,False,
finegym,val,aN3PC4tJokk_E_003860_003960_A_0062_0063,data/FineGym_data/videos/val/6/aN3PC4tJokk_E_003860_003960_A_0062_0063.mp4,6,16,100,16,44,False,True,0.5684798955917358,0.0036075469106435776,0.002226459144973584,0.38541392411570996,27,2,16,16,False,
finegym,val,A0xAXXysHUo_E_003435_003534_A_0079_0079,data/FineGym_data/videos/val/6/A0xAXXysHUo_E_003435_003534_A_0079_0079.mp4,6,16,100,16,35,False,False,0.2059316635131836,0.004623678978532553,0.002226459144973584,0.38126004999503493,26,2,16,16,False,
finegym,val,aN9hSsP6xTg_E_002637_002732_A_0032_0033,data/FineGym_data/videos/val/6/aN9hSsP6xTg_E_002637_002732_A_0032_0033.mp4,6,16,100,16,11,False,False,0.15277951955795288,0.0038628880865871906,0.002226459144973584,0.37594166304916143,20,2,16,16,False,
finegym,val,CUuRl0Bwbbc_E_004235_004331_A_0031_0032,data/FineGym_data/videos/val/6/CUuRl0Bwbbc_E_004235_004331_A_0031_0032.mp4,6,16,100,16,14,False,False,0.1509687751531601,0.004658996011130512,0.002226459144973584,0.37140228401403874,26,2,16,16,False,
finegym,val,BLzs5opw8uM_E_000201_000302_A_0044_0045,data/FineGym_data/videos/val/6/BLzs5opw8uM_E_000201_000302_A_0044_0045.mp4,6,16,100,16,14,False,False,0.12237764894962311,0.005157583043910563,0.0021088894172862638,0.9973364470060915,27,2,16,16,False,
finegym,val,E3AHJ6-QS8M_E_001717_001809_A_0060_0061,data/FineGym_data/videos/val/6/E3AHJ6-QS8M_E_001717_001809_A_0060_0061.mp4,6,16,100,16,12,False,False,0.40204277634620667,0.004536423948593438,0.0021088894172862638,0.9892357169883326,22,2,16,16,False,
finegym,val,aEZbP-Yephw_E_000849_000949_A_0057_0058,data/FineGym_data/videos/val/6/aEZbP-Yephw_E_000849_000949_A_0057_0058.mp4,6,16,100,16,14,False,False,0.2165374457836151,0.003631621948443353,0.0021088894172862638,0.9841632939642295,22,2,16,16,False,
finegym,val,BLzs5opw8uM_E_003725_003827_A_0050_0050,data/FineGym_data/videos/val/6/BLzs5opw8uM_E_003725_003827_A_0050_0050.mp4,6,16,100,16,14,False,True,0.42888903617858887,0.004720901953987777,0.0021088894172862638,0.9800669169053435,24,2,16,16,False,
finegym,val,DyZ2qj6x1UE_E_003507_003612_A_0065_0066,data/FineGym_data/videos/val/6/DyZ2qj6x1UE_E_003507_003612_A_0065_0066.mp4,6,16,100,16,43,False,False,0.2954982817173004,0.004862066940404475,0.0021088894172862638,0.9745784919941798,21,2,16,16,False,
finegym,val,AZ4wWG6Rcak_E_005867_005973_A_0023_0023,data/FineGym_data/videos/val/6/AZ4wWG6Rcak_E_005867_005973_A_0023_0023.mp4,6,16,100,16,16,False,False,0.23298344016075134,0.004381673992611468,0.0021088894172862638,0.9687296679476276,22,2,16,16,False,
finegym,val,e3EsDlpNo0c_E_006853_006954_A_0081_0081,data/FineGym_data/videos/val/6/e3EsDlpNo0c_E_006853_006954_A_0081_0081.mp4,6,16,100,16,14,False,True,0.3974112868309021,0.003634848981164396,0.0021088894172862638,0.9638046231120825,23,2,16,16,False,
finegym,val,A0xAXXysHUo_E_003897_003995_A_0060_0061,data/FineGym_data/videos/val/6/A0xAXXysHUo_E_003897_003995_A_0060_0061.mp4,6,16,100,16,12,False,True,0.231118842959404,0.00401103706099093,0.0021088894172862638,0.9596223039552569,27,2,16,16,False,
finegym,val,e3EsDlpNo0c_E_003966_004070_A_0082_0083,data/FineGym_data/videos/val/6/e3EsDlpNo0c_E_003966_004070_A_0082_0083.mp4,6,16,100,16,12,False,True,0.7227350473403931,0.0036798830842599273,0.0021088894172862638,0.9548633309314027,24,2,16,16,False,
finegym,val,DyZ2qj6x1UE_E_002690_002787_A_0065_0066,data/FineGym_data/videos/val/6/DyZ2qj6x1UE_E_002690_002787_A_0065_0066.mp4,6,16,100,16,11,False,False,0.24584825336933136,0.0034642870305106044,0.0021088894172862638,0.9504469119710848,21,2,16,16,False,
finegym,val,dqUNtY2GwW4_E_003377_003473_A_0042_0043,data/FineGym_data/videos/val/6/dqUNtY2GwW4_E_003377_003473_A_0042_0043.mp4,6,16,100,16,14,False,False,0.20033062994480133,0.004243342904374003,0.0021088894172862638,0.9465668629854918,23,2,16,16,False,
finegym,val,E3AHJ6-QS8M_E_003321_003427_A_0083_0084,data/FineGym_data/videos/val/6/E3AHJ6-QS8M_E_003321_003427_A_0083_0084.mp4,6,16,100,16,21,False,False,0.23275788128376007,0.0044102470856159925,0.0021088894172862638,0.9412727429298684,21,2,16,16,False,
finegym,val,dqUNtY2GwW4_E_003169_003267_A_0082_0083,data/FineGym_data/videos/val/6/dqUNtY2GwW4_E_003169_003267_A_0082_0083.mp4,6,16,100,16,16,False,False,0.1179967001080513,0.0036290279822424054,0.0021088894172862638,0.9360964350635186,19,2,16,16,False,
finegym,val,aEZbP-Yephw_E_004976_005078_A_0085_0086,data/FineGym_data/videos/val/6/aEZbP-Yephw_E_004976_005078_A_0085_0086.mp4,6,16,100,16,14,False,False,0.10729610919952393,0.003358318004757166,0.0021088894172862638,0.9320296129444614,22,2,16,16,False,
finegym,val,A0xAXXysHUo_E_003089_003189_A_0072_0074,data/FineGym_data/videos/val/7/A0xAXXysHUo_E_003089_003189_A_0072_0074.mp4,7,16,100,16,30,False,False,0.2749060094356537,0.0037537519820034504,0.0021088894172862638,0.9282288630492985,34,3,16,16,False,
finegym,val,aEZbP-Yephw_E_004754_004849_A_0023_0024,data/FineGym_data/videos/val/7/aEZbP-Yephw_E_004754_004849_A_0023_0024.mp4,7,16,100,16,14,False,False,0.11064586043357849,0.003563314094208181,0.0021088894172862638,0.9240165379596874,23,2,16,16,False,
finegym,val,DTedv-hhHU4_E_000795_000904_A_0081_0082,data/FineGym_data/videos/val/7/DTedv-hhHU4_E_000795_000904_A_0081_0082.mp4,7,16,100,16,12,False,False,0.30324432253837585,0.0035422940272837877,0.0021088894172862638,0.9200342969270423,27,2,16,16,False,
finegym,val,A0xAXXysHUo_E_004694_004791_A_0073_0074,data/FineGym_data/videos/val/7/A0xAXXysHUo_E_004694_004791_A_0073_0074.mp4,7,16,100,16,12,False,False,0.4297865927219391,0.0033997759455814958,0.0021088894172862638,0.9160534159746021,30,2,16,16,False,
finegym,val,aN9hSsP6xTg_E_000547_000651_A_0078_0079,data/FineGym_data/videos/val/7/aN9hSsP6xTg_E_000547_000651_A_0078_0079.mp4,7,16,100,16,14,False,False,0.2227981835603714,0.002927968977019191,0.0021088894172862638,0.9121929630637169,22,2,16,16,False,
finegym,val,C5Yfd1IWjmM_E_001396_001513_A_0077_0078,data/FineGym_data/videos/val/7/C5Yfd1IWjmM_E_001396_001513_A_0077_0078.mp4,7,16,100,16,12,False,False,0.18506568670272827,0.0034960469929501414,0.0021088894172862638,0.908841868978925,26,2,16,16,False,
finegym,val,esQQbBhuXbM_E_006962_007058_A_0043_0044,data/FineGym_data/videos/val/7/esQQbBhuXbM_E_006962_007058_A_0043_0044.mp4,7,16,100,16,11,False,False,0.24894000589847565,0.002436092938296497,0.0021088894172862638,0.9049202810274437,20,2,16,16,False,
finegym,val,E3AHJ6-QS8M_E_003321_003427_A_0050_0050,data/FineGym_data/videos/val/7/E3AHJ6-QS8M_E_003321_003427_A_0050_0050.mp4,7,16,100,16,16,False,False,0.153745636343956,0.0032955309143289924,0.0021088894172862638,0.9021109059685841,20,2,16,16,False,
finegym,val,AZ4wWG6Rcak_E_009215_009318_A_0054_0055,data/FineGym_data/videos/val/7/AZ4wWG6Rcak_E_009215_009318_A_0054_0055.mp4,7,16,100,16,14,False,False,0.1744827926158905,0.003856354975141585,0.0021088894172862638,0.8984147330047563,22,2,16,16,False,
finegym,val,BLzs5opw8uM_E_001914_002013_A_0047_0048,data/FineGym_data/videos/val/7/BLzs5opw8uM_E_001914_002013_A_0047_0048.mp4,7,16,100,16,12,False,False,0.3590506613254547,0.005008884007111192,0.0021088894172862638,0.8936612189281732,27,2,16,16,False,
finegym,val,e3EsDlpNo0c_E_007562_007662_A_0044_0045,data/FineGym_data/videos/val/7/e3EsDlpNo0c_E_007562_007662_A_0044_0045.mp4,7,16,100,16,14,False,False,0.06513144075870514,0.00396402704063803,0.0021088894172862638,0.8877801550552249,28,2,16,16,False,
finegym,val,E3AHJ6-QS8M_E_005168_005260_A_0069_0070,data/FineGym_data/videos/val/7/E3AHJ6-QS8M_E_005168_005260_A_0069_0070.mp4,7,16,100,16,16,False,False,0.06768184155225754,0.003934110980480909,0.0021088894172862638,0.883251424995251,24,2,16,16,False,
finegym,val,esQQbBhuXbM_E_002103_002211_A_0084_0085,data/FineGym_data/videos/val/7/esQQbBhuXbM_E_002103_002211_A_0084_0085.mp4,7,16,100,16,21,False,False,0.5181878209114075,0.002763428958132863,0.0021088894172862638,0.8787838690914214,23,2,16,16,False,
finegym,val,e3EsDlpNo0c_E_004350_004455_A_0031_0032,data/FineGym_data/videos/val/7/e3EsDlpNo0c_E_004350_004455_A_0031_0032.mp4,7,16,100,16,12,False,False,0.21382588148117065,0.003139285952784121,0.0021088894172862638,0.8756091269897297,27,2,16,16,False,
finegym,val,AZ4wWG6Rcak_E_008171_008275_A_0093_0094,data/FineGym_data/videos/val/7/AZ4wWG6Rcak_E_008171_008275_A_0093_0094.mp4,7,16,100,16,25,False,False,0.14847779273986816,0.002590453950688243,0.0021088894172862638,0.8720712820068002,22,2,16,16,False,
finegym,val,DTedv-hhHU4_E_001024_001129_A_0076_0077,data/FineGym_data/videos/val/7/DTedv-hhHU4_E_001024_001129_A_0076_0077.mp4,7,16,100,16,14,False,False,0.2593438923358917,0.00304915604647249,0.0021088894172862638,0.8690523020923138,27,2,16,16,False,
finegym,val,f-1FbFegbuQ_E_004879_004987_A_0081_0082,data/FineGym_data/videos/val/7/f-1FbFegbuQ_E_004879_004987_A_0081_0082.mp4,7,16,100,16,12,False,False,0.17818231880664825,0.004274402046576142,0.0021088894172862638,0.865520257037133,39,3,16,16,False,
finegym,val,CUuRl0Bwbbc_E_003495_003598_A_0061_0062,data/FineGym_data/videos/val/7/CUuRl0Bwbbc_E_003495_003598_A_0061_0062.mp4,7,16,100,16,12,False,False,0.15128611028194427,0.0038805609801784158,0.0021088894172862638,0.8606238549109548,29,2,16,16,False,
finegym,val,E3AHJ6-QS8M_E_000552_000647_A_0043_0044,data/FineGym_data/videos/val/7/E3AHJ6-QS8M_E_000552_000647_A_0043_0044.mp4,7,16,100,16,21,False,False,0.18596896529197693,0.003670905949547887,0.0021088894172862638,0.8561961950035766,23,2,16,16,False,
finegym,val,aN3PC4tJokk_E_004100_004199_A_0045_0046,data/FineGym_data/videos/val/7/aN3PC4tJokk_E_004100_004199_A_0045_0046.mp4,7,16,100,16,12,False,False,0.08376093208789825,0.0044854889856651425,0.0021088894172862638,0.8519612479722127,35,3,16,16,False,
finegym,val,0LtLS9wROrk_E_007629_007726_A_0043_0044,data/FineGym_data/videos/val/8/0LtLS9wROrk_E_007629_007726_A_0043_0044.mp4,8,16,100,16,14,False,False,0.48068004846572876,0.00478499208111316,0.0021088894172862638,0.8470199819421396,27,2,16,16,False,
finegym,val,cSh74jSRht8_E_004401_004506_A_0056_0057,data/FineGym_data/videos/val/8/cSh74jSRht8_E_004401_004506_A_0056_0057.mp4,8,16,100,16,86,False,False,0.14367908239364624,0.004532387014478445,0.0021088894172862638,0.8414437010651454,19,2,16,16,False,
finegym,val,AZ4wWG6Rcak_E_009215_009318_A_0071_0072,data/FineGym_data/videos/val/8/AZ4wWG6Rcak_E_009215_009318_A_0071_0072.mp4,8,16,100,16,12,False,False,0.16876645386219025,0.004128447035327554,0.0021088894172862638,0.8359128360170871,22,2,16,16,False,
finegym,val,0LtLS9wROrk_E_004572_004670_A_0038_0039,data/FineGym_data/videos/val/8/0LtLS9wROrk_E_004572_004670_A_0038_0039.mp4,8,16,100,16,14,False,True,0.3721603751182556,0.004892244003713131,0.0021088894172862638,0.8307693580863997,25,2,16,16,False,
finegym,val,CUuRl0Bwbbc_E_004235_004331_A_0044_0045,data/FineGym_data/videos/val/8/CUuRl0Bwbbc_E_004235_004331_A_0044_0045.mp4,8,16,100,16,12,False,False,0.6376725435256958,0.004202906973659992,0.0021088894172862638,0.825033035944216,28,2,16,16,False,
finegym,val,e3EsDlpNo0c_E_006401_006501_A_0081_0082,data/FineGym_data/videos/val/8/e3EsDlpNo0c_E_006401_006501_A_0081_0082.mp4,8,16,100,16,14,False,False,0.4014859199523926,0.004259263048879802,0.0021088894172862638,0.8203000919893384,26,2,16,16,False,
finegym,val,AZ4wWG6Rcak_E_002331_002434_A_0077_0078,data/FineGym_data/videos/val/8/AZ4wWG6Rcak_E_002331_002434_A_0077_0078.mp4,8,16,100,16,14,False,False,0.21127568185329437,0.005147904972545803,0.0021088894172862638,0.815510411048308,21,2,16,16,False,
finegym,val,DG7upbhB1bI_E_001882_001986_A_0040_0041,data/FineGym_data/videos/val/8/DG7upbhB1bI_E_001882_001986_A_0040_0041.mp4,8,16,100,16,12,False,False,0.5965026021003723,0.005150408949702978,0.0021088894172862638,0.8098230719333515,29,2,16,16,False,
finegym,val,AZ4wWG6Rcak_E_002768_002869_A_0053_0054,data/FineGym_data/videos/val/8/AZ4wWG6Rcak_E_002768_002869_A_0053_0054.mp4,8,16,100,16,30,False,False,0.1684393584728241,0.004913904936984181,0.0021088894172862638,0.8036398579133675,32,2,16,16,False,
finegym,val,aN3PC4tJokk_E_004100_004199_A_0082_0083,data/FineGym_data/videos/val/8/aN3PC4tJokk_E_004100_004199_A_0082_0083.mp4,8,16,100,16,12,False,False,0.46502014994621277,0.005094495019875467,0.0021088894172862638,0.7979688489576802,25,2,16,16,False,
finegym,val,dqUNtY2GwW4_E_003377_003473_A_0072_0073,data/FineGym_data/videos/val/8/dqUNtY2GwW4_E_003377_003473_A_0072_0073.mp4,8,16,100,16,12,False,False,0.14578209817409515,0.004492121050134301,0.0021088894172862638,0.791854846989736,21,2,16,16,False,
finegym,val,CkNz9ZIQmZI_E_007578_007683_A_0062_0063,data/FineGym_data/videos/val/8/CkNz9ZIQmZI_E_007578_007683_A_0062_0063.mp4,8,16,100,16,14,False,False,0.21501079201698303,0.003995637991465628,0.0021088894172862638,0.7864160049939528,20,2,16,16,False,
finegym,val,A0xAXXysHUo_E_004400_004497_A_0067_0068,data/FineGym_data/videos/val/8/A0xAXXysHUo_E_004400_004497_A_0067_0068.mp4,8,16,100,16,12,False,True,0.31555551290512085,0.004131012014113367,0.0021088894172862638,0.7814795869635418,25,2,16,16,False,
finegym,val,E3AHJ6-QS8M_E_003321_003427_A_0048_0049,data/FineGym_data/videos/val/8/E3AHJ6-QS8M_E_003321_003427_A_0048_0049.mp4,8,16,100,16,16,False,False,0.07257459312677383,0.0042599140433594584,0.0021088894172862638,0.7764165829867125,21,2,16,16,False,
finegym,val,A0xAXXysHUo_E_003089_003189_A_0044_0045,data/FineGym_data/videos/val/8/A0xAXXysHUo_E_003089_003189_A_0044_0045.mp4,8,16,100,16,14,False,True,0.11964567005634308,0.005190816009417176,0.0021088894172862638,0.7712458339519799,25,2,16,16,False,
finegym,val,BLzs5opw8uM_E_003725_003827_A_0071_0072,data/FineGym_data/videos/val/8/BLzs5opw8uM_E_003725_003827_A_0071_0072.mp4,8,16,100,16,12,False,True,0.2785498797893524,0.00437364901881665,0.0021088894172862638,0.7651075660251081,26,2,16,16,False,
finegym,val,aN9hSsP6xTg_E_000932_001038_A_0052_0053,data/FineGym_data/videos/val/8/aN9hSsP6xTg_E_000932_001038_A_0052_0053.mp4,8,16,100,16,21,False,False,0.29046306014060974,0.004176166956312954,0.0021088894172862638,0.7598143080249429,22,2,16,16,False,
finegym,val,aEZbP-Yephw_E_002668_002777_A_0048_0049,data/FineGym_data/videos/val/8/aEZbP-Yephw_E_002668_002777_A_0048_0049.mp4,8,16,100,16,12,False,True,0.5434635877609253,0.005181308020837605,0.0021088894172862638,0.754740352043882,24,2,16,16,False,
finegym,val,DG7upbhB1bI_E_001017_001123_A_0069_0070,data/FineGym_data/videos/val/8/DG7upbhB1bI_E_001017_001123_A_0069_0070.mp4,8,16,100,16,12,False,False,0.33768659830093384,0.007712119026109576,0.0021088894172862638,0.7476959089981392,22,2,16,16,False,
finegym,val,DTedv-hhHU4_E_004361_004465_A_0047_0048,data/FineGym_data/videos/val/8/DTedv-hhHU4_E_004361_004465_A_0047_0048.mp4,8,16,100,16,14,False,True,0.37023577094078064,0.006904889945872128,0.0021088894172862638,0.7381542680086568,25,2,16,16,False,
finegym,val,CkNz9ZIQmZI_E_008093_008190_A_0060_0061,data/FineGym_data/videos/val/9/CkNz9ZIQmZI_E_008093_008190_A_0060_0061.mp4,9,16,100,16,14,False,False,0.3281466066837311,0.004135219031013548,0.0021088894172862638,0.7302632420323789,25,2,16,16,False,
finegym,val,aN3PC4tJokk_E_004346_004452_A_0026_0027,data/FineGym_data/videos/val/9/aN3PC4tJokk_E_004346_004452_A_0026_0027.mp4,9,16,100,16,55,False,False,0.10425765067338943,0.006636174977757037,0.0021088894172862638,0.724849988007918,31,2,16,16,False,
finegym,val,0LtLS9wROrk_E_003137_003230_A_0025_0026,data/FineGym_data/videos/val/9/0LtLS9wROrk_E_003137_003230_A_0025_0026.mp4,9,16,100,16,44,False,False,0.16526329517364502,0.004999955999664962,0.0021088894172862638,0.7167106450069696,29,2,16,16,False,
finegym,val,aN9hSsP6xTg_E_000327_000429_A_0051_0052,data/FineGym_data/videos/val/9/aN9hSsP6xTg_E_000327_000429_A_0051_0052.mp4,9,16,100,16,11,False,False,0.15166500210762024,0.003146138973534107,0.0021088894172862638,0.7108337490353733,22,2,16,16,False,
finegym,val,E3AHJ6-QS8M_E_000552_000647_A_0010_0012,data/FineGym_data/videos/val/9/E3AHJ6-QS8M_E_000552_000647_A_0010_0012.mp4,9,16,100,16,21,False,False,0.09282756596803665,0.003997139981947839,0.0021088894172862638,0.7069150469033048,31,2,16,16,False,
finegym,val,DTedv-hhHU4_E_000795_000904_A_0034_0035,data/FineGym_data/videos/val/9/DTedv-hhHU4_E_000795_000904_A_0034_0035.mp4,9,16,100,16,14,False,False,0.42280036211013794,0.0031151999719440937,0.0021088894172862638,0.7021419770317152,29,2,16,16,False,
finegym,val,E3AHJ6-QS8M_E_005168_005260_A_0031_0032,data/FineGym_data/videos/val/9/E3AHJ6-QS8M_E_005168_005260_A_0031_0032.mp4,9,16,100,16,16,False,False,0.4955854117870331,0.0037679290398955345,0.0021088894172862638,0.698113307938911,24,2,16,16,False,
finegym,val,A0xAXXysHUo_E_004694_004791_A_0044_0045,data/FineGym_data/videos/val/9/A0xAXXysHUo_E_004694_004791_A_0044_0045.mp4,9,16,100,16,12,False,False,0.10961323231458664,0.0038530289893969893,0.0021088894172862638,0.6935989649500698,33,3,16,16,False,
finegym,val,e3EsDlpNo0c_E_006102_006204_A_0078_0079,data/FineGym_data/videos/val/9/e3EsDlpNo0c_E_006102_006204_A_0078_0079.mp4,9,16,100,16,14,False,False,0.30521702766418457,0.002823360962793231,0.0021088894172862638,0.6890107729705051,32,2,16,16,False,
finegym,val,CUuRl0Bwbbc_E_003664_003763_A_0046_0047,data/FineGym_data/videos/val/9/CUuRl0Bwbbc_E_003664_003763_A_0046_0047.mp4,9,16,100,16,14,False,False,0.3080253005027771,0.003595203044824302,0.0021088894172862638,0.6854629280278459,29,2,16,16,False,
finegym,val,AZ4wWG6Rcak_E_005067_005168_A_0078_0079,data/FineGym_data/videos/val/9/AZ4wWG6Rcak_E_005067_005168_A_0078_0079.mp4,9,16,100,16,12,False,False,0.2571392059326172,0.0025529629783704877,0.0021088894172862638,0.6810576400021091,23,2,16,16,False,
finegym,val,E3AHJ6-QS8M_E_001717_001809_A_0012_0012,data/FineGym_data/videos/val/9/E3AHJ6-QS8M_E_001717_001809_A_0012_0012.mp4,9,16,100,16,25,False,False,0.11694355309009552,0.0029728730442002416,0.0021088894172862638,0.6777852539671585,24,2,16,16,False,
finegym,val,aEZbP-Yephw_E_001131_001234_A_0076_0077,data/FineGym_data/videos/val/9/aEZbP-Yephw_E_001131_001234_A_0076_0077.mp4,9,16,100,16,14,False,False,0.11766131967306137,0.003432998899370432,0.0021088894172862638,0.6740974050480872,24,2,16,16,False,
finegym,val,C5Yfd1IWjmM_E_001396_001513_A_0030_0031,data/FineGym_data/videos/val/9/C5Yfd1IWjmM_E_001396_001513_A_0030_0031.mp4,9,16,100,16,14,False,False,0.27971309423446655,0.0029020189540460706,0.0021088894172862638,0.6699388719862327,29,2,16,16,False,
finegym,val,C5Yfd1IWjmM_E_001645_001751_A_0060_0061,data/FineGym_data/videos/val/9/C5Yfd1IWjmM_E_001645_001751_A_0060_0061.mp4,9,16,100,16,14,False,False,0.12516632676124573,0.002984074060805142,0.0021088894172862638,0.6662958579836413,30,2,16,16,False,
finegym,val,e3EsDlpNo0c_E_007562_007662_A_0075_0077,data/FineGym_data/videos/val/9/e3EsDlpNo0c_E_007562_007662_A_0075_0077.mp4,9,16,100,16,21,False,False,0.09349150210618973,0.004094553994946182,0.0021088894172862638,0.662595306057483,45,3,16,16,False,
finegym,val,aN3PC4tJokk_E_004599_004701_A_0037_0038,data/FineGym_data/videos/val/9/aN3PC4tJokk_E_004599_004701_A_0037_0038.mp4,9,16,100,16,12,False,False,0.6073036193847656,0.0037607550621032715,0.0021088894172862638,0.6577355930348858,27,2,16,16,False,
finegym,val,aN9hSsP6xTg_E_002823_002928_A_0043_0044,data/FineGym_data/videos/val/9/aN9hSsP6xTg_E_002823_002928_A_0043_0044.mp4,9,16,100,16,16,False,False,0.09171640127897263,0.002962143043987453,0.0021088894172862638,0.6531141690211371,24,2,16,16,False,
finegym,val,e3EsDlpNo0c_E_008527_008631_A_0051_0052,data/FineGym_data/videos/val/9/e3EsDlpNo0c_E_008527_008631_A_0051_0052.mp4,9,16,100,16,14,False,True,0.22722874581813812,0.003832089016214013,0.0021088894172862638,0.6494289159309119,37,3,16,16,False,
finegym,val,CkNz9ZIQmZI_E_006383_006487_A_0023_0024,data/FineGym_data/videos/val/9/CkNz9ZIQmZI_E_006383_006487_A_0023_0024.mp4,9,16,100,16,12,False,False,0.14726218581199646,0.0036683110520243645,0.0021088894172862638,0.6447611240437254,23,2,16,16,False,
finegym,val,eH-ZgOT8ASM_E_008334_008443_A_0044_0045,data/FineGym_data/videos/val/10/eH-ZgOT8ASM_E_008334_008443_A_0044_0045.mp4,10,16,100,16,12,False,False,0.5203007459640503,0.00321371597237885,0.0021088894172862638,0.6404729359783232,20,2,16,16,False,
finegym,val,EKb2MMJSoeI_E_001694_001791_A_0070_0071,data/FineGym_data/videos/val/10/EKb2MMJSoeI_E_001694_001791_A_0070_0071.mp4,10,16,100,16,14,False,True,0.0845842957496643,0.003533317008987069,0.0021088894172862638,0.6368299030000344,27,2,16,16,False,
finegym,val,EKb2MMJSoeI_E_001913_002012_A_0080_0081,data/FineGym_data/videos/val/10/EKb2MMJSoeI_E_001913_002012_A_0080_0081.mp4,10,16,100,16,14,False,False,0.10043060034513474,0.0036788310389965773,0.0021088894172862638,0.6327666280558333,26,2,16,16,False,
finegym,val,esQQbBhuXbM_E_004424_004529_A_0053_0054,data/FineGym_data/videos/val/10/esQQbBhuXbM_E_004424_004529_A_0053_0054.mp4,10,16,100,16,14,False,False,0.28809854388237,0.002745055011473596,0.0021088894172862638,0.6282752179540694,21,2,16,16,False,
finegym,val,e3EsDlpNo0c_E_002096_002195_A_0076_0076,data/FineGym_data/videos/val/10/e3EsDlpNo0c_E_002096_002195_A_0076_0076.mp4,10,16,100,16,44,False,False,0.46931180357933044,0.0027786180144175887,0.0021088894172862638,0.6247882880270481,26,2,16,16,False,
finegym,val,esQQbBhuXbM_E_002103_002211_A_0047_0048,data/FineGym_data/videos/val/10/esQQbBhuXbM_E_002103_002211_A_0047_0048.mp4,10,16,100,16,14,False,False,0.08825825154781342,0.0033099870197474957,0.0021088894172862638,0.6211803400656208,22,2,16,16,False,
finegym,val,AZ4wWG6Rcak_E_005867_005973_A_0057_0058,data/FineGym_data/videos/val/10/AZ4wWG6Rcak_E_005867_005973_A_0057_0058.mp4,10,16,100,16,16,False,True,0.2967379689216614,0.0027465170715004206,0.0021088894172862638,0.617102449061349,22,2,16,16,False,
finegym,val,CkNz9ZIQmZI_E_006383_006487_A_0084_0085,data/FineGym_data/videos/val/10/CkNz9ZIQmZI_E_006383_006487_A_0084_0085.mp4,10,16,100,16,12,False,False,0.29331639409065247,0.003581949044018984,0.0021088894172862638,0.6135962320258841,21,2,16,16,False,
finegym,val,C5Yfd1IWjmM_E_001645_001751_A_0058_0059,data/FineGym_data/videos/val/10/C5Yfd1IWjmM_E_001645_001751_A_0058_0059.mp4,10,16,100,16,14,False,False,0.6914189457893372,0.0034476059954613447,0.0021088894172862638,0.6094772729557008,32,2,16,16,False,
finegym,val,AZ4wWG6Rcak_E_002768_002869_A_0049_0050,data/FineGym_data/videos/val/10/AZ4wWG6Rcak_E_002768_002869_A_0049_0050.mp4,10,16,100,16,25,False,False,0.14031092822551727,0.0037613569293171167,0.0021088894172862638,0.6055794799467549,21,2,16,16,False,
finegym,val,BLzs5opw8uM_E_000201_000302_A_0042_0043,data/FineGym_data/videos/val/10/BLzs5opw8uM_E_000201_000302_A_0042_0043.mp4,10,16,100,16,12,False,False,0.245010644197464,0.003993363003246486,0.0021088894172862638,0.6012774260016158,27,2,16,16,False,
finegym,val,EKb2MMJSoeI_E_001528_001626_A_0037_0038,data/FineGym_data/videos/val/10/EKb2MMJSoeI_E_001528_001626_A_0037_0038.mp4,10,16,100,16,12,False,False,0.08093368262052536,0.003187377005815506,0.0021088894172862638,0.5964918540557846,25,2,16,16,False,
finegym,val,cSh74jSRht8_E_003069_003166_A_0041_0042,data/FineGym_data/videos/val/10/cSh74jSRht8_E_003069_003166_A_0041_0042.mp4,10,16,100,16,12,False,False,0.3345845639705658,0.004524832940660417,0.0021088894172862638,0.592558132018894,23,2,16,16,False,
finegym,val,DyZ2qj6x1UE_E_002690_002787_A_0040_0041,data/FineGym_data/videos/val/10/DyZ2qj6x1UE_E_002690_002787_A_0040_0041.mp4,10,16,100,16,42,False,False,0.130975604057312,0.004294830025173724,0.0021088894172862638,0.5873256890336052,24,2,16,16,False,
finegym,val,DTedv-hhHU4_E_001024_001129_A_0058_0059,data/FineGym_data/videos/val/10/DTedv-hhHU4_E_001024_001129_A_0058_0059.mp4,10,16,100,16,12,False,False,0.5959445834159851,0.0035357719752937555,0.0021088894172862638,0.5822278569685295,26,2,16,16,False,
finegym,val,CkNz9ZIQmZI_E_006859_006958_A_0070_0070,data/FineGym_data/videos/val/10/CkNz9ZIQmZI_E_006859_006958_A_0070_0070.mp4,10,16,100,16,14,False,False,0.36435002088546753,0.004341747961007059,0.0021088894172862638,0.5779684339649975,19,2,16,16,False,
finegym,val,esQQbBhuXbM_E_003875_003979_A_0045_0046,data/FineGym_data/videos/val/10/esQQbBhuXbM_E_003875_003979_A_0045_0046.mp4,10,16,100,16,14,False,False,0.31731298565864563,0.002876561018638313,0.0021088894172862638,0.5731859769439325,22,2,16,16,False,
finegym,val,CkNz9ZIQmZI_E_008093_008190_A_0029_0030,data/FineGym_data/videos/val/10/CkNz9ZIQmZI_E_008093_008190_A_0029_0030.mp4,10,16,100,16,41,False,False,0.4231819808483124,0.003999363980256021,0.0021088894172862638,0.5698847960447893,23,2,16,16,False,
finegym,val,C5Yfd1IWjmM_E_002895_002996_A_0044_0046,data/FineGym_data/videos/val/10/C5Yfd1IWjmM_E_002895_002996_A_0044_0046.mp4,10,16,100,16,8,False,False,0.16737094521522522,0.00316302094142884,0.0021088894172862638,0.5651369239203632,32,2,16,16,False,
finegym,val,DTedv-hhHU4_E_000795_000904_A_0078_0079,data/FineGym_data/videos/val/10/DTedv-hhHU4_E_000795_000904_A_0078_0079.mp4,10,16,100,16,14,False,True,0.3338192105293274,0.0032944679260253906,0.0021088894172862638,0.5612125209299847,27,2,16,16,False,
finegym,val,AZ4wWG6Rcak_E_005492_005593_A_0015_0016,data/FineGym_data/videos/val/11/AZ4wWG6Rcak_E_005492_005593_A_0015_0016.mp4,11,16,100,16,14,False,True,0.2555343210697174,0.0028805399779230356,0.0021088894172862638,0.557196976034902,22,2,16,16,False,
finegym,val,AZ4wWG6Rcak_E_005867_005973_A_0067_0068,data/FineGym_data/videos/val/11/AZ4wWG6Rcak_E_005867_005973_A_0067_0068.mp4,11,16,100,16,14,False,True,0.1406724601984024,0.0035230079665780067,0.0021088894172862638,0.5536061100428924,23,2,16,16,False,
finegym,val,CkNz9ZIQmZI_E_006383_006487_A_0065_0066,data/FineGym_data/videos/val/11/CkNz9ZIQmZI_E_006383_006487_A_0065_0066.mp4,11,16,100,16,14,False,True,0.4217996597290039,0.004176407936029136,0.001987181791870777,0.754206396988593,18,2,16,16,False,
finegym,val,aN9hSsP6xTg_E_001640_001834_A_0054_0054,data/FineGym_data/videos/val/11/aN9hSsP6xTg_E_001640_001834_A_0054_0054.mp4,11,16,100,16,11,True,True,0.09101112931966782,0.0034796760883182287,0.001987181791870777,0.746746101998724,20,2,16,16,False,
finegym,val,aN9hSsP6xTg_E_001042_001140_A_0020_0021,data/FineGym_data/videos/val/11/aN9hSsP6xTg_E_001042_001140_A_0020_0021.mp4,11,16,100,16,21,False,True,0.3687272071838379,0.0028008599765598774,0.001987181791870777,0.7425089500611648,18,2,16,16,False,
finegym,val,DyZ2qj6x1UE_E_004939_005041_A_0038_0039,data/FineGym_data/videos/val/11/DyZ2qj6x1UE_E_004939_005041_A_0038_0039.mp4,11,16,100,16,21,False,True,0.31706544756889343,0.0028306159656494856,0.001987181791870777,0.7390086649684235,23,2,16,16,False,
finegym,val,DTedv-hhHU4_E_002197_002298_A_0056_0057,data/FineGym_data/videos/val/11/DTedv-hhHU4_E_002197_002298_A_0056_0057.mp4,11,16,100,16,12,False,True,0.2543291449546814,0.0029522539116442204,0.001987181791870777,0.7354849559487775,23,2,16,16,False,
finegym,val,DyZ2qj6x1UE_E_002690_002787_A_0081_0082,data/FineGym_data/videos/val/11/DyZ2qj6x1UE_E_002690_002787_A_0081_0082.mp4,11,16,100,16,30,False,True,0.14523980021476746,0.0027843189891427755,0.001987181791870777,0.7318090110784397,21,2,16,16,False,
finegym,val,AZ4wWG6Rcak_E_008171_008275_A_0020_0021,data/FineGym_data/videos/val/11/AZ4wWG6Rcak_E_008171_008275_A_0020_0021.mp4,11,16,100,16,14,False,False,0.12353787571191788,0.0025363320019096136,0.001987181791870777,0.7283370880177245,24,2,16,16,False,
finegym,val,aN9hSsP6xTg_E_002637_002732_A_0082_0083,data/FineGym_data/videos/val/11/aN9hSsP6xTg_E_002637_002732_A_0082_0083.mp4,11,16,100,16,11,True,True,0.48076632618904114,0.002533505903556943,0.001987181791870777,0.7250999279785901,18,2,16,16,False,
finegym,val,BQhX6F3gpp8_E_008733_008833_A_0011_0012,data/FineGym_data/videos/val/11/BQhX6F3gpp8_E_008733_008833_A_0011_0012.mp4,11,16,100,16,14,False,True,0.7415399551391602,0.002697044052183628,0.001987181791870777,0.7219173110788688,29,2,16,16,False,
finegym,val,CkNz9ZIQmZI_E_008093_008190_A_0012_0013,data/FineGym_data/videos/val/11/CkNz9ZIQmZI_E_008093_008190_A_0012_0013.mp4,11,16,100,16,14,False,True,0.25768598914146423,0.004058936960063875,0.001987181791870777,0.7184917759150267,17,2,16,16,False,
finegym,val,DyZ2qj6x1UE_E_003507_003612_A_0072_0073,data/FineGym_data/videos/val/11/DyZ2qj6x1UE_E_003507_003612_A_0072_0073.mp4,11,16,100,16,11,True,True,0.09407135844230652,0.004528108984231949,0.001987181791870777,0.7136638129595667,23,2,16,16,False,
finegym,val,EFvDqOF1sCk_E_003932_004039_A_0019_0020,data/FineGym_data/videos/val/11/EFvDqOF1sCk_E_003932_004039_A_0019_0020.mp4,11,16,100,16,14,False,True,0.617169201374054,0.003245827043429017,0.001987181791870777,0.7087276770034805,26,2,16,16,False,
finegym,val,BLzs5opw8uM_E_003532_003625_A_0022_0023,data/FineGym_data/videos/val/11/BLzs5opw8uM_E_003532_003625_A_0022_0023.mp4,11,16,100,16,14,False,False,0.607201099395752,0.0039158170111477375,0.001987181791870777,0.7050864060875028,32,2,16,16,False,
finegym,val,CkNz9ZIQmZI_E_007103_007202_A_0013_0014,data/FineGym_data/videos/val/11/CkNz9ZIQmZI_E_007103_007202_A_0013_0014.mp4,11,16,100,16,14,False,True,0.19968576729297638,0.004083793028257787,0.001987181791870777,0.7007330160122365,25,2,16,16,False,
finegym,val,A0xAXXysHUo_E_003749_003849_A_0094_0094,data/FineGym_data/videos/val/12/A0xAXXysHUo_E_003749_003849_A_0094_0094.mp4,12,16,100,16,30,False,False,0.1915736049413681,0.0030407600570470095,0.001987181791870777,0.6962377890013158,17,2,16,16,False,
finegym,val,A0xAXXysHUo_E_004400_004497_A_0056_0057,data/FineGym_data/videos/val/12/A0xAXXysHUo_E_004400_004497_A_0056_0057.mp4,12,16,100,16,16,False,True,0.5459803938865662,0.003514752024784684,0.001987181791870777,0.692837061942555,24,2,16,16,False,
finegym,val,CUuRl0Bwbbc_E_003957_004064_A_0024_0025,data/FineGym_data/videos/val/12/CUuRl0Bwbbc_E_003957_004064_A_0024_0025.mp4,12,16,100,16,21,False,True,0.422963410615921,0.003104020026512444,0.001987181791870777,0.6889283380005509,20,2,16,16,False,
finegym,val,aN9hSsP6xTg_E_001146_001246_A_0067_0068,data/FineGym_data/videos/val/12/aN9hSsP6xTg_E_001146_001246_A_0067_0068.mp4,12,16,100,16,16,False,True,0.23912809789180756,0.0037465390050783753,0.001987181791870777,0.6853383029811084,23,2,16,16,False,
finegym,val,aN9hSsP6xTg_E_001146_001246_A_0016_0018,data/FineGym_data/videos/val/12/aN9hSsP6xTg_E_001146_001246_A_0016_0018.mp4,12,16,100,16,21,False,False,0.1563880890607834,0.003365090931765735,0.001987181791870777,0.6808525450760499,27,2,16,16,False,
finegym,val,E3AHJ6-QS8M_E_006496_006600_A_0066_0067,data/FineGym_data/videos/val/12/E3AHJ6-QS8M_E_006496_006600_A_0066_0067.mp4,12,16,100,16,16,False,False,0.3781289756298065,0.00338372599799186,0.001987181791870777,0.6770719309570268,17,2,16,16,False,
finegym,val,DTedv-hhHU4_E_001024_001129_A_0038_0039,data/FineGym_data/videos/val/12/DTedv-hhHU4_E_001024_001129_A_0038_0039.mp4,12,16,100,16,21,False,True,0.5632787942886353,0.0033998959697782993,0.001987181791870777,0.6732286819024011,21,2,16,16,False,
finegym,val,DTedv-hhHU4_E_004361_004465_A_0068_0069,data/FineGym_data/videos/val/12/DTedv-hhHU4_E_004361_004465_A_0068_0069.mp4,12,16,100,16,16,False,False,0.09709132462739944,0.003875550930388272,0.001987181791870777,0.669417251017876,23,2,16,16,False,
finegym,val,BLzs5opw8uM_E_001914_002013_A_0034_0034,data/FineGym_data/videos/val/12/BLzs5opw8uM_E_001914_002013_A_0034_0034.mp4,12,16,100,16,16,False,False,0.14409254491329193,0.004214568994939327,0.001987181791870777,0.6650788589613512,20,2,16,16,False,
finegym,val,e3EsDlpNo0c_E_002096_002195_A_0019_0019,data/FineGym_data/videos/val/12/e3EsDlpNo0c_E_002096_002195_A_0019_0019.mp4,12,16,100,16,12,True,True,0.17132432758808136,0.003149675903841853,0.001987181791870777,0.6604581959545612,20,2,16,16,False,
finegym,val,C5Yfd1IWjmM_E_001645_001751_A_0039_0040,data/FineGym_data/videos/val/12/C5Yfd1IWjmM_E_001645_001751_A_0039_0040.mp4,12,16,100,16,16,False,True,0.2948368787765503,0.0033974419347941875,0.001987181791870777,0.656844848068431,31,2,16,16,False,
finegym,val,DTedv-hhHU4_E_000795_000904_A_0082_0083,data/FineGym_data/videos/val/12/DTedv-hhHU4_E_000795_000904_A_0082_0083.mp4,12,16,100,16,21,False,True,0.41554948687553406,0.005251921014860272,0.001987181791870777,0.6529026409843937,21,2,16,16,False,
finegym,val,E3AHJ6-QS8M_E_006283_006392_A_0104_0104,data/FineGym_data/videos/val/12/E3AHJ6-QS8M_E_006283_006392_A_0104_0104.mp4,12,16,100,16,21,False,False,0.5640997886657715,0.0031692020129412413,0.001987181791870777,0.6470971290254965,13,1,16,16,False,
finegym,val,aEZbP-Yephw_E_001131_001234_A_0031_0032,data/FineGym_data/videos/val/12/aEZbP-Yephw_E_001131_001234_A_0031_0032.mp4,12,16,100,16,30,False,False,0.4916907548904419,0.004614701960235834,0.001987181791870777,0.6431907499209046,19,2,16,16,False,
finegym,val,BLzs5opw8uM_E_003209_003313_A_0029_0030,data/FineGym_data/videos/val/12/BLzs5opw8uM_E_003209_003313_A_0029_0030.mp4,12,16,100,16,16,False,True,0.3446304202079773,0.0040248819859698415,0.001987181791870777,0.6379306630697101,30,2,16,16,False,
finegym,val,DG7upbhB1bI_E_001017_001123_A_0047_0047,data/FineGym_data/videos/val/12/DG7upbhB1bI_E_001017_001123_A_0047_0047.mp4,12,16,100,16,16,False,True,0.7369318604469299,0.0025995910400524735,0.001987181791870777,0.633463539998047,23,2,16,16,False,
finegym,val,C5Yfd1IWjmM_E_002895_002996_A_0081_0082,data/FineGym_data/videos/val/13/C5Yfd1IWjmM_E_002895_002996_A_0081_0082.mp4,13,16,100,16,14,False,True,0.17891529202461243,0.003736689919605851,0.001987181791870777,0.6303462450159714,29,2,16,16,False,
finegym,val,0LtLS9wROrk_E_007962_008052_A_0052_0053,data/FineGym_data/videos/val/13/0LtLS9wROrk_E_007962_008052_A_0052_0053.mp4,13,16,100,16,12,False,False,0.3274831473827362,0.0034887039801105857,0.001987181791870777,0.626163535984233,26,2,16,16,False,
finegym,val,aN9hSsP6xTg_E_001146_001246_A_0015_0016,data/FineGym_data/videos/val/13/aN9hSsP6xTg_E_001146_001246_A_0015_0016.mp4,13,16,100,16,21,False,False,0.17253689467906952,0.0030601369217038155,0.001987181791870777,0.6222575970459729,21,2,16,16,False,
finegym,val,aN9hSsP6xTg_E_001977_002183_A_0055_0056,data/FineGym_data/videos/val/13/aN9hSsP6xTg_E_001977_002183_A_0055_0056.mp4,13,16,100,16,11,False,False,0.3856770992279053,0.002819914952851832,0.001987181791870777,0.6182094119722024,21,2,16,16,False,
finegym,val,A0xAXXysHUo_E_004694_004791_A_0077_0078,data/FineGym_data/videos/val/13/A0xAXXysHUo_E_004694_004791_A_0077_0078.mp4,13,16,100,16,14,False,False,0.16889062523841858,0.0038519970839843154,0.001987181791870777,0.6149338081013411,28,2,16,16,False,
finegym,val,A0xAXXysHUo_E_004400_004497_A_0045_0046,data/FineGym_data/videos/val/13/A0xAXXysHUo_E_004400_004497_A_0045_0046.mp4,13,16,100,16,12,False,False,0.3972944915294647,0.0036179570015519857,0.001987181791870777,0.6105963690206409,28,2,16,16,False,
finegym,val,aN3PC4tJokk_E_004346_004452_A_0056_0058,data/FineGym_data/videos/val/13/aN3PC4tJokk_E_004346_004452_A_0056_0058.mp4,13,16,100,16,14,False,True,0.19591696560382843,0.0047982370015233755,0.001987181791870777,0.6060916730202734,32,2,16,16,False,
finegym,val,AZ4wWG6Rcak_E_005289_005394_A_0060_0061,data/FineGym_data/videos/val/13/AZ4wWG6Rcak_E_005289_005394_A_0060_0061.mp4,13,16,100,16,14,False,False,0.18172580003738403,0.004021625965833664,0.001987181791870777,0.6007907410385087,22,2,16,16,False,
finegym,val,aEZbP-Yephw_E_002668_002777_A_0088_0089,data/FineGym_data/videos/val/13/aEZbP-Yephw_E_002668_002777_A_0088_0089.mp4,13,16,100,16,14,False,False,0.15697073936462402,0.004035262041725218,0.001987181791870777,0.5960010390263051,29,2,16,16,False,
finegym,val,AZ4wWG6Rcak_E_002331_002434_A_0070_0071,data/FineGym_data/videos/val/13/AZ4wWG6Rcak_E_002331_002434_A_0070_0071.mp4,13,16,100,16,14,False,False,0.4287340044975281,0.003071779035963118,0.001987181791870777,0.5911955990595743,22,2,16,16,False,
finegym,val,CkNz9ZIQmZI_E_007103_007202_A_0077_0078,data/FineGym_data/videos/val/13/CkNz9ZIQmZI_E_007103_007202_A_0077_0078.mp4,13,16,100,16,76,False,False,0.051048871129751205,0.0033124920446425676,0.001987181791870777,0.5876687440322712,20,2,16,16,False,
finegym,val,e3EsDlpNo0c_E_004350_004455_A_0081_0082,data/FineGym_data/videos/val/14/e3EsDlpNo0c_E_004350_004455_A_0081_0082.mp4,14,16,100,16,12,False,True,0.3320150375366211,0.004859882057644427,0.001987181791870777,0.5839324350235984,24,2,16,16,False,
finegym,val,e3EsDlpNo0c_E_006659_006760_A_0044_0045,data/FineGym_data/videos/val/14/e3EsDlpNo0c_E_006659_006760_A_0044_0045.mp4,14,16,100,16,14,True,True,0.1079629585146904,0.0034352130023762584,0.001987181791870777,0.5782092069275677,35,3,16,16,False,
finegym,val,0LtLS9wROrk_E_005885_005983_A_0043_0044,data/FineGym_data/videos/val/14/0LtLS9wROrk_E_005885_005983_A_0043_0044.mp4,14,16,100,16,14,True,True,0.579122006893158,0.003806460998021066,0.001987181791870777,0.5739683390129358,24,2,16,16,False,
finegym,val,esQQbBhuXbM_E_006962_007058_A_0017_0018,data/FineGym_data/videos/val/14/esQQbBhuXbM_E_006962_007058_A_0017_0018.mp4,14,16,100,16,14,True,True,0.6278030872344971,0.002756786998361349,0.001987181791870777,0.5696647519944236,23,2,16,16,False,
finegym,val,DyZ2qj6x1UE_E_002913_003008_A_0031_0032,data/FineGym_data/videos/val/14/DyZ2qj6x1UE_E_002913_003008_A_0031_0032.mp4,14,16,100,16,21,False,False,0.5213899612426758,0.003761976957321167,0.001987181791870777,0.5664684190414846,21,2,16,16,False,
finegym,val,aN9hSsP6xTg_E_002637_002732_A_0049_0050,data/FineGym_data/videos/val/14/aN9hSsP6xTg_E_002637_002732_A_0049_0050.mp4,14,16,100,16,11,False,True,0.6129541993141174,0.0028292530914768577,0.001987181791870777,0.5623203651048243,19,2,16,16,False,
finegym,val,BLzs5opw8uM_E_000201_000302_A_0035_0035,data/FineGym_data/videos/val/14/BLzs5opw8uM_E_000201_000302_A_0035_0035.mp4,14,16,100,16,8,False,True,0.1850542426109314,0.003887242986820638,0.001987181791870777,0.559097963036038,22,2,16,16,False,
finegym,val,AZ4wWG6Rcak_E_009215_009318_A_0092_0093,data/FineGym_data/videos/val/14/AZ4wWG6Rcak_E_009215_009318_A_0092_0093.mp4,14,16,100,16,16,False,False,0.5255331993103027,0.003553275018930435,0.001987181791870777,0.5543867900269106,23,2,16,16,False,
finegym,val,esQQbBhuXbM_E_007679_007783_A_0017_0017,data/FineGym_data/videos/val/14/esQQbBhuXbM_E_007679_007783_A_0017_0017.mp4,14,16,100,16,11,False,True,0.3422383666038513,0.003112797043286264,0.001987181791870777,0.5499721439555287,21,2,16,16,False,
finegym,val,DTedv-hhHU4_E_001024_001129_A_0030_0031,data/FineGym_data/videos/val/14/DTedv-hhHU4_E_001024_001129_A_0030_0031.mp4,14,16,100,16,14,True,True,0.12393970042467117,0.003648653975687921,0.001987181791870777,0.5461124830180779,24,2,16,16,False,
finegym,val,FEWTGYiWEaQ_E_004548_004646_A_0068_0069,data/FineGym_data/videos/val/14/FEWTGYiWEaQ_E_004548_004646_A_0068_0069.mp4,14,16,100,16,14,True,True,0.17914019525051117,0.003391499980352819,0.001987181791870777,0.5419398529920727,17,2,16,16,False,
finegym,val,e3EsDlpNo0c_E_005706_005810_A_0015_0016,data/FineGym_data/videos/val/14/e3EsDlpNo0c_E_005706_005810_A_0015_0016.mp4,14,16,100,16,14,True,True,0.319507360458374,0.003988793934695423,0.001987181791870777,0.5377725020516664,27,2,16,16,False,
finegym,val,esQQbBhuXbM_E_004424_004529_A_0057_0058,data/FineGym_data/videos/val/14/esQQbBhuXbM_E_004424_004529_A_0057_0058.mp4,14,16,100,16,14,True,True,0.10926397889852524,0.0031479719327762723,0.001987181791870777,0.5332399650942534,20,2,16,16,False,
finegym,val,BQhX6F3gpp8_E_007119_007222_A_0054_0055,data/FineGym_data/videos/val/14/BQhX6F3gpp8_E_007119_007222_A_0054_0055.mp4,14,16,100,16,14,True,True,0.38510364294052124,0.003680553985759616,0.001987181791870777,0.5291673330357298,29,2,16,16,False,
finegym,val,EFvDqOF1sCk_E_002657_002760_A_0058_0059,data/FineGym_data/videos/val/14/EFvDqOF1sCk_E_002657_002760_A_0058_0059.mp4,14,16,100,16,11,False,True,0.3472227454185486,0.0033754409523680806,0.001987181791870777,0.5250103420112282,20,2,16,16,False,
finegym,val,aN3PC4tJokk_E_003860_003960_A_0059_0060,data/FineGym_data/videos/val/15/aN3PC4tJokk_E_003860_003960_A_0059_0060.mp4,15,16,100,16,15,True,True,0.2807345688343048,0.004518139990977943,0.001987181791870777,0.5207570699276403,31,2,16,16,False,
finegym,val,BLzs5opw8uM_E_003209_003313_A_0050_0051,data/FineGym_data/videos/val/15/BLzs5opw8uM_E_003209_003313_A_0050_0051.mp4,15,16,100,16,12,False,True,0.24759377539157867,0.0037208800204098225,0.001987181791870777,0.5157896550372243,27,2,16,16,False,
finegym,val,0LtLS9wROrk_E_007013_007109_A_0034_0035,data/FineGym_data/videos/val/15/0LtLS9wROrk_E_007013_007109_A_0034_0035.mp4,15,16,100,16,14,False,True,0.3211255371570587,0.003607035963796079,0.001987181791870777,0.5116706350818276,27,2,16,16,False,
finegym,val,A0xAXXysHUo_E_003897_003995_A_0059_0060,data/FineGym_data/videos/val/15/A0xAXXysHUo_E_003897_003995_A_0059_0060.mp4,15,16,100,16,14,False,True,0.14109472930431366,0.004241971066221595,0.001987181791870777,0.5076046260073781,26,2,16,16,False,
finegym,val,DG7upbhB1bI_E_007125_007233_A_0075_0075,data/FineGym_data/videos/val/15/DG7upbhB1bI_E_007125_007233_A_0075_0075.mp4,15,16,100,16,14,False,False,0.2808171510696411,0.0038657819386571646,0.001987181791870777,0.5025477519957349,26,2,16,16,False,
finegym,val,EFvDqOF1sCk_E_003932_004039_A_0082_0083,data/FineGym_data/videos/val/15/EFvDqOF1sCk_E_003932_004039_A_0082_0083.mp4,15,16,100,16,38,False,False,0.09316135942935944,0.0034188119461759925,0.001987181791870777,0.49798243306577206,20,2,16,16,False,
finegym,val,e3EsDlpNo0c_E_002907_003007_A_0046_0047,data/FineGym_data/videos/val/15/e3EsDlpNo0c_E_002907_003007_A_0046_0047.mp4,15,16,100,16,14,False,False,0.2150738537311554,0.003842970007099211,0.001987181791870777,0.49382158601656556,23,2,16,16,False,
finegym,val,0LtLS9wROrk_E_007340_007433_A_0044_0044,data/FineGym_data/videos/val/15/0LtLS9wROrk_E_007340_007433_A_0044_0044.mp4,15,16,100,16,95,False,False,0.11466248333454132,0.00479096407070756,0.001987181791870777,0.48940556799061596,26,2,16,16,False,
finegym,val,e3EsDlpNo0c_E_004671_004771_A_0048_0049,data/FineGym_data/videos/val/15/e3EsDlpNo0c_E_004671_004771_A_0048_0049.mp4,15,16,100,16,14,False,False,0.1836424320936203,0.0031107120448723435,0.001987181791870777,0.4840179309248924,26,2,16,16,False,
finegym,val,AZ4wWG6Rcak_E_005492_005593_A_0046_0047,data/FineGym_data/videos/val/15/AZ4wWG6Rcak_E_005492_005593_A_0046_0047.mp4,15,16,100,16,14,False,True,0.17523221671581268,0.00333227904047817,0.001987181791870777,0.48048043705057353,26,2,16,16,False,
finegym,val,CkNz9ZIQmZI_E_007578_007683_A_0059_0060,data/FineGym_data/videos/val/15/CkNz9ZIQmZI_E_007578_007683_A_0059_0060.mp4,15,16,100,16,12,False,False,0.19937308132648468,0.003639837959781289,0.001987181791870777,0.4767255129991099,27,2,16,16,False,
finegym,val,e3EsDlpNo0c_E_007845_007946_A_0049_0050,data/FineGym_data/videos/val/15/e3EsDlpNo0c_E_007845_007946_A_0049_0050.mp4,15,16,100,16,14,False,False,0.06575468927621841,0.002849179902113974,0.001987181791870777,0.4724612300051376,26,2,16,16,False,
finegym,val,aN3PC4tJokk_E_004100_004199_A_0043_0044,data/FineGym_data/videos/val/15/aN3PC4tJokk_E_004100_004199_A_0043_0044.mp4,15,16,100,16,15,True,True,0.16508948802947998,0.0037414190592244267,0.001987181791870777,0.46919128799345344,31,2,16,16,False,
finegym,val,0LtLS9wROrk_E_002558_002653_A_0059_0060,data/FineGym_data/videos/val/15/0LtLS9wROrk_E_002558_002653_A_0059_0060.mp4,15,16,100,16,14,False,False,0.22218389809131622,0.0038623460568487644,0.001987181791870777,0.46501030202489346,25,2,16,16,False,
finegym,val,aN9hSsP6xTg_E_001640_001834_A_0076_0077,data/FineGym_data/videos/val/15/aN9hSsP6xTg_E_001640_001834_A_0076_0077.mp4,15,16,100,16,11,False,False,0.3507861793041229,0.002972401911392808,0.001987181791870777,0.4607192489784211,22,2,16,16,False,
finegym,val,cSh74jSRht8_E_004401_004506_A_0053_0054,data/FineGym_data/videos/val/15/cSh74jSRht8_E_004401_004506_A_0053_0054.mp4,15,16,100,16,14,False,True,0.4081190228462219,0.0034474660642445087,0.001987181791870777,0.45721845305524766,25,2,16,16,False,
finegym,val,aN9hSsP6xTg_E_000327_000429_A_0049_0050,data/FineGym_data/videos/val/15/aN9hSsP6xTg_E_000327_000429_A_0049_0050.mp4,15,16,100,16,12,False,False,0.48932841420173645,0.003813143935985863,0.001987181791870777,0.4532040699850768,19,2,16,16,False,
finegym,val,A0xAXXysHUo_E_003435_003534_A_0076_0077,data/FineGym_data/videos/val/15/A0xAXXysHUo_E_003435_003534_A_0076_0077.mp4,15,16,100,16,14,False,True,0.2242543250322342,0.003918802016414702,0.001987181791870777,0.44847420207224786,31,2,16,16,False,
finegym,val,aEZbP-Yephw_E_000849_000949_A_0054_0055,data/FineGym_data/videos/val/15/aEZbP-Yephw_E_000849_000949_A_0054_0055.mp4,15,16,100,16,8,False,False,0.14706112444400787,0.0033478590194135904,0.001987181791870777,0.44404853601008654,22,2,16,16,False,
finegym,val,DyZ2qj6x1UE_E_003507_003612_A_0093_0094,data/FineGym_data/videos/val/15/DyZ2qj6x1UE_E_003507_003612_A_0093_0094.mp4,15,16,100,16,41,False,False,0.5629337430000305,0.0031025169882923365,0.001987181791870777,0.4402871789643541,21,2,16,16,False,
finegym,val,A0xAXXysHUo_E_003435_003534_A_0029_0031,data/FineGym_data/videos/val/16/A0xAXXysHUo_E_003435_003534_A_0029_0031.mp4,16,16,100,16,16,True,True,0.1514725238084793,0.004412411013618112,0.001987181791870777,0.4367599139222875,35,3,16,16,False,
finegym,val,E3AHJ6-QS8M_E_003321_003427_A_0101_0102,data/FineGym_data/videos/val/16/E3AHJ6-QS8M_E_003321_003427_A_0101_0102.mp4,16,16,100,16,8,False,True,0.06731889396905899,0.003857748000882566,0.001987181791870777,0.43155924894381315,19,2,16,16,False,
finegym,val,CUuRl0Bwbbc_E_003247_003355_A_0040_0041,data/FineGym_data/videos/val/16/CUuRl0Bwbbc_E_003247_003355_A_0040_0041.mp4,16,16,100,16,30,False,True,0.25601813197135925,0.003101564943790436,0.001987181791870777,0.42724586406257004,18,2,16,16,False,
finegym,val,A0xAXXysHUo_E_003749_003849_A_0032_0033,data/FineGym_data/videos/val/16/A0xAXXysHUo_E_003749_003849_A_0032_0033.mp4,16,16,100,16,23,False,True,0.09624791890382767,0.0044095959747210145,0.001987181791870777,0.42371156497392803,24,2,16,16,False,
finegym,val,E3AHJ6-QS8M_E_005450_005555_A_0020_0021,data/FineGym_data/videos/val/16/E3AHJ6-QS8M_E_005450_005555_A_0020_0021.mp4,16,16,100,16,30,False,True,0.315079003572464,0.0036038090474903584,0.001987181791870777,0.4188170969719067,22,2,16,16,False,
finegym,val,BLzs5opw8uM_E_003725_003827_A_0019_0020,data/FineGym_data/videos/val/16/BLzs5opw8uM_E_003725_003827_A_0019_0020.mp4,16,16,100,16,16,True,True,0.6472952961921692,0.003926698002032936,0.001987181791870777,0.41477520298212767,30,2,16,16,False,
finegym,val,aEZbP-Yephw_E_005181_005281_A_0015_0015,data/FineGym_data/videos/val/16/aEZbP-Yephw_E_005181_005281_A_0015_0015.mp4,16,16,100,16,16,True,True,0.6462799906730652,0.003424001974053681,0.001987181791870777,0.4102799550164491,19,2,16,16,False,
finegym,val,E3AHJ6-QS8M_E_000552_000647_A_0020_0021,data/FineGym_data/videos/val/16/E3AHJ6-QS8M_E_000552_000647_A_0020_0021.mp4,16,16,100,16,16,True,True,0.1228482574224472,0.0047826479421928525,0.001987181791870777,0.4058799770427868,13,1,16,16,False,
finegym,val,A0xAXXysHUo_E_004400_004497_A_0025_0026,data/FineGym_data/videos/val/16/A0xAXXysHUo_E_004400_004497_A_0025_0026.mp4,16,16,100,16,16,True,True,0.2754371166229248,0.004215501016005874,0.001987181791870777,0.4003063919954002,23,2,16,16,False,
finegym,val,AZ4wWG6Rcak_E_009215_009318_A_0048_0048,data/FineGym_data/videos/val/16/AZ4wWG6Rcak_E_009215_009318_A_0048_0048.mp4,16,16,100,16,21,False,True,0.2358969748020172,0.0032882660161703825,0.001987181791870777,0.39563244895543903,15,1,16,16,False,
finegym,val,aEZbP-Yephw_E_001131_001234_A_0018_0018,data/FineGym_data/videos/val/16/aEZbP-Yephw_E_001131_001234_A_0018_0018.mp4,16,16,100,16,16,True,True,0.21771089732646942,0.003923852927982807,0.001987181791870777,0.39152453001588583,15,1,16,16,False,
finegym,val,E3AHJ6-QS8M_E_002634_002733_A_0064_0065,data/FineGym_data/videos/val/16/E3AHJ6-QS8M_E_002634_002733_A_0064_0065.mp4,16,16,100,16,30,False,False,0.19462589919567108,0.004600404994562268,0.001987181791870777,0.386837130994536,15,1,16,16,False,
finegym,val,aEZbP-Yephw_E_002668_002777_A_0039_0040,data/FineGym_data/videos/val/16/aEZbP-Yephw_E_002668_002777_A_0039_0040.mp4,16,16,100,16,16,True,True,0.30607008934020996,0.004343781969510019,0.001987181791870777,0.3817065990297124,21,2,16,16,False,
finegym,val,E3AHJ6-QS8M_E_006283_006392_A_0042_0042,data/FineGym_data/videos/val/16/E3AHJ6-QS8M_E_006283_006392_A_0042_0042.mp4,16,16,100,16,14,False,True,0.15818734467029572,0.0034030319657176733,0.001987181791870777,0.3768967610085383,15,1,16,16,False,
finegym,val,A0xAXXysHUo_E_003897_003995_A_0020_0021,data/FineGym_data/videos/val/16/A0xAXXysHUo_E_003897_003995_A_0020_0021.mp4,16,16,100,16,79,False,True,0.14165927469730377,0.005123749957419932,0.001987181791870777,0.3730525579303503,28,2,16,16,False,
finegym,val,DTedv-hhHU4_E_000795_000904_A_0051_0052,data/FineGym_data/videos/val/16/DTedv-hhHU4_E_000795_000904_A_0051_0052.mp4,16,16,100,16,16,True,True,0.5139275789260864,0.004258522065356374,0.001987181791870777,0.36717214598320425,21,2,16,16,False,
finegym,val,dqUNtY2GwW4_E_003377_003473_A_0018_0018,data/FineGym_data/videos/val/16/dqUNtY2GwW4_E_003377_003473_A_0018_0018.mp4,16,16,100,16,14,False,True,0.05666220188140869,0.003945122007280588,0.001987181791870777,0.3624734850600362,17,2,16,16,False,
finegym,val,C5Yfd1IWjmM_E_001645_001751_A_0031_0032,data/FineGym_data/videos/val/16/C5Yfd1IWjmM_E_001645_001751_A_0031_0032.mp4,16,16,100,16,14,False,True,0.203196182847023,0.004314496996812522,0.001987181791870777,0.3576441400218755,31,2,16,16,False,
finegym,val,DTedv-hhHU4_E_001024_001129_A_0031_0031,data/FineGym_data/videos/val/16/DTedv-hhHU4_E_001024_001129_A_0031_0031.mp4,16,16,100,16,12,False,True,0.19045518338680267,0.0035767490044236183,0.001987181791870777,0.3527026230003685,21,2,16,16,False,
finegym,val,E3AHJ6-QS8M_E_005168_005260_A_0017_0018,data/FineGym_data/videos/val/16/E3AHJ6-QS8M_E_005168_005260_A_0017_0018.mp4,16,16,100,16,16,True,True,0.13937142491340637,0.004402993014082313,0.001987181791870777,0.34815363492816687,18,2,16,16,False,
finegym,val,A0xAXXysHUo_E_003089_003189_A_0039_0041,data/FineGym_data/videos/val/17/A0xAXXysHUo_E_003089_003189_A_0039_0041.mp4,17,16,100,16,21,False,False,0.10568389296531677,0.006233487045392394,0.0020395682707506544,0.8215959399240091,45,3,16,16,False,
finegym,val,aN9hSsP6xTg_E_000327_000429_A_0076_0078,data/FineGym_data/videos/val/17/aN9hSsP6xTg_E_000327_000429_A_0076_0078.mp4,17,16,100,16,11,False,False,0.46891719102859497,0.004511596984229982,0.0020395682707506544,0.814396525034681,51,4,16,16,False,
finegym,val,aEZbP-Yephw_E_005181_005281_A_0047_0048,data/FineGym_data/videos/val/17/aEZbP-Yephw_E_005181_005281_A_0047_0048.mp4,17,16,100,16,21,False,False,0.5372491478919983,0.004316059988923371,0.0020395682707506544,0.8093507529702038,32,2,16,16,False,
finegym,val,AZ4wWG6Rcak_E_002331_002434_A_0018_0019,data/FineGym_data/videos/val/17/AZ4wWG6Rcak_E_002331_002434_A_0018_0019.mp4,17,16,100,16,14,False,False,0.25408488512039185,0.0041906749829649925,0.0020395682707506544,0.8045675239991397,31,2,16,16,False,
finegym,val,CkNz9ZIQmZI_E_007578_007683_A_0046_0047,data/FineGym_data/videos/val/17/CkNz9ZIQmZI_E_007578_007683_A_0046_0047.mp4,17,16,100,16,14,False,False,0.3371798098087311,0.0032700729789212346,0.0020395682707506544,0.799962640972808,36,3,16,16,False,
finegym,val,CUuRl0Bwbbc_E_004235_004331_A_0038_0039,data/FineGym_data/videos/val/17/CUuRl0Bwbbc_E_004235_004331_A_0038_0039.mp4,17,16,100,16,21,False,False,0.09809845685958862,0.004919063998386264,0.0020395682707506544,0.7962683510268107,42,3,16,16,False,
finegym,val,E3AHJ6-QS8M_E_004206_004316_A_0085_0087,data/FineGym_data/videos/val/17/E3AHJ6-QS8M_E_004206_004316_A_0085_0087.mp4,17,16,100,16,11,False,False,0.07769964635372162,0.004324847017414868,0.0020395682707506544,0.7909138960530981,32,2,16,16,False,
finegym,val,AZ4wWG6Rcak_E_005492_005593_A_0080_0081,data/FineGym_data/videos/val/17/AZ4wWG6Rcak_E_005492_005593_A_0080_0081.mp4,17,16,100,16,30,False,False,0.14526380598545074,0.005306853912770748,0.0020395682707506544,0.7857576160458848,33,3,16,16,False,
finegym,val,e3EsDlpNo0c_E_003966_004070_A_0017_0018,data/FineGym_data/videos/val/17/e3EsDlpNo0c_E_003966_004070_A_0017_0018.mp4,17,16,100,16,16,False,False,0.10875166207551956,0.0044426280073821545,0.0020395682707506544,0.779580545029603,50,4,16,16,False,
finegym,val,aN3PC4tJokk_E_004100_004199_A_0065_0067,data/FineGym_data/videos/val/17/aN3PC4tJokk_E_004100_004199_A_0065_0067.mp4,17,16,100,16,12,False,False,0.08020196110010147,0.0042210910469293594,0.0020395682707506544,0.7743885369272903,43,3,16,16,False,
finegym,val,EFvDqOF1sCk_E_001457_001559_A_0041_0042,data/FineGym_data/videos/val/17/EFvDqOF1sCk_E_001457_001559_A_0041_0042.mp4,17,16,100,16,21,False,True,0.2773301899433136,0.0038934050826355815,0.0020395682707506544,0.7694217229727656,33,3,16,16,False,
finegym,val,AZ4wWG6Rcak_E_005289_005394_A_0021_0023,data/FineGym_data/videos/val/17/AZ4wWG6Rcak_E_005289_005394_A_0021_0023.mp4,17,16,100,16,25,False,False,0.3659217357635498,0.0032625780440866947,0.0020395682707506544,0.7647998869651929,58,4,16,16,False,
finegym,val,DyZ2qj6x1UE_E_004939_005041_A_0021_0022,data/FineGym_data/videos/val/17/DyZ2qj6x1UE_E_004939_005041_A_0021_0022.mp4,17,16,100,16,21,False,False,0.1300843209028244,0.003924341988749802,0.0020395682707506544,0.7607003849698231,32,2,16,16,False,
finegym,val,e3EsDlpNo0c_E_008527_008631_A_0059_0059,data/FineGym_data/videos/val/17/e3EsDlpNo0c_E_008527_008631_A_0059_0059.mp4,17,16,100,16,21,False,False,0.47628533840179443,0.0023241520393639803,0.0020395682707506544,0.756059454055503,2,1,16,16,False,
finegym,val,BLzs5opw8uM_E_003725_003827_A_0079_0080,data/FineGym_data/videos/val/17/BLzs5opw8uM_E_003725_003827_A_0079_0080.mp4,17,16,100,16,21,False,False,0.3206138610839844,0.004339684033766389,0.0020395682707506544,0.7532805559458211,40,3,16,16,False,
finegym,val,E3AHJ6-QS8M_E_005450_005555_A_0052_0053,data/FineGym_data/videos/val/17/E3AHJ6-QS8M_E_005450_005555_A_0052_0053.mp4,17,16,100,16,16,False,False,0.8386824131011963,0.004227743949741125,0.0020395682707506544,0.7482068099780008,34,3,16,16,False,
finegym,val,CkNz9ZIQmZI_E_007316_007416_A_0023_0025,data/FineGym_data/videos/val/17/CkNz9ZIQmZI_E_007316_007416_A_0023_0025.mp4,17,16,100,16,16,False,False,0.32066231966018677,0.0036723490338772535,0.0020395682707506544,0.743257689056918,40,3,16,16,False,
finegym,val,E3AHJ6-QS8M_E_000552_000647_A_0072_0074,data/FineGym_data/videos/val/17/E3AHJ6-QS8M_E_000552_000647_A_0072_0074.mp4,17,16,100,16,16,False,False,0.1857130527496338,0.005048308055847883,0.0020395682707506544,0.738847691914998,48,3,16,16,False,
finegym,val,aEZbP-Yephw_E_004976_005078_A_0049_0050,data/FineGym_data/videos/val/17/aEZbP-Yephw_E_004976_005078_A_0049_0050.mp4,17,16,100,16,14,False,False,0.07549936324357986,0.0047604149440303445,0.0020395682707506544,0.7329651159234345,38,3,16,16,False,
finegym,val,e3EsDlpNo0c_E_006853_006954_A_0040_0041,data/FineGym_data/videos/val/17/e3EsDlpNo0c_E_006853_006954_A_0040_0041.mp4,17,16,100,16,23,False,False,0.09424877166748047,0.005588794010691345,0.0020395682707506544,0.7274381979368627,41,3,16,16,False,
finegym,val,eH-ZgOT8ASM_E_007496_007602_A_0061_0062,data/FineGym_data/videos/val/18/eH-ZgOT8ASM_E_007496_007602_A_0061_0062.mp4,18,16,100,16,16,False,True,0.1855272799730301,0.004158963914960623,0.0020395682707506544,0.7211347190896049,44,3,16,16,False,
finegym,val,e3EsDlpNo0c_E_002490_002586_A_0079_0081,data/FineGym_data/videos/val/18/e3EsDlpNo0c_E_002490_002586_A_0079_0081.mp4,18,16,100,16,16,False,False,0.2077166885137558,0.004288658965379,0.0020395682707506544,0.7165097669931129,50,4,16,16,False,
finegym,val,AZ4wWG6Rcak_E_002529_002628_A_0056_0058,data/FineGym_data/videos/val/18/AZ4wWG6Rcak_E_002529_002628_A_0056_0058.mp4,18,16,100,16,14,False,False,0.23183706402778625,0.003182296990416944,0.0020395682707506544,0.7116627088980749,45,3,16,16,False,
finegym,val,aN9hSsP6xTg_E_001977_002183_A_0017_0018,data/FineGym_data/videos/val/18/aN9hSsP6xTg_E_001977_002183_A_0017_0018.mp4,18,16,100,16,25,False,False,0.17627789080142975,0.0033434509532526135,0.0020395682707506544,0.7080723539693281,31,2,16,16,False,
finegym,val,esQQbBhuXbM_E_001856_001954_A_0048_0049,data/FineGym_data/videos/val/18/esQQbBhuXbM_E_001856_001954_A_0048_0049.mp4,18,16,100,16,14,False,False,0.2036857008934021,0.002952484996058047,0.0020395682707506544,0.7042568650795147,40,3,16,16,False,
finegym,val,e3EsDlpNo0c_E_007562_007662_A_0055_0057,data/FineGym_data/videos/val/18/e3EsDlpNo0c_E_007562_007662_A_0055_0057.mp4,18,16,100,16,21,False,True,0.30293142795562744,0.005012870999053121,0.0020395682707506544,0.7008465200196952,57,4,16,16,False,
finegym,val,AZ4wWG6Rcak_E_009215_009318_A_0021_0022,data/FineGym_data/videos/val/18/AZ4wWG6Rcak_E_009215_009318_A_0021_0022.mp4,18,16,100,16,11,False,False,0.15903350710868835,0.0033415459329262376,0.0020395682707506544,0.6953317950246856,39,3,16,16,False,
finegym,val,e3EsDlpNo0c_E_008138_008242_A_0049_0051,data/FineGym_data/videos/val/18/e3EsDlpNo0c_E_008138_008242_A_0049_0051.mp4,18,16,100,16,16,False,False,0.2391192615032196,0.005068195052444935,0.0020395682707506544,0.6915427759522572,44,3,16,16,False,
finegym,val,DG7upbhB1bI_E_003248_003346_A_0071_0072,data/FineGym_data/videos/val/18/DG7upbhB1bI_E_003248_003346_A_0071_0072.mp4,18,16,100,16,16,False,False,0.501204788684845,0.003843661048449576,0.0020395682707506544,0.6858499960508198,50,4,16,16,False,
finegym,val,C5Yfd1IWjmM_E_001645_001751_A_0052_0053,data/FineGym_data/videos/val/18/C5Yfd1IWjmM_E_001645_001751_A_0052_0053.mp4,18,16,100,16,18,True,True,0.1573372483253479,0.004768921993672848,0.0020395682707506544,0.6812103169504553,42,3,16,16,False,
finegym,val,e3EsDlpNo0c_E_006853_006954_A_0058_0059,data/FineGym_data/videos/val/18/e3EsDlpNo0c_E_006853_006954_A_0058_0059.mp4,18,16,100,16,21,False,False,0.4259673058986664,0.004300992004573345,0.0020395682707506544,0.6758552819956094,44,3,16,16,False,
finegym,val,f6k7PBGgeb4_E_000779_000876_A_0092_0094,data/FineGym_data/videos/val/18/f6k7PBGgeb4_E_000779_000876_A_0092_0094.mp4,18,16,100,16,18,True,True,0.14452692866325378,0.004704550956375897,0.0020395682707506544,0.6710716730449349,51,4,16,16,False,
finegym,val,CUuRl0Bwbbc_E_003495_003598_A_0049_0052,data/FineGym_data/videos/val/18/CUuRl0Bwbbc_E_003495_003598_A_0049_0052.mp4,18,16,100,16,18,True,True,0.10365644842386246,0.006783231045119464,0.0020395682707506544,0.6659073570044711,81,6,16,16,False,
finegym,val,DG7upbhB1bI_E_001882_001986_A_0048_0049,data/FineGym_data/videos/val/18/DG7upbhB1bI_E_001882_001986_A_0048_0049.mp4,18,16,100,16,16,False,False,0.36732983589172363,0.0031760260462760925,0.0020395682707506544,0.6586387020070106,47,3,16,16,False,
finegym,val,esQQbBhuXbM_E_004880_004980_A_0095_0097,data/FineGym_data/videos/val/18/esQQbBhuXbM_E_004880_004980_A_0095_0097.mp4,18,16,100,16,25,False,False,0.3218483626842499,0.002915013930760324,0.0020395682707506544,0.6550045859767124,46,3,16,16,False,
finegym,val,eH-ZgOT8ASM_E_008137_008245_A_0079_0081,data/FineGym_data/videos/val/18/eH-ZgOT8ASM_E_008137_008245_A_0079_0081.mp4,18,16,100,16,25,False,True,0.17519886791706085,0.0032270909287035465,0.0020395682707506544,0.6516591809922829,48,3,16,16,False,
finegym,val,fDa0HpoXES4_E_000304_000408_A_0059_0061,data/FineGym_data/videos/val/18/fDa0HpoXES4_E_000304_000408_A_0059_0061.mp4,18,16,100,16,25,False,True,0.37652069330215454,0.004963037092238665,0.0020395682707506544,0.6478688900824636,58,4,16,16,False,
finegym,val,fDa0HpoXES4_E_002679_002785_A_0079_0081,data/FineGym_data/videos/val/18/fDa0HpoXES4_E_002679_002785_A_0079_0081.mp4,18,16,100,16,25,False,True,0.2443944215774536,0.004356225952506065,0.0020395682707506544,0.6424732300220057,58,4,16,16,False,
finegym,val,EKb2MMJSoeI_E_001299_001403_A_0046_0049,data/FineGym_data/videos/val/18/EKb2MMJSoeI_E_001299_001403_A_0046_0049.mp4,18,16,100,16,18,True,True,0.3309416174888611,0.005040261894464493,0.0020395682707506544,0.6376826069317758,80,5,16,16,False,
finegym,val,e3EsDlpNo0c_E_005706_005810_A_0056_0058,data/FineGym_data/videos/val/18/e3EsDlpNo0c_E_005706_005810_A_0056_0058.mp4,18,16,100,16,12,False,False,0.31159549951553345,0.004242761991918087,0.0020395682707506544,0.6321261830162257,48,3,16,16,False,
finegym,val,cSh74jSRht8_E_003069_003166_A_0020_0021,data/FineGym_data/videos/val/19/cSh74jSRht8_E_003069_003166_A_0020_0021.mp4,19,16,100,16,14,False,False,0.4452848732471466,0.003530832938849926,0.0020395682707506544,0.6274167229421437,32,2,16,16,False,
finegym,val,EFvDqOF1sCk_E_003731_003896_A_0042_0044,data/FineGym_data/videos/val/19/EFvDqOF1sCk_E_003731_003896_A_0042_0044.mp4,19,16,100,16,21,False,False,0.22324158251285553,0.0033513159723952413,0.0020395682707506544,0.6233863009838387,31,2,16,16,False,
finegym,val,A0xAXXysHUo_E_004400_004497_A_0032_0033,data/FineGym_data/videos/val/19/A0xAXXysHUo_E_004400_004497_A_0032_0033.mp4,19,16,100,16,30,False,False,0.20435243844985962,0.004532056045718491,0.0020395682707506544,0.619473629980348,39,3,16,16,False,
finegym,val,E3AHJ6-QS8M_E_006496_006600_A_0042_0043,data/FineGym_data/videos/val/19/E3AHJ6-QS8M_E_006496_006600_A_0042_0043.mp4,19,16,100,16,30,False,False,0.4673289656639099,0.004433099995367229,0.0020395682707506544,0.6145301189972088,34,3,16,16,False,
finegym,val,CUuRl0Bwbbc_E_004433_004533_A_0032_0034,data/FineGym_data/videos/val/19/CUuRl0Bwbbc_E_004433_004533_A_0032_0034.mp4,19,16,100,16,21,False,False,0.504645586013794,0.003962745075114071,0.0020395682707506544,0.6096621709875762,43,3,16,16,False,
finegym,val,BLzs5opw8uM_E_001914_002013_A_0065_0067,data/FineGym_data/videos/val/19/BLzs5opw8uM_E_001914_002013_A_0065_0067.mp4,19,16,100,16,21,False,False,0.2087036520242691,0.005134350038133562,0.0020395682707506544,0.6052694260142744,49,4,16,16,False,
finegym,val,BLzs5opw8uM_E_000201_000302_A_0077_0079,data/FineGym_data/videos/val/19/BLzs5opw8uM_E_000201_000302_A_0077_0079.mp4,19,16,100,16,23,False,False,0.19479332864284515,0.004901161068119109,0.0020395682707506544,0.5996628280263394,49,4,16,16,False,
finegym,val,e3EsDlpNo0c_E_003966_004070_A_0060_0061,data/FineGym_data/videos/val/19/e3EsDlpNo0c_E_003966_004070_A_0060_0061.mp4,19,16,100,16,21,False,False,0.41982075572013855,0.0029567020246759057,0.0020395682707506544,0.5943171620601788,41,3,16,16,False,
finegym,val,CUuRl0Bwbbc_E_004235_004331_A_0025_0026,data/FineGym_data/videos/val/19/CUuRl0Bwbbc_E_004235_004331_A_0025_0026.mp4,19,16,100,16,21,False,False,0.3595367670059204,0.005559990066103637,0.0020395682707506544,0.5907581259962171,38,3,16,16,False,
finegym,val,E3AHJ6-QS8M_E_004206_004316_A_0044_0045,data/FineGym_data/videos/val/19/E3AHJ6-QS8M_E_004206_004316_A_0044_0045.mp4,19,16,100,16,21,False,False,0.46958425641059875,0.004243233008310199,0.0020395682707506544,0.5844015170587227,35,3,16,16,False,
finegym,val,EKb2MMJSoeI_E_001528_001626_A_0072_0074,data/FineGym_data/videos/val/19/EKb2MMJSoeI_E_001528_001626_A_0072_0074.mp4,19,16,100,16,21,False,False,0.48893409967422485,0.0035543169360607862,0.0020395682707506544,0.5794176899362355,48,3,16,16,False,
finegym,val,CUuRl0Bwbbc_E_003664_003763_A_0012_0013,data/FineGym_data/videos/val/19/CUuRl0Bwbbc_E_003664_003763_A_0012_0013.mp4,19,16,100,16,21,False,False,0.5709404945373535,0.003839252982288599,0.0020395682707506544,0.5751194939948618,38,3,16,16,False,
finegym,val,CkNz9ZIQmZI_E_007316_007416_A_0071_0072,data/FineGym_data/videos/val/19/CkNz9ZIQmZI_E_007316_007416_A_0071_0072.mp4,19,16,100,16,16,False,False,0.14546866714954376,0.0036657560849562287,0.0020395682707506544,0.5705327149480581,35,3,16,16,False,
finegym,val,e3EsDlpNo0c_E_006401_006501_A_0042_0043,data/FineGym_data/videos/val/20/e3EsDlpNo0c_E_006401_006501_A_0042_0043.mp4,20,16,100,16,21,False,False,0.23158477246761322,0.0029196719406172633,0.0020395682707506544,0.566140140988864,30,2,16,16,False,
finegym,val,e3EsDlpNo0c_E_002096_002195_A_0039_0040,data/FineGym_data/videos/val/20/e3EsDlpNo0c_E_002096_002195_A_0039_0040.mp4,20,16,100,16,21,False,False,0.4859413802623749,0.002597516984678805,0.0020395682707506544,0.5625010139774531,28,2,16,16,False,
finegym,val,CkNz9ZIQmZI_E_008093_008190_A_0056_0057,data/FineGym_data/videos/val/20/CkNz9ZIQmZI_E_008093_008190_A_0056_0057.mp4,20,16,100,16,14,False,False,0.14146468043327332,0.004453508066944778,0.0020395682707506544,0.5591688359854743,31,2,16,16,False,
finegym,val,aN9hSsP6xTg_E_001042_001140_A_0036_0037,data/FineGym_data/videos/val/20/aN9hSsP6xTg_E_001042_001140_A_0036_0037.mp4,20,16,100,16,21,False,False,0.21731317043304443,0.003528979024849832,0.0020395682707506544,0.5541282029589638,24,2,16,16,False,
finegym,val,EFvDqOF1sCk_E_002657_002760_A_0084_0085,data/FineGym_data/videos/val/20/EFvDqOF1sCk_E_002657_002760_A_0084_0085.mp4,20,16,100,16,21,False,False,0.3235883414745331,0.0031953920843079686,0.0020395682707506544,0.5501296400325373,25,2,16,16,False,
finegym,val,DyZ2qj6x1UE_E_004939_005041_A_0076_0077,data/FineGym_data/videos/val/20/DyZ2qj6x1UE_E_004939_005041_A_0076_0077.mp4,20,16,100,16,21,False,False,0.21129360795021057,0.004034601035527885,0.0020395682707506544,0.5465140580199659,24,2,16,16,False,
finegym,val,DyZ2qj6x1UE_E_003507_003612_A_0046_0047,data/FineGym_data/videos/val/20/DyZ2qj6x1UE_E_003507_003612_A_0046_0047.mp4,20,16,100,16,14,False,False,0.09345943480730057,0.0041775989811867476,0.0020395682707506544,0.5420541369821876,27,2,16,16,False,
finegym,val,esQQbBhuXbM_E_003205_003304_A_0043_0044,data/FineGym_data/videos/val/20/esQQbBhuXbM_E_003205_003304_A_0043_0044.mp4,20,16,100,16,21,False,False,0.3553600311279297,0.003383175004273653,0.0020395682707506544,0.5374435030389577,23,2,16,16,False,
finegym,val,EFvDqOF1sCk_E_001457_001559_A_0029_0030,data/FineGym_data/videos/val/20/EFvDqOF1sCk_E_001457_001559_A_0029_0030.mp4,20,16,100,16,21,False,True,0.7041568160057068,0.0032538319937884808,0.0020395682707506544,0.5336264020297676,28,2,16,16,False,
finegym,val,aN3PC4tJokk_E_003860_003960_A_0040_0041,data/FineGym_data/videos/val/20/aN3PC4tJokk_E_003860_003960_A_0040_0041.mp4,20,16,100,16,8,False,False,0.07624928653240204,0.00452992192003876,0.0020395682707506544,0.5299523690482602,33,3,16,16,False,
finegym,val,E3AHJ6-QS8M_E_002634_002733_A_0052_0053,data/FineGym_data/videos/val/20/E3AHJ6-QS8M_E_002634_002733_A_0052_0053.mp4,20,16,100,16,21,False,False,0.23270031809806824,0.004815169028006494,0.0020395682707506544,0.5250173149397597,30,2,16,16,False,
finegym,val,EKb2MMJSoeI_E_001694_001791_A_0053_0054,data/FineGym_data/videos/val/20/EKb2MMJSoeI_E_001694_001791_A_0053_0054.mp4,20,16,100,16,21,False,False,0.10097932070493698,0.0030145710334181786,0.0020395682707506544,0.5193052690010518,38,3,16,16,False,
finegym,val,dqUNtY2GwW4_E_003377_003473_A_0056_0057,data/FineGym_data/videos/val/21/dqUNtY2GwW4_E_003377_003473_A_0056_0057.mp4,21,16,100,16,21,True,True,0.3819568157196045,0.003946825978346169,0.0020395682707506544,0.5155506948940456,24,2,16,16,False,
finegym,val,E3AHJ6-QS8M_E_003321_003427_A_0066_0067,data/FineGym_data/videos/val/21/E3AHJ6-QS8M_E_003321_003427_A_0066_0067.mp4,21,16,100,16,21,True,True,0.1952860802412033,0.003634427906945348,0.0020395682707506544,0.5108915000455454,19,2,16,16,False,
finegym,val,aN9hSsP6xTg_E_001640_001834_A_0056_0057,data/FineGym_data/videos/val/21/aN9hSsP6xTg_E_001640_001834_A_0056_0057.mp4,21,16,100,16,11,False,True,0.0902143344283104,0.0028804390458390117,0.0020395682707506544,0.5065567150013521,22,2,16,16,False,
finegym,val,aEZbP-Yephw_E_000849_000949_A_0071_0072,data/FineGym_data/videos/val/21/aEZbP-Yephw_E_000849_000949_A_0071_0072.mp4,21,16,100,16,21,True,True,0.5348456501960754,0.00407735095359385,0.0020395682707506544,0.5029676130507141,25,2,16,16,False,
finegym,val,DG7upbhB1bI_E_003248_003346_A_0058_0059,data/FineGym_data/videos/val/21/DG7upbhB1bI_E_003248_003346_A_0058_0059.mp4,21,16,100,16,16,False,True,0.24500772356987,0.002847305964678526,0.0020395682707506544,0.49818489502649754,33,3,16,16,False,
finegym,val,DG7upbhB1bI_E_007125_007233_A_0052_0053,data/FineGym_data/videos/val/21/DG7upbhB1bI_E_007125_007233_A_0052_0053.mp4,21,16,100,16,16,False,True,0.40001022815704346,0.002502667950466275,0.0020395682707506544,0.49460857699159533,23,2,16,16,False,
finegym,val,e3EsDlpNo0c_E_003301_003400_A_0012_0013,data/FineGym_data/videos/val/21/e3EsDlpNo0c_E_003301_003400_A_0012_0013.mp4,21,16,100,16,12,False,True,0.20945359766483307,0.003431907040067017,0.0020395682707506544,0.4913936370285228,29,2,16,16,False,
finegym,val,aN9hSsP6xTg_E_002637_002732_A_0076_0077,data/FineGym_data/videos/val/21/aN9hSsP6xTg_E_002637_002732_A_0076_0077.mp4,21,16,100,16,21,True,True,0.25213199853897095,0.003258771961554885,0.0020395682707506544,0.48737049906048924,25,2,16,16,False,
finegym,val,DyZ2qj6x1UE_E_002913_003008_A_0051_0052,data/FineGym_data/videos/val/21/DyZ2qj6x1UE_E_002913_003008_A_0051_0052.mp4,21,16,100,16,79,False,False,0.07979221642017365,0.004349101916886866,0.0020395682707506544,0.4836751160910353,25,2,16,16,False,
finegym,val,AZ4wWG6Rcak_E_002331_002434_A_0019_0020,data/FineGym_data/videos/val/21/AZ4wWG6Rcak_E_002331_002434_A_0019_0020.mp4,21,16,100,16,25,False,True,0.3923042118549347,0.004025803995318711,0.0020395682707506544,0.47890737699344754,28,2,16,16,False,
finegym,val,CUuRl0Bwbbc_E_003495_003598_A_0056_0057,data/FineGym_data/videos/val/21/CUuRl0Bwbbc_E_003495_003598_A_0056_0057.mp4,21,16,100,16,21,True,True,0.2737244665622711,0.004100063000805676,0.0020395682707506544,0.4744580559199676,30,2,16,16,False,
finegym,val,E3AHJ6-QS8M_E_005168_005260_A_0036_0037,data/FineGym_data/videos/val/21/E3AHJ6-QS8M_E_005168_005260_A_0036_0037.mp4,21,16,100,16,21,True,True,0.9307885766029358,0.003937037079595029,0.0020395682707506544,0.4699034779332578,26,2,16,16,False,
finegym,val,CkNz9ZIQmZI_E_006383_006487_A_0059_0060,data/FineGym_data/videos/val/21/CkNz9ZIQmZI_E_006383_006487_A_0059_0060.mp4,21,16,100,16,12,False,True,0.19247739017009735,0.002802864066325128,0.0020395682707506544,0.4655178369721398,19,2,16,16,False,
finegym,val,DyZ2qj6x1UE_E_003507_003612_A_0096_0097,data/FineGym_data/videos/val/21/DyZ2qj6x1UE_E_003507_003612_A_0096_0097.mp4,21,16,100,16,14,False,True,0.1069265678524971,0.003106444957666099,0.0020395682707506544,0.46231052302755415,20,2,16,16,False,
finegym,val,DTedv-hhHU4_E_002197_002298_A_0026_0026,data/FineGym_data/videos/val/21/DTedv-hhHU4_E_002197_002298_A_0026_0026.mp4,21,16,100,16,21,True,True,0.3567608594894409,0.003467333037406206,0.0020395682707506544,0.45877804700285196,26,2,16,16,False,
finegym,val,aN9hSsP6xTg_E_001146_001246_A_0075_0076,data/FineGym_data/videos/val/21/aN9hSsP6xTg_E_001146_001246_A_0075_0076.mp4,21,16,100,16,21,True,True,0.10539612919092178,0.003541582962498069,0.0020395682707506544,0.4548512800829485,39,3,16,16,False,
finegym,val,AZ4wWG6Rcak_E_002768_002869_A_0062_0063,data/FineGym_data/videos/val/21/AZ4wWG6Rcak_E_002768_002869_A_0062_0063.mp4,21,16,100,16,21,True,True,0.12973885238170624,0.0038954890333116055,0.0020395682707506544,0.4508781940676272,23,2,16,16,False,
finegym,val,C5Yfd1IWjmM_E_002895_002996_A_0056_0057,data/FineGym_data/videos/val/21/C5Yfd1IWjmM_E_002895_002996_A_0056_0057.mp4,21,16,100,16,21,True,True,0.900969386100769,0.003233102965168655,0.0020395682707506544,0.4465483279200271,28,2,16,16,False,
finegym,val,aN9hSsP6xTg_E_002823_002928_A_0074_0075,data/FineGym_data/videos/val/21/aN9hSsP6xTg_E_002823_002928_A_0074_0075.mp4,21,16,100,16,21,True,True,0.5214751362800598,0.0028782450826838613,0.0020395682707506544,0.4428833139827475,22,2,16,16,False,
finegym,val,CUuRl0Bwbbc_E_003247_003355_A_0080_0081,data/FineGym_data/videos/val/21/CUuRl0Bwbbc_E_003247_003355_A_0080_0081.mp4,21,16,100,16,8,False,True,0.25645118951797485,0.0037811340298503637,0.0020395682707506544,0.4396064879838377,34,3,16,16,False,
finegym,val,CkNz9ZIQmZI_E_006859_006958_A_0043_0045,data/FineGym_data/videos/val/22/CkNz9ZIQmZI_E_006859_006958_A_0043_0045.mp4,22,16,100,16,14,False,False,0.2648228704929352,0.00390011805575341,0.0020395682707506544,0.43542181595694274,47,3,16,16,False,
finegym,val,eH-ZgOT8ASM_E_007496_007602_A_0044_0047,data/FineGym_data/videos/val/22/eH-ZgOT8ASM_E_007496_007602_A_0044_0047.mp4,22,16,100,16,23,False,False,0.13167229294776917,0.003705271054059267,0.0020395682707506544,0.431100256042555,60,4,16,16,False,
finegym,val,C5Yfd1IWjmM_E_003761_003863_A_0086_0088,data/FineGym_data/videos/val/22/C5Yfd1IWjmM_E_003761_003863_A_0086_0088.mp4,22,16,100,16,21,False,False,0.21646369993686676,0.004043297027237713,0.0020395682707506544,0.42691315803676844,41,3,16,16,False,
finegym,val,e3EsDlpNo0c_E_003966_004070_A_0045_0047,data/FineGym_data/videos/val/22/e3EsDlpNo0c_E_003966_004070_A_0045_0047.mp4,22,16,100,16,23,False,False,0.5960336923599243,0.003019531024619937,0.0020395682707506544,0.4220687639899552,45,3,16,16,False,
finegym,val,A0xAXXysHUo_E_003435_003534_A_0053_0055,data/FineGym_data/videos/val/22/A0xAXXysHUo_E_003435_003534_A_0053_0055.mp4,22,16,100,16,21,False,False,0.1671270877122879,0.004690343979746103,0.0020395682707506544,0.4181732559809461,51,4,16,16,False,
finegym,val,E3AHJ6-QS8M_E_003321_003427_A_0065_0066,data/FineGym_data/videos/val/22/E3AHJ6-QS8M_E_003321_003427_A_0065_0066.mp4,22,16,100,16,30,False,False,0.09504091739654541,0.003755975980311632,0.0020395682707506544,0.4127283509587869,30,2,16,16,False,
finegym,val,aN3PC4tJokk_E_004599_004701_A_0080_0082,data/FineGym_data/videos/val/22/aN3PC4tJokk_E_004599_004701_A_0080_0082.mp4,22,16,100,16,21,False,False,0.3412030339241028,0.004248542943969369,0.0020395682707506544,0.40827852999791503,43,3,16,16,False,
finegym,val,e3EsDlpNo0c_E_004350_004455_A_0035_0037,data/FineGym_data/videos/val/22/e3EsDlpNo0c_E_004350_004455_A_0035_0037.mp4,22,16,100,16,23,False,False,0.555971622467041,0.0036889599869027734,0.0020395682707506544,0.4032817400293425,44,3,16,16,False,
finegym,val,DTedv-hhHU4_E_002197_002298_A_0024_0026,data/FineGym_data/videos/val/22/DTedv-hhHU4_E_002197_002298_A_0024_0026.mp4,22,16,100,16,23,False,False,0.4956681728363037,0.0035607590107247233,0.0020395682707506544,0.3988591390661895,38,3,16,16,False,
finegym,val,E3AHJ6-QS8M_E_005894_006001_A_0069_0070,data/FineGym_data/videos/val/22/E3AHJ6-QS8M_E_005894_006001_A_0069_0070.mp4,22,16,100,16,16,False,False,0.20827409625053406,0.004708508960902691,0.0020395682707506544,0.39453857101034373,37,3,16,16,False,
finegym,val,EFvDqOF1sCk_E_003932_004039_A_0050_0051,data/FineGym_data/videos/val/22/EFvDqOF1sCk_E_003932_004039_A_0050_0051.mp4,22,16,100,16,21,False,False,0.12600699067115784,0.0031527909450232983,0.0020395682707506544,0.38909067201893777,32,2,16,16,False,
finegym,val,A0xAXXysHUo_E_003749_003849_A_0059_0060,data/FineGym_data/videos/val/22/A0xAXXysHUo_E_003749_003849_A_0059_0060.mp4,22,16,100,16,30,False,False,0.1704695075750351,0.005739929038099945,0.0021316231153226304,1.0392783539136872,48,3,16,16,False,
finegym,val,AZ4wWG6Rcak_E_002331_002434_A_0081_0084,data/FineGym_data/videos/val/22/AZ4wWG6Rcak_E_002331_002434_A_0081_0084.mp4,22,16,100,16,16,False,False,0.0711367055773735,0.0051096819806844,0.0021316231153226304,1.0330642939079553,52,4,16,16,False,
finegym,val,BLzs5opw8uM_E_003532_003625_A_0068_0070,data/FineGym_data/videos/val/22/BLzs5opw8uM_E_003532_003625_A_0068_0070.mp4,22,16,100,16,29,False,False,0.17483888566493988,0.005431127967312932,0.0021316231153226304,1.0275342400418594,53,4,16,16,False,
finegym,val,A0xAXXysHUo_E_003897_003995_A_0053_0055,data/FineGym_data/videos/val/22/A0xAXXysHUo_E_003897_003995_A_0053_0055.mp4,22,16,100,16,16,False,False,0.1157972440123558,0.004309096955694258,0.0021316231153226304,1.021581090055406,44,3,16,16,False,
finegym,val,EKb2MMJSoeI_E_001528_001626_A_0048_0050,data/FineGym_data/videos/val/22/EKb2MMJSoeI_E_001528_001626_A_0048_0050.mp4,22,16,100,16,21,False,False,0.4654136896133423,0.0045245320070534945,0.0021316231153226304,1.0168664299417287,46,3,16,16,False,
finegym,val,e3EsDlpNo0c_E_006401_006501_A_0041_0042,data/FineGym_data/videos/val/22/e3EsDlpNo0c_E_006401_006501_A_0041_0042.mp4,22,16,100,16,23,False,False,0.41874971985816956,0.003610542044043541,0.0021316231153226304,1.0119218279141933,50,4,16,16,False,
finegym,val,A0xAXXysHUo_E_004694_004791_A_0056_0058,data/FineGym_data/videos/val/22/A0xAXXysHUo_E_004694_004791_A_0056_0058.mp4,22,16,100,16,16,False,False,0.1514834314584732,0.004281734931282699,0.0021316231153226304,1.007867360021919,35,3,16,16,False,
finegym,val,eH-ZgOT8ASM_E_007874_007986_A_0050_0052,data/FineGym_data/videos/val/22/eH-ZgOT8ASM_E_007874_007986_A_0050_0052.mp4,22,16,100,16,12,False,False,0.16829195618629456,0.003532305941917002,0.0021316231153226304,1.0028091929852962,37,3,16,16,False,
finegym,val,e3EsDlpNo0c_E_008527_008631_A_0016_0017,data/FineGym_data/videos/val/22/e3EsDlpNo0c_E_008527_008631_A_0016_0017.mp4,22,16,100,16,21,False,False,0.11485272645950317,0.005005046026781201,0.0021316231153226304,0.998389097978361,46,3,16,16,False,
finegym,val,BLzs5opw8uM_E_002952_003051_A_0074_0075,data/FineGym_data/videos/val/23/BLzs5opw8uM_E_002952_003051_A_0074_0075.mp4,23,16,100,16,12,False,False,0.10759702324867249,0.004842750960960984,0.0021316231153226304,0.9924650629982352,33,3,16,16,False,
finegym,val,CkNz9ZIQmZI_E_007103_007202_A_0034_0036,data/FineGym_data/videos/val/23/CkNz9ZIQmZI_E_007103_007202_A_0034_0036.mp4,23,16,100,16,14,False,False,0.43886277079582214,0.004087859997525811,0.0021316231153226304,0.9868718599900603,35,3,16,16,False,
finegym,val,AZ4wWG6Rcak_E_002331_002434_A_0020_0021,data/FineGym_data/videos/val/23/AZ4wWG6Rcak_E_002331_002434_A_0020_0021.mp4,23,16,100,16,16,False,False,0.5397849678993225,0.0038340840255841613,0.0021316231153226304,0.9823589100269601,30,2,16,16,False,
finegym,val,cSh74jSRht8_E_004401_004506_A_0067_0068,data/FineGym_data/videos/val/23/cSh74jSRht8_E_004401_004506_A_0067_0068.mp4,23,16,100,16,95,False,False,0.11200222373008728,0.003633646061643958,0.0021316231153226304,0.978101689950563,25,2,16,16,False,
finegym,val,BLzs5opw8uM_E_003209_003313_A_0069_0070,data/FineGym_data/videos/val/23/BLzs5opw8uM_E_003209_003313_A_0069_0070.mp4,23,16,100,16,23,True,True,0.5614076256752014,0.004639587947167456,0.0021316231153226304,0.9739347810391337,32,2,16,16,False,
finegym,val,CUuRl0Bwbbc_E_003957_004064_A_0063_0064,data/FineGym_data/videos/val/23/CUuRl0Bwbbc_E_003957_004064_A_0063_0064.mp4,23,16,100,16,16,False,False,0.151890829205513,0.004745327983982861,0.0021316231153226304,0.9683309179963544,34,3,16,16,False,
finegym,val,BQhX6F3gpp8_E_007119_007222_A_0079_0080,data/FineGym_data/videos/val/23/BQhX6F3gpp8_E_007119_007222_A_0079_0080.mp4,23,16,100,16,23,True,True,0.11810735613107681,0.0034553500590845942,0.0021316231153226304,0.9629929560469463,31,2,16,16,False,
finegym,val,CkNz9ZIQmZI_E_007814_007922_A_0070_0071,data/FineGym_data/videos/val/23/CkNz9ZIQmZI_E_007814_007922_A_0070_0071.mp4,23,16,100,16,12,False,True,0.14777353405952454,0.0036718479823321104,0.0021316231153226304,0.9587320890277624,26,2,16,16,False,
finegym,val,E3AHJ6-QS8M_E_005450_005555_A_0019_0020,data/FineGym_data/videos/val/24/E3AHJ6-QS8M_E_005450_005555_A_0019_0020.mp4,24,16,100,16,28,False,False,0.26366496086120605,0.004773971042595804,0.0021316231153226304,0.9544064819347113,33,3,16,16,False,
finegym,val,aEZbP-Yephw_E_001131_001234_A_0030_0031,data/FineGym_data/videos/val/24/aEZbP-Yephw_E_001131_001234_A_0030_0031.mp4,24,16,100,16,35,False,False,0.32028618454933167,0.004393365932628512,0.0021316231153226304,0.9490183640737087,29,2,16,16,False,
finegym,val,e3EsDlpNo0c_E_006401_006501_A_0032_0034,data/FineGym_data/videos/val/24/e3EsDlpNo0c_E_006401_006501_A_0032_0034.mp4,24,16,100,16,14,False,False,0.14408594369888306,0.0035104240523651242,0.0021316231153226304,0.9441667679930106,48,3,16,16,False,
finegym,val,e3EsDlpNo0c_E_006102_006204_A_0020_0021,data/FineGym_data/videos/val/24/e3EsDlpNo0c_E_006102_006204_A_0020_0021.mp4,24,16,100,16,25,False,False,0.3211830258369446,0.0029240810545161366,0.0021316231153226304,0.9400982239749283,47,3,16,16,False,
finegym,val,BLzs5opw8uM_E_003209_003313_A_0028_0029,data/FineGym_data/videos/val/24/BLzs5opw8uM_E_003209_003313_A_0028_0029.mp4,24,16,100,16,25,False,False,0.22522492706775665,0.005201715975999832,0.0021316231153226304,0.9366906320210546,35,3,16,16,False,
finegym,val,e3EsDlpNo0c_E_004350_004455_A_0022_0023,data/FineGym_data/videos/val/24/e3EsDlpNo0c_E_004350_004455_A_0022_0023.mp4,24,16,100,16,14,False,False,0.42621979117393494,0.004161860095337033,0.0021316231153226304,0.9305742749711499,32,2,16,16,False,
finegym,val,dqUNtY2GwW4_E_003377_003473_A_0016_0018,data/FineGym_data/videos/val/24/dqUNtY2GwW4_E_003377_003473_A_0016_0018.mp4,24,16,100,16,14,False,False,0.17892388999462128,0.0030677110189571977,0.0021316231153226304,0.9256470859982073,30,2,16,16,False,
finegym,val,CUuRl0Bwbbc_E_004235_004331_A_0020_0022,data/FineGym_data/videos/val/24/CUuRl0Bwbbc_E_004235_004331_A_0020_0022.mp4,24,16,100,16,16,False,False,0.2587575316429138,0.00565777497831732,0.0021316231153226304,0.9218309660209343,60,4,16,16,False,
finegym,val,esQQbBhuXbM_E_005908_006008_A_0011_0014,data/FineGym_data/videos/val/24/esQQbBhuXbM_E_005908_006008_A_0011_0014.mp4,24,16,100,16,16,False,False,0.1306534707546234,0.004580678069032729,0.0021316231153226304,0.9153066510334611,61,4,16,16,False,
finegym,val,C5Yfd1IWjmM_E_001396_001513_A_0020_0021,data/FineGym_data/videos/val/24/C5Yfd1IWjmM_E_001396_001513_A_0020_0021.mp4,24,16,100,16,8,False,False,0.17127546668052673,0.003246758016757667,0.0021316231153226304,0.9102188689867035,32,2,16,16,False,
finegym,val,0LtLS9wROrk_E_002843_002945_A_0024_0026,data/FineGym_data/videos/val/24/0LtLS9wROrk_E_002843_002945_A_0024_0026.mp4,24,16,100,16,12,False,False,0.1057199165225029,0.00479310704395175,0.0021316231153226304,0.9065083989407867,50,4,16,16,False,
finegym,val,AZ4wWG6Rcak_E_005067_005168_A_0039_0040,data/FineGym_data/videos/val/24/AZ4wWG6Rcak_E_005067_005168_A_0039_0040.mp4,24,16,100,16,30,False,False,0.309958815574646,0.0039253049762919545,0.0021316231153226304,0.9010476958937943,47,3,16,16,False,
finegym,val,E3AHJ6-QS8M_E_006283_006392_A_0040_0041,data/FineGym_data/videos/val/24/E3AHJ6-QS8M_E_006283_006392_A_0040_0041.mp4,24,16,100,16,14,False,False,0.20678065717220306,0.003950601909309626,0.0021316231153226304,0.896665601991117,29,2,16,16,False,
finegym,val,EKb2MMJSoeI_E_001299_001403_A_0034_0036,data/FineGym_data/videos/val/24/EKb2MMJSoeI_E_001299_001403_A_0034_0036.mp4,24,16,100,16,16,False,False,0.19628044962882996,0.0037346959579735994,0.0021316231153226304,0.8922462880145758,34,3,16,16,False,
finegym,val,AZ4wWG6Rcak_E_005867_005973_A_0042_0045,data/FineGym_data/videos/val/24/AZ4wWG6Rcak_E_005867_005973_A_0042_0045.mp4,24,16,100,16,11,False,False,0.15266336500644684,0.004653934971429408,0.0021316231153226304,0.8879508660174906,59,4,16,16,False,
finegym,val,DTedv-hhHU4_E_000795_000904_A_0024_0025,data/FineGym_data/videos/val/24/DTedv-hhHU4_E_000795_000904_A_0024_0025.mp4,24,16,100,16,8,False,False,0.19040408730506897,0.004021625965833664,0.0021316231153226304,0.8823833219939843,29,2,16,16,False,
finegym,val,CUuRl0Bwbbc_E_003957_004064_A_0023_0024,data/FineGym_data/videos/val/24/CUuRl0Bwbbc_E_003957_004064_A_0023_0024.mp4,24,16,100,16,16,False,False,0.3802452087402344,0.004064356908202171,0.0021316231153226304,0.8778241939144209,36,3,16,16,False,
finegym,val,A0xAXXysHUo_E_003089_003189_A_0066_0067,data/FineGym_data/videos/val/24/A0xAXXysHUo_E_003089_003189_A_0066_0067.mp4,24,16,100,16,12,False,False,0.07711565494537354,0.005288698943331838,0.0021316231153226304,0.8733236980624497,51,4,16,16,False,
finegym,val,A0xAXXysHUo_E_003749_003849_A_0030_0032,data/FineGym_data/videos/val/24/A0xAXXysHUo_E_003749_003849_A_0030_0032.mp4,24,16,100,16,29,False,False,0.06625726819038391,0.004855916020460427,0.0021316231153226304,0.8670447750482708,34,3,16,16,False,
finegym,val,eH-ZgOT8ASM_E_007874_007986_A_0041_0043,data/FineGym_data/videos/val/24/eH-ZgOT8ASM_E_007874_007986_A_0041_0043.mp4,24,16,100,16,25,False,False,0.3399556577205658,0.00524464703630656,0.0021316231153226304,0.8614335890160874,70,5,16,16,False,
finegym,val,CkNz9ZIQmZI_E_007578_007683_A_0028_0029,data/FineGym_data/videos/val/25/CkNz9ZIQmZI_E_007578_007683_A_0028_0029.mp4,25,16,100,16,14,False,False,0.14864623546600342,0.005008553038351238,0.0021316231153226304,0.8556801941012964,38,3,16,16,False,
finegym,val,EFvDqOF1sCk_E_003731_003896_A_0029_0030,data/FineGym_data/videos/val/25/EFvDqOF1sCk_E_003731_003896_A_0029_0030.mp4,25,16,100,16,25,True,True,0.3953622579574585,0.0048167320201173425,0.0021316231153226304,0.8501980600412935,29,2,16,16,False,
finegym,val,0LtLS9wROrk_E_003137_003230_A_0050_0051,data/FineGym_data/videos/val/25/0LtLS9wROrk_E_003137_003230_A_0050_0051.mp4,25,16,100,16,30,False,True,0.2244335561990738,0.004041634034365416,0.0021316231153226304,0.8447151450673118,21,2,16,16,False,
finegym,val,aN3PC4tJokk_E_004100_004199_A_0092_0093,data/FineGym_data/videos/val/25/aN3PC4tJokk_E_004100_004199_A_0092_0093.mp4,25,16,100,16,16,False,False,0.7092376947402954,0.003787906956858933,0.0021316231153226304,0.840198416961357,31,2,16,16,False,
finegym,val,DyZ2qj6x1UE_E_002690_002787_A_0057_0058,data/FineGym_data/videos/val/25/DyZ2qj6x1UE_E_002690_002787_A_0057_0058.mp4,25,16,100,16,21,False,False,0.06126870959997177,0.004362056963145733,0.0021316231153226304,0.8358572509605438,17,2,16,16,False,
finegym,val,CkNz9ZIQmZI_E_008093_008190_A_0043_0043,data/FineGym_data/videos/val/25/CkNz9ZIQmZI_E_008093_008190_A_0043_0043.mp4,25,16,100,16,14,False,False,0.2933070957660675,0.003838040982373059,0.0021316231153226304,0.830873223952949,18,2,16,16,False,
finegym,val,DyZ2qj6x1UE_E_003507_003612_A_0082_0083,data/FineGym_data/videos/val/25/DyZ2qj6x1UE_E_003507_003612_A_0082_0083.mp4,25,16,100,16,14,False,False,0.04376307129859924,0.00484099704772234,0.0021316231153226304,0.8261591950431466,21,2,16,16,False,
finegym,val,0LtLS9wROrk_E_003773_003867_A_0031_0032,data/FineGym_data/videos/val/25/0LtLS9wROrk_E_003773_003867_A_0031_0032.mp4,25,16,100,16,29,False,False,0.2719045877456665,0.003669513971544802,0.0021316231153226304,0.8205685069551691,21,2,16,16,False,
finegym,val,eH-ZgOT8ASM_E_007496_007602_A_0074_0075,data/FineGym_data/videos/val/25/eH-ZgOT8ASM_E_007496_007602_A_0074_0075.mp4,25,16,100,16,21,False,True,0.34066614508628845,0.004271176061592996,0.0021316231153226304,0.816070373984985,20,2,16,16,False,
finegym,val,BQhX6F3gpp8_E_008733_008833_A_0023_0025,data/FineGym_data/videos/val/25/BQhX6F3gpp8_E_008733_008833_A_0023_0025.mp4,25,16,100,16,12,False,True,0.1836385577917099,0.004990739980712533,0.0021316231153226304,0.8109069199999794,53,4,16,16,False,
finegym,val,0LtLS9wROrk_E_004902_005000_A_0019_0020,data/FineGym_data/videos/val/25/0LtLS9wROrk_E_004902_005000_A_0019_0020.mp4,25,16,100,16,16,False,False,0.18284443020820618,0.004529903060756624,0.0021316231153226304,0.8050551119958982,23,2,16,16,False,
finegym,val,DyZ2qj6x1UE_E_002913_003008_A_0042_0043,data/FineGym_data/videos/val/25/DyZ2qj6x1UE_E_002913_003008_A_0042_0043.mp4,25,16,100,16,21,False,True,0.08121512830257416,0.003379548084922135,0.0021316231153226304,0.7997133320895955,29,2,16,16,False,
finegym,val,EFvDqOF1sCk_E_002657_002760_A_0024_0025,data/FineGym_data/videos/val/25/EFvDqOF1sCk_E_002657_002760_A_0024_0025.mp4,25,16,100,16,21,False,True,0.10487748682498932,0.003754924051463604,0.0021316231153226304,0.7955321549670771,27,2,16,16,False,
finegym,val,0LtLS9wROrk_E_007340_007433_A_0018_0019,data/FineGym_data/videos/val/25/0LtLS9wROrk_E_007340_007433_A_0018_0019.mp4,25,16,100,16,21,False,False,0.33851346373558044,0.0034071800764650106,0.0021316231153226304,0.7913297190098092,22,2,16,16,False,
finegym,val,AZ4wWG6Rcak_E_005289_005394_A_0077_0078,data/FineGym_data/videos/val/25/AZ4wWG6Rcak_E_005289_005394_A_0077_0078.mp4,25,16,100,16,21,False,True,0.5002216100692749,0.0033748389687389135,0.0021316231153226304,0.7874914979329333,17,2,16,16,False,
finegym,val,eH-ZgOT8ASM_E_008137_008245_A_0066_0066,data/FineGym_data/videos/val/25/eH-ZgOT8ASM_E_008137_008245_A_0066_0066.mp4,25,16,100,16,11,False,True,0.2079070806503296,0.0034785140305757523,0.0021316231153226304,0.7832462920341641,16,1,16,16,False,
finegym,val,EFvDqOF1sCk_E_003932_004039_A_0030_0032,data/FineGym_data/videos/val/25/EFvDqOF1sCk_E_003932_004039_A_0030_0032.mp4,25,16,100,16,11,False,True,0.19500486552715302,0.003689981997013092,0.0021316231153226304,0.7791850209468976,32,2,16,16,False,
finegym,val,cSh74jSRht8_E_003847_003941_A_0052_0054,data/FineGym_data/videos/val/25/cSh74jSRht8_E_003847_003941_A_0052_0054.mp4,25,16,100,16,43,False,False,0.12416327744722366,0.0035643650917336345,0.0021316231153226304,0.7750542589928955,43,3,16,16,False,
finegym,val,eH-ZgOT8ASM_E_008334_008443_A_0084_0085,data/FineGym_data/videos/val/25/eH-ZgOT8ASM_E_008334_008443_A_0084_0085.mp4,25,16,100,16,76,False,True,0.23058676719665527,0.0035891919396817684,0.0021316231153226304,0.770976327941753,25,2,16,16,False,
finegym,val,CkNz9ZIQmZI_E_006383_006487_A_0048_0050,data/FineGym_data/videos/val/25/CkNz9ZIQmZI_E_006383_006487_A_0048_0050.mp4,25,16,100,16,25,True,True,0.11168953776359558,0.0033088650088757277,0.0021316231153226304,0.7665761689422652,41,3,16,16,False,
finegym,val,A0xAXXysHUo_E_004400_004497_A_0071_0072,data/FineGym_data/videos/val/26/A0xAXXysHUo_E_004400_004497_A_0071_0072.mp4,26,16,100,16,30,False,True,0.1588207334280014,0.004210280952975154,0.0021316231153226304,0.7628417339874431,37,3,16,16,False,
finegym,val,dqUNtY2GwW4_E_003169_003267_A_0064_0065,data/FineGym_data/videos/val/26/dqUNtY2GwW4_E_003169_003267_A_0064_0065.mp4,26,16,100,16,26,True,True,0.2966357171535492,0.0035320749739184976,0.0021316231153226304,0.7582172530237585,21,2,16,16,False,
finegym,val,aN9hSsP6xTg_E_001977_002183_A_0034_0035,data/FineGym_data/videos/val/26/aN9hSsP6xTg_E_001977_002183_A_0034_0035.mp4,26,16,100,16,21,False,False,0.16939523816108704,0.0031180160585790873,0.0021316231153226304,0.7542947040637955,25,2,16,16,False,
finegym,val,C5Yfd1IWjmM_E_001645_001751_A_0046_0047,data/FineGym_data/videos/val/26/C5Yfd1IWjmM_E_001645_001751_A_0046_0047.mp4,26,16,100,16,30,False,True,0.16513925790786743,0.0050196630181744695,0.0021316231153226304,0.7506659970385954,27,2,16,16,False,
finegym,val,E3AHJ6-QS8M_E_006496_006600_A_0081_0082,data/FineGym_data/videos/val/26/E3AHJ6-QS8M_E_006496_006600_A_0081_0082.mp4,26,16,100,16,30,False,True,0.15711094439029694,0.00543028605170548,0.0021316231153226304,0.7445604599779472,25,2,16,16,False,
finegym,val,DTedv-hhHU4_E_001024_001129_A_0046_0047,data/FineGym_data/videos/val/26/DTedv-hhHU4_E_001024_001129_A_0046_0047.mp4,26,16,100,16,23,False,True,0.07968340814113617,0.004554228042252362,0.0021316231153226304,0.7380162780173123,23,2,16,16,False,
finegym,val,aN3PC4tJokk_E_004346_004452_A_0081_0083,data/FineGym_data/videos/val/26/aN3PC4tJokk_E_004346_004452_A_0081_0083.mp4,26,16,100,16,76,False,False,0.27448296546936035,0.006422613048925996,0.0021316231153226304,0.7324091800255701,38,3,16,16,False,
finegym,val,DG7upbhB1bI_E_001882_001986_A_0076_0076,data/FineGym_data/videos/val/26/DG7upbhB1bI_E_001882_001986_A_0076_0076.mp4,26,16,100,16,30,False,True,0.12917369604110718,0.004423332051374018,0.0021316231153226304,0.7247827410465106,26,2,16,16,False,
finegym,val,e3EsDlpNo0c_E_003966_004070_A_0050_0051,data/FineGym_data/videos/val/26/e3EsDlpNo0c_E_003966_004070_A_0050_0051.mp4,26,16,100,16,30,False,True,0.5482490062713623,0.003962785936892033,0.0021316231153226304,0.7192929129814729,27,2,16,16,False,
finegym,val,aN9hSsP6xTg_E_002637_002732_A_0078_0079,data/FineGym_data/videos/val/26/aN9hSsP6xTg_E_002637_002732_A_0078_0079.mp4,26,16,100,16,30,False,False,0.12396010011434555,0.0041384060168638825,0.0021316231153226304,0.7142644029809162,29,2,16,16,False,
finegym,val,aN9hSsP6xTg_E_000547_000651_A_0056_0057,data/FineGym_data/videos/val/26/aN9hSsP6xTg_E_000547_000651_A_0056_0057.mp4,26,16,100,16,21,False,True,0.121300108730793,0.004333091899752617,0.0021316231153226304,0.7090678160311654,22,2,16,16,False,
finegym,val,DG7upbhB1bI_E_001017_001123_A_0052_0053,data/FineGym_data/videos/val/26/DG7upbhB1bI_E_001017_001123_A_0052_0053.mp4,26,16,100,16,26,True,True,0.14453747868537903,0.003800319042056799,0.0021316231153226304,0.7037628259276971,32,2,16,16,False,
finegym,val,aEZbP-Yephw_E_004976_005078_A_0074_0075,data/FineGym_data/videos/val/26/aEZbP-Yephw_E_004976_005078_A_0074_0075.mp4,26,16,100,16,26,True,True,0.2703658938407898,0.005046705016866326,0.0021316231153226304,0.6989766309270635,25,2,16,16,False,
finegym,val,e3EsDlpNo0c_E_007562_007662_A_0071_0072,data/FineGym_data/videos/val/26/e3EsDlpNo0c_E_007562_007662_A_0071_0072.mp4,26,16,100,16,12,False,False,0.2887565493583679,0.004424454062245786,0.0021316231153226304,0.6929771939758211,27,2,16,16,False,
finegym,val,DG7upbhB1bI_E_003248_003346_A_0077_0078,data/FineGym_data/videos/val/26/DG7upbhB1bI_E_003248_003346_A_0077_0078.mp4,26,16,100,16,16,False,True,0.15091419219970703,0.003519732039421797,0.0021316231153226304,0.6876172309275717,28,2,16,16,False,
finegym,val,aN3PC4tJokk_E_004599_004701_A_0046_0047,data/FineGym_data/videos/val/26/aN3PC4tJokk_E_004599_004701_A_0046_0047.mp4,26,16,100,16,21,False,False,0.24813897907733917,0.0049157890025526285,0.0021316231153226304,0.683087288052775,39,3,16,16,False,
finegym,val,E3AHJ6-QS8M_E_001717_001809_A_0046_0047,data/FineGym_data/videos/val/26/E3AHJ6-QS8M_E_001717_001809_A_0046_0047.mp4,26,16,100,16,26,True,True,0.22745123505592346,0.005098651978187263,0.0021316231153226304,0.6771840529982001,24,2,16,16,False,
finegym,val,aN3PC4tJokk_E_003860_003960_A_0077_0079,data/FineGym_data/videos/val/26/aN3PC4tJokk_E_003860_003960_A_0077_0079.mp4,26,16,100,16,30,False,False,0.22449544072151184,0.005611016065813601,0.0021316231153226304,0.6711479170480743,46,3,16,16,False,
finegym,val,aN9hSsP6xTg_E_001640_001834_A_0041_0042,data/FineGym_data/videos/val/26/aN9hSsP6xTg_E_001640_001834_A_0041_0042.mp4,26,16,100,16,21,False,True,0.10559232532978058,0.007919278927147388,0.0021316231153226304,0.6636969989631325,31,2,16,16,False,
finegym,val,e3EsDlpNo0c_E_005706_005810_A_0082_0083,data/FineGym_data/videos/val/26/e3EsDlpNo0c_E_005706_005810_A_0082_0083.mp4,26,16,100,16,26,True,True,0.15833817422389984,0.007436621002852917,0.0021316231153226304,0.6540561810834333,32,2,16,16,False,
finegym,val,aN3PC4tJokk_E_004100_004199_A_0030_0032,data/FineGym_data/videos/val/27/aN3PC4tJokk_E_004100_004199_A_0030_0032.mp4,27,16,100,16,16,False,False,0.36096081137657166,0.004911149968393147,0.0021316231153226304,0.6455755060305819,46,3,16,16,False,
finegym,val,aN9hSsP6xTg_E_000932_001038_A_0036_0038,data/FineGym_data/videos/val/27/aN9hSsP6xTg_E_000932_001038_A_0036_0038.mp4,27,16,100,16,11,False,False,0.18375802040100098,0.004778028931468725,0.0021316231153226304,0.6394129229011014,47,3,16,16,False,
finegym,val,AZ4wWG6Rcak_E_002529_002628_A_0067_0069,data/FineGym_data/videos/val/27/AZ4wWG6Rcak_E_002529_002628_A_0067_0069.mp4,27,16,100,16,25,False,False,0.12545907497406006,0.005256308941170573,0.0021316231153226304,0.6340897269546986,53,4,16,16,False,
finegym,val,e3EsDlpNo0c_E_004671_004771_A_0038_0039,data/FineGym_data/videos/val/27/e3EsDlpNo0c_E_004671_004771_A_0038_0039.mp4,27,16,100,16,16,False,False,0.2623095214366913,0.004137282958254218,0.0021316231153226304,0.6277063079178333,38,3,16,16,False,
finegym,val,EKb2MMJSoeI_E_001694_001791_A_0065_0066,data/FineGym_data/videos/val/27/EKb2MMJSoeI_E_001694_001791_A_0065_0066.mp4,27,16,100,16,16,False,False,0.11649679392576218,0.003947446937672794,0.0021316231153226304,0.6227264900226146,37,3,16,16,False,
finegym,val,aEZbP-Yephw_E_001131_001234_A_0092_0093,data/FineGym_data/videos/val/27/aEZbP-Yephw_E_001131_001234_A_0092_0093.mp4,27,16,100,16,30,False,True,0.1253070831298828,0.0037561870412901044,0.0021316231153226304,0.6179820329416543,28,2,16,16,False,
finegym,val,BLzs5opw8uM_E_003725_003827_A_0030_0032,data/FineGym_data/videos/val/27/BLzs5opw8uM_E_003725_003827_A_0030_0032.mp4,27,16,100,16,16,False,False,0.2611123323440552,0.004741581040434539,0.0021316231153226304,0.6134505679365247,60,4,16,16,False,
finegym,val,AZ4wWG6Rcak_E_009215_009318_A_0084_0086,data/FineGym_data/videos/val/27/AZ4wWG6Rcak_E_009215_009318_A_0084_0086.mp4,27,16,100,16,25,False,False,0.3248485028743744,0.005051132990047336,0.0021316231153226304,0.6079061380587518,56,4,16,16,False,
finegym,val,esQQbBhuXbM_E_005908_006008_A_0025_0027,data/FineGym_data/videos/val/27/esQQbBhuXbM_E_005908_006008_A_0025_0027.mp4,27,16,100,16,16,False,False,0.1511905938386917,0.00361282704398036,0.0021316231153226304,0.6022248190129176,41,3,16,16,False,
finegym,val,E3AHJ6-QS8M_E_002634_002733_A_0063_0064,data/FineGym_data/videos/val/27/E3AHJ6-QS8M_E_002634_002733_A_0063_0064.mp4,27,16,100,16,29,False,False,0.13195233047008514,0.0036972160451114178,0.0021316231153226304,0.5981362060410902,24,2,16,16,False,
finegym,val,aEZbP-Yephw_E_000849_000949_A_0018_0019,data/FineGym_data/videos/val/27/aEZbP-Yephw_E_000849_000949_A_0018_0019.mp4,27,16,100,16,35,False,False,0.25069496035575867,0.0034038039157167077,0.0021316231153226304,0.5939771319972351,22,2,16,16,False,
finegym,val,aN9hSsP6xTg_E_000327_000429_A_0016_0018,data/FineGym_data/videos/val/27/aN9hSsP6xTg_E_000327_000429_A_0016_0018.mp4,27,16,100,16,16,False,False,0.1572595238685608,0.003969697980210185,0.0021316231153226304,0.5901388409547508,49,4,16,16,False,
finegym,val,cSh74jSRht8_E_004401_004506_A_0044_0045,data/FineGym_data/videos/val/27/cSh74jSRht8_E_004401_004506_A_0044_0045.mp4,27,16,100,16,14,False,False,0.19901815056800842,0.0034217879874631763,0.0021316231153226304,0.5857314890017733,36,3,16,16,False,
finegym,val,CkNz9ZIQmZI_E_007814_007922_A_0046_0047,data/FineGym_data/videos/val/27/CkNz9ZIQmZI_E_007814_007922_A_0046_0047.mp4,27,16,100,16,14,False,False,0.149764284491539,0.0036318929633125663,0.0021316231153226304,0.5818813160294667,38,3,16,16,False,
finegym,val,EKb2MMJSoeI_E_001913_002012_A_0071_0072,data/FineGym_data/videos/val/27/EKb2MMJSoeI_E_001913_002012_A_0071_0072.mp4,27,16,100,16,16,False,False,0.21491903066635132,0.004579595988616347,0.0021316231153226304,0.5773667719913647,43,3,16,16,False,
finegym,val,aEZbP-Yephw_E_005181_005281_A_0026_0028,data/FineGym_data/videos/val/28/aEZbP-Yephw_E_005181_005281_A_0026_0028.mp4,28,16,100,16,16,False,True,0.4118884801864624,0.004991661058738828,0.0021316231153226304,0.5720053350087255,49,4,16,16,False,
finegym,val,CkNz9ZIQmZI_E_007103_007202_A_0057_0059,data/FineGym_data/videos/val/28/CkNz9ZIQmZI_E_007103_007202_A_0057_0059.mp4,28,16,100,16,14,False,False,0.24108503758907318,0.00412482104729861,0.0021316231153226304,0.5662433159304783,41,3,16,16,False,
finegym,val,aEZbP-Yephw_E_001131_001234_A_0015_0016,data/FineGym_data/videos/val/28/aEZbP-Yephw_E_001131_001234_A_0015_0016.mp4,28,16,100,16,12,False,False,0.1860639452934265,0.004241921007633209,0.0021316231153226304,0.5611887159757316,20,2,16,16,False,
finegym,val,EKb2MMJSoeI_E_001694_001791_A_0028_0029,data/FineGym_data/videos/val/28/EKb2MMJSoeI_E_001694_001791_A_0028_0029.mp4,28,16,100,16,40,False,False,0.11135654896497726,0.0037264199927449226,0.0021316231153226304,0.5564185018884018,34,3,16,16,False,
finegym,val,DTedv-hhHU4_E_002197_002298_A_0046_0047,data/FineGym_data/videos/val/28/DTedv-hhHU4_E_002197_002298_A_0046_0047.mp4,28,16,100,16,21,False,False,0.13526424765586853,0.005266817985102534,0.002245839770087817,0.8463367559015751,34,3,16,16,False,
finegym,val,dqUNtY2GwW4_E_003377_003473_A_0068_0069,data/FineGym_data/videos/val/28/dqUNtY2GwW4_E_003377_003473_A_0068_0069.mp4,28,16,100,16,16,False,True,0.2885265350341797,0.0036154320696368814,0.002245839770087817,0.8402453160379082,28,2,16,16,False,
finegym,val,E3AHJ6-QS8M_E_005894_006001_A_0061_0062,data/FineGym_data/videos/val/28/E3AHJ6-QS8M_E_005894_006001_A_0061_0062.mp4,28,16,100,16,16,False,True,0.15044385194778442,0.0037362389266490936,0.002245839770087817,0.8358923359774053,23,2,16,16,False,
finegym,val,CkNz9ZIQmZI_E_006859_006958_A_0038_0040,data/FineGym_data/videos/val/28/CkNz9ZIQmZI_E_006859_006958_A_0038_0040.mp4,28,16,100,16,14,False,False,0.19037143886089325,0.005149236996658146,0.002245839770087817,0.8314243999775499,63,4,16,16,False,
finegym,val,AZ4wWG6Rcak_E_005492_005593_A_0093_0094,data/FineGym_data/videos/val/28/AZ4wWG6Rcak_E_005492_005593_A_0093_0094.mp4,28,16,100,16,21,False,True,0.42852622270584106,0.002969836932606995,0.002245839770087817,0.8254272879566997,36,3,16,16,False,
finegym,val,E3AHJ6-QS8M_E_004206_004316_A_0063_0065,data/FineGym_data/videos/val/28/E3AHJ6-QS8M_E_004206_004316_A_0063_0065.mp4,28,16,100,16,30,False,True,0.4009018838405609,0.0038206070894375443,0.002245839770087817,0.8217368850018829,34,3,16,16,False,
finegym,val,BLzs5opw8uM_E_000201_000302_A_0062_0063,data/FineGym_data/videos/val/28/BLzs5opw8uM_E_000201_000302_A_0062_0063.mp4,28,16,100,16,16,False,False,0.11886578798294067,0.004221703042276204,0.002245839770087817,0.8171908430522308,40,3,16,16,False,
finegym,val,esQQbBhuXbM_E_001856_001954_A_0034_0035,data/FineGym_data/videos/val/28/esQQbBhuXbM_E_001856_001954_A_0034_0035.mp4,28,16,100,16,11,False,False,0.4360598623752594,0.002437786082737148,0.002245839770087817,0.8122393978992477,29,2,16,16,False,
finegym,val,0LtLS9wROrk_E_002843_002945_A_0038_0038,data/FineGym_data/videos/val/28/0LtLS9wROrk_E_002843_002945_A_0038_0038.mp4,28,16,100,16,14,False,True,0.08918208628892899,0.0028490700060501695,0.002245839770087817,0.8090553769143298,19,2,16,16,False,
finegym,val,0LtLS9wROrk_E_007962_008052_A_0041_0042,data/FineGym_data/videos/val/28/0LtLS9wROrk_E_007962_008052_A_0041_0042.mp4,28,16,100,16,26,False,False,0.09272479265928268,0.003169653005897999,0.002245839770087817,0.805538690998219,20,2,16,16,False,
finegym,val,E3AHJ6-QS8M_E_005168_005260_A_0084_0085,data/FineGym_data/videos/val/28/E3AHJ6-QS8M_E_005168_005260_A_0084_0085.mp4,28,16,100,16,30,False,False,0.15606975555419922,0.003414683975279331,0.002245839770087817,0.8016927450662479,29,2,16,16,False,
finegym,val,aN9hSsP6xTg_E_001042_001140_A_0049_0051,data/FineGym_data/videos/val/28/aN9hSsP6xTg_E_001042_001140_A_0049_0051.mp4,28,16,100,16,28,True,True,0.03753193840384483,0.0033539000432938337,0.002245839770087817,0.7974991860101,48,3,16,16,False,
finegym,val,A0xAXXysHUo_E_004694_004791_A_0025_0027,data/FineGym_data/videos/val/28/A0xAXXysHUo_E_004694_004791_A_0025_0027.mp4,28,16,100,16,30,False,True,0.3519517481327057,0.004351807991042733,0.002245839770087817,0.7933885019738227,52,4,16,16,False,
finegym,val,BQhX6F3gpp8_E_007119_007222_A_0032_0033,data/FineGym_data/videos/val/28/BQhX6F3gpp8_E_007119_007222_A_0032_0033.mp4,28,16,100,16,35,False,False,0.17956005036830902,0.003664082963950932,0.002245839770087817,0.7882940178969875,32,2,16,16,False,
finegym,val,0LtLS9wROrk_E_005885_005983_A_0058_0060,data/FineGym_data/videos/val/28/0LtLS9wROrk_E_005885_005983_A_0058_0060.mp4,28,16,100,16,12,False,False,0.06573924422264099,0.004958749050274491,0.002245839770087817,0.7840170420240611,42,3,16,16,False,
finegym,val,0LtLS9wROrk_E_007013_007109_A_0083_0085,data/FineGym_data/videos/val/28/0LtLS9wROrk_E_007013_007109_A_0083_0085.mp4,28,16,100,16,30,False,True,0.2811824083328247,0.004635161021724343,0.002245839770087817,0.7783475950127468,41,3,16,16,False,
finegym,val,0LtLS9wROrk_E_007340_007433_A_0079_0080,data/FineGym_data/videos/val/29/0LtLS9wROrk_E_007340_007433_A_0079_0080.mp4,29,16,100,16,30,False,True,0.615623414516449,0.004100644960999489,0.002245839770087817,0.7729398920200765,40,3,16,16,False,
finegym,val,aN9hSsP6xTg_E_000547_000651_A_0016_0018,data/FineGym_data/videos/val/29/aN9hSsP6xTg_E_000547_000651_A_0016_0018.mp4,29,16,100,16,11,False,False,0.11280862241983414,0.0028545199893414974,0.002245839770087817,0.7680044260341674,30,2,16,16,False,
finegym,val,0LtLS9wROrk_E_004572_004670_A_0053_0055,data/FineGym_data/videos/val/29/0LtLS9wROrk_E_004572_004670_A_0053_0055.mp4,29,16,100,16,30,False,True,0.19871176779270172,0.004450773005373776,0.002245839770087817,0.76432233909145,37,3,16,16,False,
finegym,val,e3EsDlpNo0c_E_006102_006204_A_0036_0038,data/FineGym_data/videos/val/29/e3EsDlpNo0c_E_006102_006204_A_0036_0038.mp4,29,16,100,16,16,False,False,0.1686582714319229,0.003218283993192017,0.002245839770087817,0.7593014829326421,35,3,16,16,False,
finegym,val,0LtLS9wROrk_E_007629_007726_A_0054_0056,data/FineGym_data/videos/val/29/0LtLS9wROrk_E_007629_007726_A_0054_0056.mp4,29,16,100,16,40,False,True,0.09020068496465683,0.004462235025130212,0.002245839770087817,0.7556816940195858,56,4,16,16,False,
finegym,val,DyZ2qj6x1UE_E_004939_005041_A_0054_0055,data/FineGym_data/videos/val/29/DyZ2qj6x1UE_E_004939_005041_A_0054_0055.mp4,29,16,100,16,14,False,False,0.11448314785957336,0.00408146798145026,0.002245839770087817,0.7508003989933059,32,2,16,16,False,
finegym,val,BLzs5opw8uM_E_003532_003625_A_0061_0062,data/FineGym_data/videos/val/29/BLzs5opw8uM_E_003532_003625_A_0061_0062.mp4,29,16,100,16,30,False,True,0.14645051956176758,0.005376084009185433,0.002245839770087817,0.745966515969485,48,3,16,16,False,
finegym,val,e3EsDlpNo0c_E_002490_002586_A_0057_0058,data/FineGym_data/videos/val/29/e3EsDlpNo0c_E_002490_002586_A_0057_0058.mp4,29,16,100,16,25,False,False,0.3267437517642975,0.002421795972622931,0.002245839770087817,0.7398315340979025,23,2,16,16,False,
finegym,val,A0xAXXysHUo_E_003435_003534_A_0069_0070,data/FineGym_data/videos/val/30/A0xAXXysHUo_E_003435_003534_A_0069_0070.mp4,30,16,100,16,23,False,True,0.17060184478759766,0.003764963010326028,0.002245839770087817,0.7367115239612758,33,3,16,16,False,
finegym,val,C5Yfd1IWjmM_E_001396_001513_A_0021_0023,data/FineGym_data/videos/val/30/C5Yfd1IWjmM_E_001396_001513_A_0021_0023.mp4,30,16,100,16,30,True,True,0.43505585193634033,0.0033134330296888947,0.002245839770087817,0.7322338300291449,45,3,16,16,False,
finegym,val,AZ4wWG6Rcak_E_005492_005593_A_0092_0093,data/FineGym_data/videos/val/30/AZ4wWG6Rcak_E_005492_005593_A_0092_0093.mp4,30,16,100,16,14,False,False,0.22391393780708313,0.002023457083851099,0.002245839770087817,0.7281339360633865,14,1,16,16,False,
finegym,val,EKb2MMJSoeI_E_001528_001626_A_0033_0034,data/FineGym_data/videos/val/30/EKb2MMJSoeI_E_001528_001626_A_0033_0034.mp4,30,16,100,16,30,True,True,0.11480716615915298,0.0034830529475584626,0.002245839770087817,0.7253556699724868,33,3,16,16,False,
finegym,val,0LtLS9wROrk_E_002558_002653_A_0052_0054,data/FineGym_data/videos/val/30/0LtLS9wROrk_E_002558_002653_A_0052_0054.mp4,30,16,100,16,29,False,True,0.12044838815927505,0.0034827120834961534,0.002245839770087817,0.7211475629592314,40,3,16,16,False,
finegym,val,BLzs5opw8uM_E_002952_003051_A_0067_0068,data/FineGym_data/videos/val/30/BLzs5opw8uM_E_002952_003051_A_0067_0068.mp4,30,16,100,16,16,False,True,0.1085847020149231,0.003948047058656812,0.002245839770087817,0.7169372509233654,38,3,16,16,False,
finegym,val,CkNz9ZIQmZI_E_007814_007922_A_0080_0082,data/FineGym_data/videos/val/30/CkNz9ZIQmZI_E_007814_007922_A_0080_0082.mp4,30,16,100,16,95,False,False,0.25347957015037537,0.003726070048287511,0.002245839770087817,0.7122327309334651,30,2,16,16,False,
finegym,val,DTedv-hhHU4_E_000795_000904_A_0026_0027,data/FineGym_data/videos/val/30/DTedv-hhHU4_E_000795_000904_A_0026_0027.mp4,30,16,100,16,30,True,True,0.3209697902202606,0.0031825280748307705,0.002245839770087817,0.7077538140583783,33,3,16,16,False,
finegym,val,BLzs5opw8uM_E_003725_003827_A_0017_0018,data/FineGym_data/videos/val/30/BLzs5opw8uM_E_003725_003827_A_0017_0018.mp4,30,16,100,16,23,False,False,0.1628318727016449,0.0032327419612556696,0.002245839770087817,0.7038618619553745,16,1,16,16,False,
finegym,val,cSh74jSRht8_E_004401_004506_A_0077_0079,data/FineGym_data/videos/val/30/cSh74jSRht8_E_004401_004506_A_0077_0079.mp4,30,16,100,16,95,False,False,0.10076380521059036,0.0032154300715774298,0.002245839770087817,0.6999214689712971,29,2,16,16,False,
finegym,val,0LtLS9wROrk_E_004267_004364_A_0085_0087,data/FineGym_data/videos/val/30/0LtLS9wROrk_E_004267_004364_A_0085_0087.mp4,30,16,100,16,25,False,True,0.07087326049804688,0.00349971407558769,0.002245839770087817,0.6958991420688108,34,3,16,16,False,
finegym,val,0LtLS9wROrk_E_006690_006788_A_0048_0049,data/FineGym_data/videos/val/30/0LtLS9wROrk_E_006690_006788_A_0048_0049.mp4,30,16,100,16,21,False,True,0.11810632050037384,0.003432396915741265,0.002245839770087817,0.691672571003437,37,3,16,16,False,
finegym,val,0LtLS9wROrk_E_007013_007109_A_0082_0083,data/FineGym_data/videos/val/30/0LtLS9wROrk_E_007013_007109_A_0082_0083.mp4,30,16,100,16,30,True,True,0.5252459049224854,0.0030339070362970233,0.002245839770087817,0.6875191970029846,22,2,16,16,False,
finegym,val,0LtLS9wROrk_E_004902_005000_A_0052_0053,data/FineGym_data/videos/val/30/0LtLS9wROrk_E_004902_005000_A_0052_0053.mp4,30,16,100,16,29,False,True,0.16661792993545532,0.003046841942705214,0.002245839770087817,0.6837816350162029,21,2,16,16,False,
finegym,val,CUuRl0Bwbbc_E_004433_004533_A_0059_0060,data/FineGym_data/videos/val/30/CUuRl0Bwbbc_E_004433_004533_A_0059_0060.mp4,30,16,100,16,16,False,True,0.2614447772502899,0.003389597055502236,0.002245839770087817,0.6800486010033637,35,3,16,16,False,
finegym,val,aN9hSsP6xTg_E_000327_000429_A_0028_0029,data/FineGym_data/videos/val/30/aN9hSsP6xTg_E_000327_000429_A_0028_0029.mp4,30,16,100,16,25,False,True,0.28070569038391113,0.0029274180997163057,0.002245839770087817,0.6759410540107638,27,2,16,16,False,
finegym,val,0LtLS9wROrk_E_005208_005307_A_0088_0089,data/FineGym_data/videos/val/30/0LtLS9wROrk_E_005208_005307_A_0088_0089.mp4,30,16,100,16,30,True,True,0.4200514853000641,0.0030539960134774446,0.002245839770087817,0.6722952249692753,32,2,16,16,False,
finegym,val,e3EsDlpNo0c_E_004350_004455_A_0023_0024,data/FineGym_data/videos/val/30/e3EsDlpNo0c_E_004350_004455_A_0023_0024.mp4,30,16,100,16,12,False,True,0.0938844233751297,0.003875510999932885,0.002245839770087817,0.6685579130426049,37,3,16,16,False,
finegym,val,aN9hSsP6xTg_E_001146_001246_A_0066_0067,data/FineGym_data/videos/val/30/aN9hSsP6xTg_E_001146_001246_A_0066_0067.mp4,30,16,100,16,16,False,True,0.22604547441005707,0.0027842780109494925,0.002245839770087817,0.6637582940747961,19,2,16,16,False,
finegym,val,E3AHJ6-QS8M_E_002634_002733_A_0022_0023,data/FineGym_data/videos/val/30/E3AHJ6-QS8M_E_002634_002733_A_0022_0023.mp4,30,16,100,16,30,True,True,0.3156013786792755,0.0035269749350845814,0.002245839770087817,0.6602746710414067,21,2,16,16,False,
finegym,val,fDa0HpoXES4_E_000304_000408_A_0020_0022,data/FineGym_data/videos/val/31/fDa0HpoXES4_E_000304_000408_A_0020_0022.mp4,31,16,100,16,40,False,False,0.11080855131149292,0.0036462900461629033,0.002245839770087817,0.6560397429857403,46,3,16,16,False,
finegym,val,aN9hSsP6xTg_E_002823_002928_A_0020_0021,data/FineGym_data/videos/val/31/aN9hSsP6xTg_E_002823_002928_A_0020_0021.mp4,31,16,100,16,37,False,True,0.0630398765206337,0.003820598009042442,0.002245839770087817,0.6515654349932447,40,3,16,16,False,
finegym,val,aN3PC4tJokk_E_004346_004452_A_0037_0039,data/FineGym_data/videos/val/31/aN3PC4tJokk_E_004346_004452_A_0037_0039.mp4,31,16,100,16,16,False,False,0.16179431974887848,0.005120013025589287,0.002245839770087817,0.647119760978967,54,4,16,16,False,
finegym,val,e3EsDlpNo0c_E_006853_006954_A_0016_0018,data/FineGym_data/videos/val/31/e3EsDlpNo0c_E_006853_006954_A_0016_0018.mp4,31,16,100,16,40,False,False,0.10775252431631088,0.004608309944160283,0.002245839770087817,0.6412488560890779,51,4,16,16,False,
finegym,val,DG7upbhB1bI_E_003248_003346_A_0016_0018,data/FineGym_data/videos/val/31/DG7upbhB1bI_E_003248_003346_A_0016_0018.mp4,31,16,100,16,29,False,False,0.08627935498952866,0.0033770230365917087,0.002245839770087817,0.6358861170010641,47,3,16,16,False,
finegym,val,DTedv-hhHU4_E_000795_000904_A_0072_0074,data/FineGym_data/videos/val/31/DTedv-hhHU4_E_000795_000904_A_0072_0074.mp4,31,16,100,16,37,False,False,0.11021309345960617,0.003500976017676294,0.002245839770087817,0.6317652040161192,46,3,16,16,False,
finegym,val,e3EsDlpNo0c_E_006401_006501_A_0017_0018,data/FineGym_data/videos/val/31/e3EsDlpNo0c_E_006401_006501_A_0017_0018.mp4,31,16,100,16,16,False,False,0.13421975076198578,0.0035538460360839963,0.002245839770087817,0.6275331319775432,58,4,16,16,False,
finegym,val,0LtLS9wROrk_E_003773_003867_A_0016_0018,data/FineGym_data/videos/val/31/0LtLS9wROrk_E_003773_003867_A_0016_0018.mp4,31,16,100,16,31,True,True,0.042463965713977814,0.005210643052123487,0.002245839770087817,0.6231848220340908,56,4,16,16,False,
finegym,val,f-1FbFegbuQ_E_002655_002759_A_0033_0034,data/FineGym_data/videos/val/31/f-1FbFegbuQ_E_002655_002759_A_0033_0034.mp4,31,16,100,16,16,False,False,0.11979377269744873,0.005565491039305925,0.002245839770087817,0.6171453889692202,49,4,16,16,False,
finegym,val,aN9hSsP6xTg_E_000932_001038_A_0022_0024,data/FineGym_data/videos/val/31/aN9hSsP6xTg_E_000932_001038_A_0022_0024.mp4,31,16,100,16,30,False,True,0.12400231510400772,0.004668292938731611,0.002245839770087817,0.610989807988517,47,3,16,16,False,
finegym,val,aN9hSsP6xTg_E_002637_002732_A_0042_0043,data/FineGym_data/videos/val/31/aN9hSsP6xTg_E_002637_002732_A_0042_0043.mp4,31,16,100,16,11,False,False,0.1618550717830658,0.0043510060058906674,0.002245839770087817,0.60551690205466,40,3,16,16,False,
finegym,val,E3AHJ6-QS8M_E_005894_006001_A_0017_0019,data/FineGym_data/videos/val/31/E3AHJ6-QS8M_E_005894_006001_A_0017_0019.mp4,31,16,100,16,30,False,False,0.2931708097457886,0.004296913975849748,0.002245839770087817,0.6004380370723084,36,3,16,16,False,
finegym,val,dqUNtY2GwW4_E_003169_003267_A_0019_0021,data/FineGym_data/videos/val/31/dqUNtY2GwW4_E_003169_003267_A_0019_0021.mp4,31,16,100,16,30,False,False,0.13359050452709198,0.004530614009127021,0.002245839770087817,0.5953463179757819,41,3,16,16,False,
finegym,val,0LtLS9wROrk_E_007962_008052_A_0024_0026,data/FineGym_data/videos/val/31/0LtLS9wROrk_E_007962_008052_A_0024_0026.mp4,31,16,100,16,25,False,False,0.07762733101844788,0.004714449984021485,0.002245839770087817,0.5899819260230288,47,3,16,16,False,
finegym,val,BLzs5opw8uM_E_002952_003051_A_0024_0026,data/FineGym_data/videos/val/31/BLzs5opw8uM_E_002952_003051_A_0024_0026.mp4,31,16,100,16,39,False,True,0.11959497630596161,0.0057838610373437405,0.002245839770087817,0.5845867960015312,60,4,16,16,False,
finegym,val,BLzs5opw8uM_E_003532_003625_A_0015_0017,data/FineGym_data/videos/val/31/BLzs5opw8uM_E_003532_003625_A_0015_0017.mp4,31,16,100,16,30,False,False,0.10230938345193863,0.00567627907730639,0.002245839770087817,0.5779957050690427,51,4,16,16,False,
finegym,val,AZ4wWG6Rcak_E_005067_005168_A_0019_0020,data/FineGym_data/videos/val/31/AZ4wWG6Rcak_E_005067_005168_A_0019_0020.mp4,31,16,100,16,25,False,False,0.09159409999847412,0.004548746976070106,0.002245839770087817,0.5713780359365046,38,3,16,16,False,
finegym,val,eH-ZgOT8ASM_E_008833_008936_A_0019_0021,data/FineGym_data/videos/val/31/eH-ZgOT8ASM_E_008833_008936_A_0019_0021.mp4,31,16,100,16,26,False,False,0.13156476616859436,0.005029382067732513,0.002245839770087817,0.5659739789552987,57,4,16,16,False,
finegym,val,BLzs5opw8uM_E_001914_002013_A_0019_0020,data/FineGym_data/videos/val/31/BLzs5opw8uM_E_001914_002013_A_0019_0020.mp4,31,16,100,16,37,False,False,0.10073153674602509,0.0055524560157209635,0.002245839770087817,0.5600919630378485,54,4,16,16,False,
finegym,val,eH-ZgOT8ASM_E_007874_007986_A_0029_0031,data/FineGym_data/videos/val/31/eH-ZgOT8ASM_E_007874_007986_A_0029_0031.mp4,31,16,100,16,21,False,False,0.06770247220993042,0.005605304962955415,0.002245839770087817,0.5540799220325425,51,4,16,16,False,
finegym,val,BQhX6F3gpp8_E_008733_008833_A_0022_0023,data/FineGym_data/videos/val/32/BQhX6F3gpp8_E_008733_008833_A_0022_0023.mp4,32,16,100,16,12,False,False,0.130449578166008,0.00423304399009794,0.002245839770087817,0.5473847059765831,30,2,16,16,False,
finegym,val,aEZbP-Yephw_E_005181_005281_A_0091_0093,data/FineGym_data/videos/val/32/aEZbP-Yephw_E_005181_005281_A_0091_0093.mp4,32,16,100,16,31,False,False,0.061424512416124344,0.006062546046450734,0.002245839770087817,0.5422659260220826,50,4,16,16,False,
finegym,val,BLzs5opw8uM_E_003209_003313_A_0039_0041,data/FineGym_data/videos/val/32/BLzs5opw8uM_E_003209_003313_A_0039_0041.mp4,32,16,100,16,37,False,False,0.06091411039233208,0.005997834028676152,0.002245839770087817,0.5355548899387941,53,4,16,16,False,
finegym,val,E3AHJ6-QS8M_E_005894_006001_A_0026_0028,data/FineGym_data/videos/val/32/E3AHJ6-QS8M_E_005894_006001_A_0026_0028.mp4,32,16,100,16,28,False,False,0.14238695800304413,0.005146873067133129,0.002245839770087817,0.5289434120059013,42,3,16,16,False,
finegym,val,A0xAXXysHUo_E_003749_003849_A_0018_0019,data/FineGym_data/videos/val/32/A0xAXXysHUo_E_003749_003849_A_0018_0019.mp4,32,16,100,16,30,False,False,0.1689523458480835,0.004840266075916588,0.002245839770087817,0.5228457999182865,46,3,16,16,False,
finegym,val,CUuRl0Bwbbc_E_003957_004064_A_0075_0077,data/FineGym_data/videos/val/32/CUuRl0Bwbbc_E_003957_004064_A_0075_0077.mp4,32,16,100,16,16,False,False,0.1428411453962326,0.005535714095458388,0.002245839770087817,0.5174242709763348,46,3,16,16,False,
finegym,val,E3AHJ6-QS8M_E_002634_002733_A_0093_0094,data/FineGym_data/videos/val/32/E3AHJ6-QS8M_E_002634_002733_A_0093_0094.mp4,32,16,100,16,16,False,False,0.11465350538492203,0.004500045906752348,0.002245839770087817,0.5111965339165181,36,3,16,16,False,
finegym,val,E3AHJ6-QS8M_E_006283_006392_A_0027_0029,data/FineGym_data/videos/val/32/E3AHJ6-QS8M_E_006283_006392_A_0027_0029.mp4,32,16,100,16,37,False,False,0.03615399822592735,0.0050663010915741324,0.002245839770087817,0.5058669169666246,45,3,16,16,False,
finegym,val,CUuRl0Bwbbc_E_003664_003763_A_0023_0025,data/FineGym_data/videos/val/32/CUuRl0Bwbbc_E_003664_003763_A_0023_0025.mp4,32,16,100,16,30,False,False,0.23232199251651764,0.004519723006524146,0.002245839770087817,0.5003245199332014,48,3,16,16,False,
finegym,val,CUuRl0Bwbbc_E_004235_004331_A_0091_0093,data/FineGym_data/videos/val/32/CUuRl0Bwbbc_E_004235_004331_A_0091_0093.mp4,32,16,100,16,30,False,False,0.20498648285865784,0.0054935960797593,0.002245839770087817,0.4950832889880985,58,4,16,16,False,
finegym,val,E3AHJ6-QS8M_E_000552_000647_A_0019_0020,data/FineGym_data/videos/val/32/E3AHJ6-QS8M_E_000552_000647_A_0019_0020.mp4,32,16,100,16,44,False,False,0.10176510363817215,0.004107818007469177,0.002245839770087817,0.4890327969333157,30,2,16,16,False,
finegym,val,A0xAXXysHUo_E_004400_004497_A_0024_0025,data/FineGym_data/videos/val/32/A0xAXXysHUo_E_004400_004497_A_0024_0025.mp4,32,16,100,16,32,True,True,0.10893359035253525,0.004773481050506234,0.002245839770087817,0.48440683307126164,35,3,16,16,False,
finegym,val,AZ4wWG6Rcak_E_005067_005168_A_0073_0075,data/FineGym_data/videos/val/32/AZ4wWG6Rcak_E_005067_005168_A_0073_0075.mp4,32,16,100,16,40,False,True,0.16150373220443726,0.003856424940750003,0.002245839770087817,0.4788688049884513,52,4,16,16,False,
finegym,val,AZ4wWG6Rcak_E_005289_005394_A_0046_0047,data/FineGym_data/videos/val/32/AZ4wWG6Rcak_E_005289_005394_A_0046_0047.mp4,32,16,100,16,32,True,True,0.5913698673248291,0.004396751988679171,0.002245839770087817,0.4742358789080754,47,3,16,16,False,
finegym,val,AZ4wWG6Rcak_E_002529_002628_A_0036_0038,data/FineGym_data/videos/val/32/AZ4wWG6Rcak_E_002529_002628_A_0036_0038.mp4,32,16,100,16,30,False,False,0.13748076558113098,0.005194733035750687,0.002245839770087817,0.4693197599845007,58,4,16,16,False,
finegym,val,E3AHJ6-QS8M_E_001717_001809_A_0028_0029,data/FineGym_data/videos/val/32/E3AHJ6-QS8M_E_001717_001809_A_0028_0029.mp4,32,16,100,16,30,False,False,0.18407650291919708,0.004739916999824345,0.002245839770087817,0.4635049100033939,36,3,16,16,False,
finegym,val,E3AHJ6-QS8M_E_006496_006600_A_0033_0035,data/FineGym_data/videos/val/32/E3AHJ6-QS8M_E_006496_006600_A_0033_0035.mp4,32,16,100,16,30,False,False,0.5712136626243591,0.004794931039214134,0.002245839770087817,0.4581564780091867,37,3,16,16,False,
finegym,val,AZ4wWG6Rcak_E_002768_002869_A_0025_0027,data/FineGym_data/videos/val/32/AZ4wWG6Rcak_E_002768_002869_A_0025_0027.mp4,32,16,100,16,40,False,False,0.18234823644161224,0.0044145750580355525,0.002245839770087817,0.45288060104940087,45,3,16,16,False,
finegym,val,aN3PC4tJokk_E_004599_004701_A_0028_0030,data/FineGym_data/videos/val/32/aN3PC4tJokk_E_004599_004701_A_0028_0030.mp4,32,16,100,16,28,False,False,0.30594688653945923,0.00502862106077373,0.002245839770087817,0.4476286310236901,45,3,16,16,False,
finegym,val,aEZbP-Yephw_E_002668_002777_A_0022_0023,data/FineGym_data/videos/val/32/aEZbP-Yephw_E_002668_002777_A_0022_0023.mp4,32,16,100,16,28,False,False,0.19382750988006592,0.003978374996222556,0.002245839770087817,0.44200081296730787,36,3,16,16,False,
finegym,val,CkNz9ZIQmZI_E_008093_008190_A_0045_0047,data/FineGym_data/videos/val/33/CkNz9ZIQmZI_E_008093_008190_A_0045_0047.mp4,33,16,100,16,11,False,False,0.08874626457691193,0.004595084930770099,0.002245839770087817,0.43743949197232723,45,3,16,16,False,
finegym,val,aN3PC4tJokk_E_003860_003960_A_0029_0030,data/FineGym_data/videos/val/33/aN3PC4tJokk_E_003860_003960_A_0029_0030.mp4,33,16,100,16,16,False,False,0.29987484216690063,0.004000326036475599,0.002245839770087817,0.43239444005303085,40,3,16,16,False,
finegym,val,A0xAXXysHUo_E_003897_003995_A_0071_0073,data/FineGym_data/videos/val/33/A0xAXXysHUo_E_003897_003995_A_0071_0073.mp4,33,16,100,16,16,False,False,0.24668580293655396,0.005761448992416263,0.002245839770087817,0.42792126501444727,63,4,16,16,False,
finegym,val,cSh74jSRht8_E_003069_003166_A_0090_0092,data/FineGym_data/videos/val/33/cSh74jSRht8_E_003069_003166_A_0090_0092.mp4,33,16,100,16,14,False,False,0.10653384774923325,0.004299257998354733,0.002245839770087817,0.42149997397791594,38,3,16,16,False,
finegym,val,CkNz9ZIQmZI_E_006859_006958_A_0063_0065,data/FineGym_data/videos/val/33/CkNz9ZIQmZI_E_006859_006958_A_0063_0065.mp4,33,16,100,16,14,False,False,0.24992090463638306,0.005086970049887896,0.002245839770087817,0.41639428900089115,45,3,16,16,False,
finegym,val,CkNz9ZIQmZI_E_007814_007922_A_0101_0102,data/FineGym_data/videos/val/33/CkNz9ZIQmZI_E_007814_007922_A_0101_0102.mp4,33,16,100,16,40,False,False,0.10379967093467712,0.004352777963504195,0.002245839770087817,0.41052914410829544,38,3,16,16,False,
finegym,val,AZ4wWG6Rcak_E_005289_005394_A_0080_0081,data/FineGym_data/videos/val/33/AZ4wWG6Rcak_E_005289_005394_A_0080_0081.mp4,33,16,100,16,25,False,False,0.19779369235038757,0.003868207917548716,0.002245839770087817,0.40571717103011906,43,3,16,16,False,
finegym,val,AZ4wWG6Rcak_E_002768_002869_A_0077_0079,data/FineGym_data/videos/val/33/AZ4wWG6Rcak_E_002768_002869_A_0077_0079.mp4,33,16,100,16,21,False,False,0.3049022853374481,0.004016726976260543,0.002245839770087817,0.40105765499174595,39,3,16,16,False,
finegym,val,cSh74jSRht8_E_004401_004506_A_0098_0100,data/FineGym_data/videos/val/33/cSh74jSRht8_E_004401_004506_A_0098_0100.mp4,33,16,100,16,32,False,False,0.1919948160648346,0.005040953983552754,0.002245839770087817,0.39605456206481904,39,3,16,16,False,
finegym,val,CUuRl0Bwbbc_E_003664_003763_A_0069_0071,data/FineGym_data/videos/val/33/CUuRl0Bwbbc_E_003664_003763_A_0069_0071.mp4,33,16,100,16,16,False,False,0.3627324104309082,0.005366727011278272,0.002245839770087817,0.39029870403464884,43,3,16,16,False,
finegym,val,CkNz9ZIQmZI_E_007316_007416_A_0041_0042,data/FineGym_data/videos/val/33/CkNz9ZIQmZI_E_007316_007416_A_0041_0042.mp4,33,16,100,16,14,False,False,0.2748414874076843,0.00440887501463294,0.002245839770087817,0.3840272760717198,37,3,16,16,False,
finegym,val,DyZ2qj6x1UE_E_003507_003612_A_0085_0086,data/FineGym_data/videos/val/33/DyZ2qj6x1UE_E_003507_003612_A_0085_0086.mp4,33,16,100,16,21,False,False,0.6049268245697021,0.005352780921384692,0.002245839770087817,0.37880075303837657,37,3,16,16,False,
finegym,val,BLzs5opw8uM_E_003532_003625_A_0035_0036,data/FineGym_data/videos/val/33/BLzs5opw8uM_E_003532_003625_A_0035_0036.mp4,33,16,100,16,14,False,False,0.23078510165214539,0.005151361925527453,0.002082649208508277,0.8129410670371726,30,2,16,16,False,
finegym,val,CkNz9ZIQmZI_E_007103_007202_A_0087_0090,data/FineGym_data/videos/val/33/CkNz9ZIQmZI_E_007103_007202_A_0087_0090.mp4,33,16,100,16,14,False,False,0.15852642059326172,0.0059327909257262945,0.002082649208508277,0.8069334350293502,61,4,16,16,False,
finegym,val,CUuRl0Bwbbc_E_003495_003598_A_0072_0073,data/FineGym_data/videos/val/34/CUuRl0Bwbbc_E_003495_003598_A_0072_0073.mp4,34,16,100,16,35,False,False,0.23185288906097412,0.003977642976678908,0.002082649208508277,0.8001659230794758,28,2,16,16,False,
finegym,val,e3EsDlpNo0c_E_008138_008242_A_0075_0077,data/FineGym_data/videos/val/34/e3EsDlpNo0c_E_008138_008242_A_0075_0077.mp4,34,16,100,16,16,False,False,0.31066635251045227,0.0033240640768781304,0.002082649208508277,0.795745256007649,52,4,16,16,False,
finegym,val,eH-ZgOT8ASM_E_008334_008443_A_0083_0084,data/FineGym_data/videos/val/34/eH-ZgOT8ASM_E_008334_008443_A_0083_0084.mp4,34,16,100,16,14,False,False,0.1639244258403778,0.0029530059546232224,0.002082649208508277,0.7920157499611378,23,2,16,16,False,
finegym,val,e3EsDlpNo0c_E_007845_007946_A_0093_0095,data/FineGym_data/videos/val/34/e3EsDlpNo0c_E_007845_007946_A_0093_0095.mp4,34,16,100,16,28,False,False,0.37131690979003906,0.003020422998815775,0.002082649208508277,0.7885865279240534,46,3,16,16,False,
finegym,val,CkNz9ZIQmZI_E_006383_006487_A_0047_0048,data/FineGym_data/videos/val/34/CkNz9ZIQmZI_E_006383_006487_A_0047_0048.mp4,34,16,100,16,95,False,False,0.34164395928382874,0.0028892960399389267,0.002082649208508277,0.7851031849859282,24,2,16,16,False,
finegym,val,E3AHJ6-QS8M_E_004206_004316_A_0035_0036,data/FineGym_data/videos/val/34/E3AHJ6-QS8M_E_004206_004316_A_0035_0036.mp4,34,16,100,16,57,False,False,0.059498317539691925,0.0034156159963458776,0.002082649208508277,0.78183596895542,22,2,16,16,False,
finegym,val,E3AHJ6-QS8M_E_003321_003427_A_0100_0101,data/FineGym_data/videos/val/34/E3AHJ6-QS8M_E_003321_003427_A_0100_0101.mp4,34,16,100,16,14,False,True,0.11785239726305008,0.003336146008223295,0.002082649208508277,0.7780244479654357,27,2,16,16,False,
finegym,val,E3AHJ6-QS8M_E_002634_002733_A_0021_0022,data/FineGym_data/videos/val/34/E3AHJ6-QS8M_E_002634_002733_A_0021_0022.mp4,34,16,100,16,43,False,False,0.08305935561656952,0.0033447829773649573,0.002082649208508277,0.7742771880002692,19,2,16,16,False,
finegym,val,EFvDqOF1sCk_E_002657_002760_A_0039_0040,data/FineGym_data/videos/val/34/EFvDqOF1sCk_E_002657_002760_A_0039_0040.mp4,34,16,100,16,14,False,False,0.17438256740570068,0.003376402077265084,0.002082649208508277,0.7705464089522138,22,2,16,16,False,
finegym,val,CkNz9ZIQmZI_E_007578_007683_A_0027_0028,data/FineGym_data/videos/val/34/CkNz9ZIQmZI_E_007578_007683_A_0027_0028.mp4,34,16,100,16,14,False,False,0.16232499480247498,0.004330947995185852,0.002082649208508277,0.7663284929003567,23,2,16,16,False,
finegym,val,CUuRl0Bwbbc_E_003247_003355_A_0039_0040,data/FineGym_data/videos/val/34/CUuRl0Bwbbc_E_003247_003355_A_0039_0040.mp4,34,16,100,16,30,False,False,0.30767759680747986,0.0037878960138186812,0.002082649208508277,0.761272591073066,34,3,16,16,False,
finegym,val,A0xAXXysHUo_E_004694_004791_A_0024_0025,data/FineGym_data/videos/val/34/A0xAXXysHUo_E_004694_004791_A_0024_0025.mp4,34,16,100,16,35,False,False,0.30269408226013184,0.003303925972431898,0.002082649208508277,0.7567322789691389,26,2,16,16,False,
finegym,val,aEZbP-Yephw_E_001131_001234_A_0017_0018,data/FineGym_data/videos/val/34/aEZbP-Yephw_E_001131_001234_A_0017_0018.mp4,34,16,100,16,14,False,False,0.1166142001748085,0.003527114982716739,0.002082649208508277,0.7526817889884114,26,2,16,16,False,
finegym,val,BLzs5opw8uM_E_003532_003625_A_0084_0086,data/FineGym_data/videos/val/34/BLzs5opw8uM_E_003532_003625_A_0084_0086.mp4,34,16,100,16,30,False,False,0.17687317728996277,0.006271449034102261,0.002082649208508277,0.7484302000375465,70,5,16,16,False,
finegym,val,A0xAXXysHUo_E_004400_004497_A_0055_0056,data/FineGym_data/videos/val/34/A0xAXXysHUo_E_004400_004497_A_0055_0056.mp4,34,16,100,16,16,False,False,0.4336090683937073,0.00444888009224087,0.002082649208508277,0.7415764160687104,33,3,16,16,False,
finegym,val,AZ4wWG6Rcak_E_005289_005394_A_0031_0033,data/FineGym_data/videos/val/34/AZ4wWG6Rcak_E_005289_005394_A_0031_0033.mp4,34,16,100,16,25,False,False,0.23254913091659546,0.003178398939780891,0.002082649208508277,0.7367233160184696,40,3,16,16,False,
finegym,val,aN9hSsP6xTg_E_000327_000429_A_0027_0028,data/FineGym_data/videos/val/34/aN9hSsP6xTg_E_000327_000429_A_0027_0028.mp4,34,16,100,16,14,False,False,0.18018515408039093,0.002900355961173773,0.002082649208508277,0.7330101700499654,25,2,16,16,False,
finegym,val,aN9hSsP6xTg_E_001042_001140_A_0092_0093,data/FineGym_data/videos/val/34/aN9hSsP6xTg_E_001042_001140_A_0092_0093.mp4,34,16,100,16,30,False,False,0.13116632401943207,0.0033718940103426576,0.002082649208508277,0.7296787019586191,36,3,16,16,False,
finegym,val,eH-ZgOT8ASM_E_007289_007400_A_0026_0027,data/FineGym_data/videos/val/34/eH-ZgOT8ASM_E_007289_007400_A_0026_0027.mp4,34,16,100,16,14,False,False,0.20327937602996826,0.002709117019549012,0.002082649208508277,0.7259125569835305,24,2,16,16,False,
finegym,val,CUuRl0Bwbbc_E_004235_004331_A_0057_0058,data/FineGym_data/videos/val/34/CUuRl0Bwbbc_E_004235_004331_A_0057_0058.mp4,34,16,100,16,79,False,False,0.18293683230876923,0.0033237129682675004,0.002082649208508277,0.7228136580670252,30,2,16,16,False,
finegym,val,0LtLS9wROrk_E_002558_002653_A_0052_0052,data/FineGym_data/videos/val/35/0LtLS9wROrk_E_002558_002653_A_0052_0052.mp4,35,16,100,16,14,False,True,0.3568704128265381,0.0031511079287156463,0.002082649208508277,0.7189886810956523,24,2,16,16,False,
finegym,val,0LtLS9wROrk_E_005885_005983_A_0058_0058,data/FineGym_data/videos/val/35/0LtLS9wROrk_E_005885_005983_A_0058_0058.mp4,35,16,100,16,14,False,True,0.31254902482032776,0.003171144984662533,0.002082649208508277,0.7154326610034332,23,2,16,16,False,
finegym,val,aN3PC4tJokk_E_003860_003960_A_0027_0028,data/FineGym_data/videos/val/35/aN3PC4tJokk_E_003860_003960_A_0027_0028.mp4,35,16,100,16,35,True,True,0.09608901292085648,0.003310909029096365,0.002082649208508277,0.7118648680625483,24,2,16,16,False,
finegym,val,DG7upbhB1bI_E_007125_007233_A_0068_0069,data/FineGym_data/videos/val/35/DG7upbhB1bI_E_007125_007233_A_0068_0069.mp4,35,16,100,16,14,False,True,0.09827449917793274,0.002556049032136798,0.002082649208508277,0.7081466630334035,24,2,16,16,False,
finegym,val,AZ4wWG6Rcak_E_002331_002434_A_0058_0058,data/FineGym_data/videos/val/35/AZ4wWG6Rcak_E_002331_002434_A_0058_0058.mp4,35,16,100,16,14,False,False,0.14203713834285736,0.002453004941344261,0.002082649208508277,0.7051881579682231,20,2,16,16,False,
finegym,val,cSh74jSRht8_E_003847_003941_A_0051_0052,data/FineGym_data/videos/val/35/cSh74jSRht8_E_003847_003941_A_0051_0052.mp4,35,16,100,16,14,False,True,0.11109818518161774,0.002763499040156603,0.002082649208508277,0.7023472930304706,21,2,16,16,False,
finegym,val,DyZ2qj6x1UE_E_002913_003008_A_0041_0042,data/FineGym_data/videos/val/35/DyZ2qj6x1UE_E_002913_003008_A_0041_0042.mp4,35,16,100,16,14,False,False,0.15614229440689087,0.0030465320451185107,0.002082649208508277,0.6990687849465758,19,2,16,16,False,
finegym,val,aN3PC4tJokk_E_004599_004701_A_0026_0027,data/FineGym_data/videos/val/35/aN3PC4tJokk_E_004599_004701_A_0026_0027.mp4,35,16,100,16,14,False,True,0.2572348415851593,0.003400207031518221,0.002082649208508277,0.6956357460003346,26,2,16,16,False,
finegym,val,A0xAXXysHUo_E_004694_004791_A_0067_0068,data/FineGym_data/videos/val/35/A0xAXXysHUo_E_004694_004791_A_0067_0068.mp4,35,16,100,16,35,True,True,0.41534996032714844,0.003424443071708083,0.002082649208508277,0.6918197269551456,28,2,16,16,False,
finegym,val,E3AHJ6-QS8M_E_005894_006001_A_0060_0061,data/FineGym_data/videos/val/35/E3AHJ6-QS8M_E_005894_006001_A_0060_0061.mp4,35,16,100,16,30,False,False,0.1229630783200264,0.0031887589721009135,0.002082649208508277,0.6879701039288193,19,2,16,16,False,
finegym,val,DTedv-hhHU4_E_002197_002298_A_0045_0045,data/FineGym_data/videos/val/35/DTedv-hhHU4_E_002197_002298_A_0045_0045.mp4,35,16,100,16,14,False,True,0.2852064371109009,0.0031194790499284863,0.002082649208508277,0.6843968520406634,22,2,16,16,False,
finegym,val,e3EsDlpNo0c_E_002907_003007_A_0072_0073,data/FineGym_data/videos/val/35/e3EsDlpNo0c_E_002907_003007_A_0072_0073.mp4,35,16,100,16,14,False,True,0.07481611520051956,0.003046220983378589,0.002082649208508277,0.6808842939790338,26,2,16,16,False,
finegym,val,AZ4wWG6Rcak_E_005289_005394_A_0029_0030,data/FineGym_data/videos/val/35/AZ4wWG6Rcak_E_005289_005394_A_0029_0030.mp4,35,16,100,16,12,False,False,0.3701293170452118,0.0032530700555071235,0.002082649208508277,0.6773877459345385,18,2,16,16,False,
finegym,val,0LtLS9wROrk_E_004572_004670_A_0093_0094,data/FineGym_data/videos/val/35/0LtLS9wROrk_E_004572_004670_A_0093_0094.mp4,35,16,100,16,14,False,False,0.10764770209789276,0.0034743569558486342,0.002082649208508277,0.6734357909299433,23,2,16,16,False,
finegym,val,aN9hSsP6xTg_E_001146_001246_A_0065_0066,data/FineGym_data/videos/val/35/aN9hSsP6xTg_E_001146_001246_A_0065_0066.mp4,35,16,100,16,14,False,False,0.4080394208431244,0.003313494031317532,0.002082649208508277,0.6692485429812223,21,2,16,16,False,
finegym,val,AZ4wWG6Rcak_E_005867_005973_A_0017_0018,data/FineGym_data/videos/val/35/AZ4wWG6Rcak_E_005867_005973_A_0017_0018.mp4,35,16,100,16,12,False,True,0.10487936437129974,0.0030648260144516826,0.002082649208508277,0.6651670039864257,20,2,16,16,False,
finegym,val,A0xAXXysHUo_E_003435_003534_A_0026_0027,data/FineGym_data/videos/val/35/A0xAXXysHUo_E_003435_003534_A_0026_0027.mp4,35,16,100,16,35,True,True,0.2192370593547821,0.003893765970133245,0.002082649208508277,0.6615223879925907,26,2,16,16,False,
finegym,val,0LtLS9wROrk_E_006690_006788_A_0047_0048,data/FineGym_data/videos/val/35/0LtLS9wROrk_E_006690_006788_A_0047_0048.mp4,35,16,100,16,29,False,False,0.14645209908485413,0.004319205996580422,0.002082649208508277,0.6571966100018471,21,2,16,16,False,
finegym,val,E3AHJ6-QS8M_E_006283_006392_A_0025_0025,data/FineGym_data/videos/val/35/E3AHJ6-QS8M_E_006283_006392_A_0025_0025.mp4,35,16,100,16,35,True,True,0.09941902756690979,0.0034443599870428443,0.002082649208508277,0.6522260479396209,21,2,16,16,False,
finegym,val,0LtLS9wROrk_E_005208_005307_A_0087_0088,data/FineGym_data/videos/val/35/0LtLS9wROrk_E_005208_005307_A_0087_0088.mp4,35,16,100,16,35,True,True,0.3884603977203369,0.0035161349223926663,0.002082649208508277,0.6480372179066762,26,2,16,16,False,
finegym,val,A0xAXXysHUo_E_004400_004497_A_0011_0013,data/FineGym_data/videos/val/36/A0xAXXysHUo_E_004400_004497_A_0011_0013.mp4,36,16,100,16,76,False,False,0.09354189038276672,0.005024623009376228,0.002082649208508277,0.6439290380803868,55,4,16,16,False,
finegym,val,AZ4wWG6Rcak_E_008171_008275_A_0029_0031,data/FineGym_data/videos/val/36/AZ4wWG6Rcak_E_008171_008275_A_0029_0031.mp4,36,16,100,16,16,False,False,0.1053047850728035,0.005237302975729108,0.002082649208508277,0.638101615011692,51,4,16,16,False,
finegym,val,DG7upbhB1bI_E_001882_001986_A_0033_0035,data/FineGym_data/videos/val/36/DG7upbhB1bI_E_001882_001986_A_0033_0035.mp4,36,16,100,16,40,False,False,0.1012166365981102,0.0048235750291496515,0.002082649208508277,0.6319736359873787,66,5,16,16,False,
finegym,val,e3EsDlpNo0c_E_007562_007662_A_0019_0021,data/FineGym_data/videos/val/36/e3EsDlpNo0c_E_007562_007662_A_0019_0021.mp4,36,16,100,16,25,False,False,0.273355633020401,0.005619031027890742,0.002082649208508277,0.6263721679570153,59,4,16,16,False,
finegym,val,e3EsDlpNo0c_E_005706_005810_A_0069_0071,data/FineGym_data/videos/val/36/e3EsDlpNo0c_E_005706_005810_A_0069_0071.mp4,36,16,100,16,30,False,False,0.16121672093868256,0.003766617039218545,0.002082649208508277,0.6201916199643165,48,3,16,16,False,
finegym,val,aN3PC4tJokk_E_004599_004701_A_0015_0016,data/FineGym_data/videos/val/36/aN3PC4tJokk_E_004599_004701_A_0015_0016.mp4,36,16,100,16,30,False,False,0.11496999114751816,0.004798417096026242,0.002082649208508277,0.6156014850130305,51,4,16,16,False,
finegym,val,E3AHJ6-QS8M_E_006496_006600_A_0021_0023,data/FineGym_data/videos/val/36/E3AHJ6-QS8M_E_006496_006600_A_0021_0023.mp4,36,16,100,16,30,False,False,0.1619453728199005,0.004459770047105849,0.002082649208508277,0.6100373170338571,41,3,16,16,False,
finegym,val,aEZbP-Yephw_E_004754_004849_A_0006_0007,data/FineGym_data/videos/val/36/aEZbP-Yephw_E_004754_004849_A_0006_0007.mp4,36,16,100,16,16,False,False,0.10324500501155853,0.004883278044871986,0.002082649208508277,0.604800313943997,44,3,16,16,False,
finegym,val,C5Yfd1IWjmM_E_001645_001751_A_0068_0070,data/FineGym_data/videos/val/36/C5Yfd1IWjmM_E_001645_001751_A_0068_0070.mp4,36,16,100,16,37,False,False,0.11404489725828171,0.004158413968980312,0.002082649208508277,0.5990509070688859,56,4,16,16,False,
finegym,val,e3EsDlpNo0c_E_008138_008242_A_0037_0038,data/FineGym_data/videos/val/36/e3EsDlpNo0c_E_008138_008242_A_0037_0038.mp4,36,16,100,16,40,False,False,0.1367989331483841,0.0032856009202077985,0.002082649208508277,0.5941101829521358,46,3,16,16,False,
finegym,val,DG7upbhB1bI_E_001017_001123_A_0020_0023,data/FineGym_data/videos/val/36/DG7upbhB1bI_E_001017_001123_A_0020_0023.mp4,36,16,100,16,16,False,False,0.27890726923942566,0.0038130739703774452,0.002082649208508277,0.5900619259336963,69,5,16,16,False,
finegym,val,E3AHJ6-QS8M_E_001717_001809_A_0004_0005,data/FineGym_data/videos/val/36/E3AHJ6-QS8M_E_001717_001809_A_0004_0005.mp4,36,16,100,16,30,False,False,0.42348089814186096,0.004671468981541693,0.002082649208508277,0.585485787014477,41,3,16,16,False,
finegym,val,aN3PC4tJokk_E_004346_004452_A_0017_0019,data/FineGym_data/videos/val/36/aN3PC4tJokk_E_004346_004452_A_0017_0019.mp4,36,16,100,16,40,False,False,0.13059650361537933,0.004918743972666562,0.002082649208508277,0.5800543279619887,62,4,16,16,False,
finegym,val,aN9hSsP6xTg_E_002637_002732_A_0018_0020,data/FineGym_data/videos/val/36/aN9hSsP6xTg_E_002637_002732_A_0018_0020.mp4,36,16,100,16,14,False,False,0.21275517344474792,0.00340447505004704,0.002082649208508277,0.5742883710190654,44,3,16,16,False,
finegym,val,CUuRl0Bwbbc_E_004433_004533_A_0012_0014,data/FineGym_data/videos/val/36/CUuRl0Bwbbc_E_004433_004533_A_0012_0014.mp4,36,16,100,16,40,False,False,0.09755486994981766,0.0051796650514006615,0.002082649208508277,0.5701187559170648,65,5,16,16,False,
finegym,val,DTedv-hhHU4_E_001024_001129_A_0068_0070,data/FineGym_data/videos/val/36/DTedv-hhHU4_E_001024_001129_A_0068_0070.mp4,36,16,100,16,37,False,False,0.07894932478666306,0.0038474489701911807,0.002082649208508277,0.5641731709474698,49,4,16,16,False,
finegym,val,fH-VYYl9elA_E_000264_000365_A_0089_0091,data/FineGym_data/videos/val/37/fH-VYYl9elA_E_000264_000365_A_0089_0091.mp4,37,16,100,16,37,True,True,0.10942787677049637,0.004382705898024142,0.002082649208508277,0.5595730060013011,51,4,16,16,False,
finegym,val,EKb2MMJSoeI_E_001913_002012_A_0019_0020,data/FineGym_data/videos/val/37/EKb2MMJSoeI_E_001913_002012_A_0019_0020.mp4,37,16,100,16,40,False,True,0.07864151895046234,0.004068113979883492,0.002082649208508277,0.5544422640232369,47,3,16,16,False,
finegym,val,eH-ZgOT8ASM_E_007289_007400_A_0043_0045,data/FineGym_data/videos/val/37/eH-ZgOT8ASM_E_007289_007400_A_0043_0045.mp4,37,16,100,16,25,False,False,0.17108884453773499,0.003118066000752151,0.002082649208508277,0.5495939520187676,48,3,16,16,False,
finegym,val,esQQbBhuXbM_E_002103_002211_A_0026_0028,data/FineGym_data/videos/val/37/esQQbBhuXbM_E_002103_002211_A_0026_0028.mp4,37,16,100,16,9,False,False,0.08505360037088394,0.003578683012165129,0.002082649208508277,0.5457674830686301,38,3,16,16,False,
finegym,val,aEZbP-Yephw_E_004754_004849_A_0016_0017,data/FineGym_data/videos/val/37/aEZbP-Yephw_E_004754_004849_A_0016_0017.mp4,37,16,100,16,35,False,False,0.05870535969734192,0.0033998970175161958,0.002082649208508277,0.5414307540049776,27,2,16,16,False,
finegym,val,esQQbBhuXbM_E_007679_007783_A_0091_0093,data/FineGym_data/videos/val/37/esQQbBhuXbM_E_007679_007783_A_0091_0093.mp4,37,16,100,16,11,False,False,0.22325356304645538,0.003250785986892879,0.002082649208508277,0.5372967870207503,40,3,16,16,False,
finegym,val,aN9hSsP6xTg_E_002637_002732_A_0060_0062,data/FineGym_data/videos/val/37/aN9hSsP6xTg_E_002637_002732_A_0060_0062.mp4,37,16,100,16,25,False,False,0.2138248234987259,0.0033860409166663885,0.002082649208508277,0.533308092970401,40,3,16,16,False,
finegym,val,E3AHJ6-QS8M_E_006283_006392_A_0090_0091,data/FineGym_data/videos/val/37/E3AHJ6-QS8M_E_006283_006392_A_0090_0091.mp4,37,16,100,16,12,False,False,0.1698847860097885,0.00445797701831907,0.002082649208508277,0.5291578249307349,39,3,16,16,False,
finegym,val,DG7upbhB1bI_E_007125_007233_A_0046_0048,data/FineGym_data/videos/val/37/DG7upbhB1bI_E_007125_007233_A_0046_0048.mp4,37,16,100,16,40,False,True,0.10151274502277374,0.002957854070700705,0.002082649208508277,0.5239230670267716,43,3,16,16,False,
finegym,val,aEZbP-Yephw_E_004976_005078_A_0034_0036,data/FineGym_data/videos/val/37/aEZbP-Yephw_E_004976_005078_A_0034_0036.mp4,37,16,100,16,30,False,False,0.11035152524709702,0.004621675005182624,0.002082649208508277,0.5202174350852147,42,3,16,16,False,
finegym,val,DTedv-hhHU4_E_001024_001129_A_0088_0090,data/FineGym_data/videos/val/37/DTedv-hhHU4_E_001024_001129_A_0088_0090.mp4,37,16,100,16,37,True,True,0.0746157169342041,0.0040811479557305574,0.002082649208508277,0.514804061036557,51,4,16,16,False,
finegym,val,fDa0HpoXES4_E_004339_004438_A_0034_0036,data/FineGym_data/videos/val/37/fDa0HpoXES4_E_004339_004438_A_0034_0036.mp4,37,16,100,16,37,True,True,0.12560133635997772,0.0038436620961874723,0.002082649208508277,0.5099736630218104,53,4,16,16,False,
finegym,val,A0xAXXysHUo_E_003749_003849_A_0080_0082,data/FineGym_data/videos/val/37/A0xAXXysHUo_E_003749_003849_A_0080_0082.mp4,37,16,100,16,30,False,False,0.08372363448143005,0.004589004092849791,0.002082649208508277,0.5053802510956302,53,4,16,16,False,
finegym,val,C5Yfd1IWjmM_E_003761_003863_A_0021_0023,data/FineGym_data/videos/val/37/C5Yfd1IWjmM_E_003761_003863_A_0021_0023.mp4,37,16,100,16,14,False,False,0.1140650287270546,0.0036262020003050566,0.002082649208508277,0.5000482700997964,54,4,16,16,False,
finegym,val,esQQbBhuXbM_E_001856_001954_A_0018_0020,data/FineGym_data/videos/val/37/esQQbBhuXbM_E_001856_001954_A_0018_0020.mp4,37,16,100,16,25,False,False,0.1886117309331894,0.003205952001735568,0.002082649208508277,0.4955544259864837,49,4,16,16,False,
finegym,val,FEWTGYiWEaQ_E_004548_004646_A_0063_0065,data/FineGym_data/videos/val/37/FEWTGYiWEaQ_E_004548_004646_A_0063_0065.mp4,37,16,100,16,37,True,True,0.09399157017469406,0.004429542925208807,0.002082649208508277,0.49159239197615534,48,3,16,16,False,
finegym,val,aN9hSsP6xTg_E_001640_001834_A_0026_0028,data/FineGym_data/videos/val/37/aN9hSsP6xTg_E_001640_001834_A_0026_0028.mp4,37,16,100,16,30,False,False,0.07035117596387863,0.00326808902900666,0.002082649208508277,0.48640902002807707,37,3,16,16,False,
finegym,val,CkNz9ZIQmZI_E_006383_006487_A_0033_0035,data/FineGym_data/videos/val/37/CkNz9ZIQmZI_E_006383_006487_A_0033_0035.mp4,37,16,100,16,16,False,True,0.1280718892812729,0.004505587043240666,0.002082649208508277,0.48240608896594495,54,4,16,16,False,
finegym,val,E3AHJ6-QS8M_E_005168_005260_A_0049_0051,data/FineGym_data/videos/val/37/E3AHJ6-QS8M_E_005168_005260_A_0049_0051.mp4,37,16,100,16,37,True,True,0.1132139042019844,0.00442246999591589,0.002082649208508277,0.47712525504175574,47,3,16,16,False,
finegym,val,A0xAXXysHUo_E_003897_003995_A_0029_0031,data/FineGym_data/videos/val/37/A0xAXXysHUo_E_003897_003995_A_0029_0031.mp4,37,16,100,16,16,False,True,0.1877213716506958,0.005210252944380045,0.002082649208508277,0.4719014859292656,52,4,16,16,False,
finegym,val,0LtLS9wROrk_E_005208_005307_A_0038_0039,data/FineGym_data/videos/val/38/0LtLS9wROrk_E_005208_005307_A_0038_0039.mp4,38,16,100,16,25,False,True,0.07500754296779633,0.004704822087660432,0.002082649208508277,0.46594382904004306,48,3,16,16,False,
finegym,val,E3AHJ6-QS8M_E_000552_000647_A_0065_0067,data/FineGym_data/videos/val/38/E3AHJ6-QS8M_E_000552_000647_A_0065_0067.mp4,38,16,100,16,25,False,False,0.20949921011924744,0.005418254062533379,0.002082649208508277,0.46055238507688046,47,3,16,16,False,
finegym,val,A0xAXXysHUo_E_003435_003534_A_0028_0029,data/FineGym_data/videos/val/38/A0xAXXysHUo_E_003435_003534_A_0028_0029.mp4,38,16,100,16,40,False,True,0.145614355802536,0.004336458980105817,0.002082649208508277,0.45465440896805376,33,3,16,16,False,
finegym,val,0LtLS9wROrk_E_002558_002653_A_0085_0087,data/FineGym_data/videos/val/38/0LtLS9wROrk_E_002558_002653_A_0085_0087.mp4,38,16,100,16,2,False,True,0.10366176068782806,0.004717294010333717,0.002082649208508277,0.4498970879940316,61,4,16,16,False,
finegym,val,aEZbP-Yephw_E_004976_005078_A_0068_0069,data/FineGym_data/videos/val/38/aEZbP-Yephw_E_004976_005078_A_0068_0069.mp4,38,16,100,16,43,False,False,0.046941425651311874,0.004056221107020974,0.002082649208508277,0.44472379598300904,26,2,16,16,False,
finegym,val,aN3PC4tJokk_E_003860_003960_A_0090_0092,data/FineGym_data/videos/val/38/aN3PC4tJokk_E_003860_003960_A_0090_0092.mp4,38,16,100,16,16,False,False,0.20600253343582153,0.005094856023788452,0.002082649208508277,0.44025051000062376,60,4,16,16,False,
finegym,val,e3EsDlpNo0c_E_006102_006204_A_0093_0095,data/FineGym_data/videos/val/38/e3EsDlpNo0c_E_006102_006204_A_0093_0095.mp4,38,16,100,16,40,False,True,0.1135709211230278,0.004167801002040505,0.002082649208508277,0.4347165790386498,63,4,16,16,False,
finegym,val,aN9hSsP6xTg_E_001146_001246_A_0038_0040,data/FineGym_data/videos/val/38/aN9hSsP6xTg_E_001146_001246_A_0038_0040.mp4,38,16,100,16,25,False,False,0.17708131670951843,0.0036792620085179806,0.002082649208508277,0.43010845000389963,43,3,16,16,False,
finegym,val,aN9hSsP6xTg_E_000547_000651_A_0091_0093,data/FineGym_data/videos/val/38/aN9hSsP6xTg_E_000547_000651_A_0091_0093.mp4,38,16,100,16,16,False,False,0.19518233835697174,0.0036329850554466248,0.002082649208508277,0.42601270403247327,48,3,16,16,False,
finegym,val,DG7upbhB1bI_E_003248_003346_A_0090_0092,data/FineGym_data/videos/val/38/DG7upbhB1bI_E_003248_003346_A_0090_0092.mp4,38,16,100,16,16,False,True,0.16784149408340454,0.0038002089131623507,0.002082649208508277,0.42187209404073656,50,4,16,16,False,
finegym,val,e3EsDlpNo0c_E_007562_007662_A_0090_0092,data/FineGym_data/videos/val/38/e3EsDlpNo0c_E_007562_007662_A_0090_0092.mp4,38,16,100,16,12,False,False,0.15234903991222382,0.004833042970858514,0.002082649208508277,0.41763503302354366,48,3,16,16,False,
finegym,val,eH-ZgOT8ASM_E_008137_008245_A_0099_0101,data/FineGym_data/videos/val/38/eH-ZgOT8ASM_E_008137_008245_A_0099_0101.mp4,38,16,100,16,30,False,True,0.08719585090875626,0.003618387971073389,0.002082649208508277,0.41195492597762495,47,3,16,16,False,
finegym,val,BQhX6F3gpp8_E_007119_007222_A_0094_0096,data/FineGym_data/videos/val/38/BQhX6F3gpp8_E_007119_007222_A_0094_0096.mp4,38,16,100,16,30,False,False,0.12632063031196594,0.004430144093930721,0.002082649208508277,0.40756780293304473,71,5,16,16,False,
finegym,val,A0xAXXysHUo_E_003897_003995_A_0092_0095,data/FineGym_data/videos/val/38/A0xAXXysHUo_E_003897_003995_A_0092_0095.mp4,38,16,100,16,37,False,False,0.10618121176958084,0.006206937017850578,0.002082649208508277,0.4022698160260916,89,6,16,16,False,
finegym,val,dqUNtY2GwW4_E_003169_003267_A_0031_0033,data/FineGym_data/videos/val/38/dqUNtY2GwW4_E_003169_003267_A_0031_0033.mp4,38,16,100,16,40,False,True,0.16800759732723236,0.004224978969432414,0.002082649208508277,0.39514275698456913,40,3,16,16,False,
finegym,val,DyZ2qj6x1UE_E_002913_003008_A_0024_0026,data/FineGym_data/videos/val/38/DyZ2qj6x1UE_E_002913_003008_A_0024_0026.mp4,38,16,100,16,25,False,False,0.1743517816066742,0.004278830019757152,0.002082649208508277,0.3901617859955877,38,3,16,16,False,
finegym,val,0LtLS9wROrk_E_007962_008052_A_0084_0086,data/FineGym_data/videos/val/38/0LtLS9wROrk_E_007962_008052_A_0084_0086.mp4,38,16,100,16,30,False,False,0.18839393556118011,0.004893506062217057,0.002082649208508277,0.38513135293032974,68,5,16,16,False,
finegym,val,0LtLS9wROrk_E_005885_005983_A_0030_0032,data/FineGym_data/videos/val/38/0LtLS9wROrk_E_005885_005983_A_0030_0032.mp4,38,16,100,16,76,False,True,0.1296313852071762,0.006679335958324373,0.002082649208508277,0.3794590109027922,50,4,16,16,False,
finegym,val,DyZ2qj6x1UE_E_003507_003612_A_0055_0057,data/FineGym_data/videos/val/38/DyZ2qj6x1UE_E_003507_003612_A_0055_0057.mp4,38,16,100,16,30,False,False,0.23449331521987915,0.005519332946278155,0.002058357781303736,1.0497926449170336,45,3,16,16,False,
finegym,val,CUuRl0Bwbbc_E_003247_003355_A_0065_0068,data/FineGym_data/videos/val/38/CUuRl0Bwbbc_E_003247_003355_A_0065_0068.mp4,38,16,100,16,40,False,True,0.20455557107925415,0.006054579978808761,0.002058357781303736,1.0434514349326491,86,6,16,16,False,
finegym,val,aN9hSsP6xTg_E_002823_002928_A_0033_0034,data/FineGym_data/videos/val/39/aN9hSsP6xTg_E_002823_002928_A_0033_0034.mp4,39,16,100,16,11,False,False,0.1763349026441574,0.005366316065192223,0.002058357781303736,1.036854594014585,45,3,16,16,False,
finegym,val,aN3PC4tJokk_E_004100_004199_A_0020_0022,data/FineGym_data/videos/val/39/aN3PC4tJokk_E_004100_004199_A_0020_0022.mp4,39,16,100,16,40,False,True,0.22030000388622284,0.005841159028932452,0.002058357781303736,1.0304668169701472,51,4,16,16,False,
finegym,val,A0xAXXysHUo_E_003435_003534_A_0018_0020,data/FineGym_data/videos/val/39/A0xAXXysHUo_E_003435_003534_A_0018_0020.mp4,39,16,100,16,40,False,False,0.09965039044618607,0.004878678009845316,0.002058357781303736,1.022129331016913,53,4,16,16,False,
finegym,val,aN3PC4tJokk_E_003860_003960_A_0018_0019,data/FineGym_data/videos/val/39/aN3PC4tJokk_E_003860_003960_A_0018_0019.mp4,39,16,100,16,40,False,True,0.13578739762306213,0.004573313985019922,0.002058357781303736,1.016765971085988,52,4,16,16,False,
finegym,val,DTedv-hhHU4_E_004361_004465_A_0025_0027,data/FineGym_data/videos/val/39/DTedv-hhHU4_E_004361_004465_A_0025_0027.mp4,39,16,100,16,30,False,False,0.10892626643180847,0.005287396954372525,0.002058357781303736,1.0117454249411821,65,5,16,16,False,
finegym,val,C5Yfd1IWjmM_E_002895_002996_A_0040_0042,data/FineGym_data/videos/val/39/C5Yfd1IWjmM_E_002895_002996_A_0040_0042.mp4,39,16,100,16,37,False,False,0.15343235433101654,0.004388757050037384,0.002058357781303736,1.0056550080189481,53,4,16,16,False,
finegym,val,AZ4wWG6Rcak_E_002768_002869_A_0043_0045,data/FineGym_data/videos/val/39/AZ4wWG6Rcak_E_002768_002869_A_0043_0045.mp4,39,16,100,16,25,False,False,0.07038535922765732,0.005100245005451143,0.002058357781303736,1.0007862279890105,51,4,16,16,False,
finegym,val,e3EsDlpNo0c_E_002096_002195_A_0034_0035,data/FineGym_data/videos/val/39/e3EsDlpNo0c_E_002096_002195_A_0034_0035.mp4,39,16,100,16,76,False,True,0.16436909139156342,0.0045559509890154,0.002058357781303736,0.9949064060347155,46,3,16,16,False,
finegym,val,DTedv-hhHU4_E_002006_002106_A_0040_0042,data/FineGym_data/videos/val/39/DTedv-hhHU4_E_002006_002106_A_0040_0042.mp4,39,16,100,16,37,False,False,0.1281280666589737,0.0037245869170874357,0.002058357781303736,0.9899195230100304,49,4,16,16,False,
finegym,val,E3AHJ6-QS8M_E_005168_005260_A_0005_0007,data/FineGym_data/videos/val/39/E3AHJ6-QS8M_E_005168_005260_A_0005_0007.mp4,39,16,100,16,21,False,False,0.24749819934368134,0.004997652024030685,0.002058357781303736,0.9857724319444969,40,3,16,16,False,
finegym,val,aN9hSsP6xTg_E_001977_002183_A_0027_0028,data/FineGym_data/videos/val/39/aN9hSsP6xTg_E_001977_002183_A_0027_0028.mp4,39,16,100,16,11,False,False,0.16357214748859406,0.004779211012646556,0.002058357781303736,0.9799867169931531,38,3,16,16,False,
finegym,val,CUuRl0Bwbbc_E_003495_003598_A_0036_0038,data/FineGym_data/videos/val/39/CUuRl0Bwbbc_E_003495_003598_A_0036_0038.mp4,39,16,100,16,30,False,False,0.30599239468574524,0.005678022978827357,0.002058357781303736,0.9746629409492016,52,4,16,16,False,
finegym,val,E3AHJ6-QS8M_E_004565_004652_A_0051_0053,data/FineGym_data/videos/val/39/E3AHJ6-QS8M_E_004565_004652_A_0051_0053.mp4,39,16,100,16,30,False,False,0.42482802271842957,0.006070912000723183,0.002058357781303736,0.9684074319666252,39,3,16,16,False,
finegym,val,DG7upbhB1bI_E_001017_001123_A_0091_0092,data/FineGym_data/videos/val/40/DG7upbhB1bI_E_001017_001123_A_0091_0092.mp4,40,16,100,16,25,False,False,0.16895689070224762,0.00513197504915297,0.002058357781303736,0.9615918499184772,47,3,16,16,False,
finegym,val,AZ4wWG6Rcak_E_009215_009318_A_0043_0045,data/FineGym_data/videos/val/40/AZ4wWG6Rcak_E_009215_009318_A_0043_0045.mp4,40,16,100,16,40,True,True,0.12118013948202133,0.00426579499617219,0.002058357781303736,0.9556091639678925,50,4,16,16,False,
finegym,val,EFvDqOF1sCk_E_002657_002760_A_0099_0101,data/FineGym_data/videos/val/40/EFvDqOF1sCk_E_002657_002760_A_0099_0101.mp4,40,16,100,16,40,True,True,0.2830497920513153,0.005994177074171603,0.002058357781303736,0.9508331590332091,46,3,16,16,False,
finegym,val,cSh74jSRht8_E_004401_004506_A_0030_0032,data/FineGym_data/videos/val/40/cSh74jSRht8_E_004401_004506_A_0030_0032.mp4,40,16,100,16,32,False,True,0.16140136122703552,0.0057693650014698505,0.002058357781303736,0.9440558380447328,55,4,16,16,False,
finegym,val,0LtLS9wROrk_E_002558_002653_A_0023_0026,data/FineGym_data/videos/val/40/0LtLS9wROrk_E_002558_002653_A_0023_0026.mp4,40,16,100,16,40,True,True,0.3682129383087158,0.005109492922201753,0.002058357781303736,0.9377221220638603,62,4,16,16,False,
finegym,val,BQhX6F3gpp8_E_007119_007222_A_0047_0048,data/FineGym_data/videos/val/40/BQhX6F3gpp8_E_007119_007222_A_0047_0048.mp4,40,16,100,16,40,True,True,0.18554648756980896,0.004248152021318674,0.002058357781303736,0.9320520650362596,52,4,16,16,False,
finegym,val,CkNz9ZIQmZI_E_008093_008190_A_0021_0023,data/FineGym_data/videos/val/40/CkNz9ZIQmZI_E_008093_008190_A_0021_0023.mp4,40,16,100,16,86,False,False,0.15847253799438477,0.005049890954978764,0.002058357781303736,0.9270559559809044,45,3,16,16,False,
finegym,val,aN9hSsP6xTg_E_000932_001038_A_0086_0088,data/FineGym_data/videos/val/40/aN9hSsP6xTg_E_000932_001038_A_0086_0088.mp4,40,16,100,16,21,False,False,0.1336061954498291,0.005510236951522529,0.002058357781303736,0.9213106980314478,43,3,16,16,False,
finegym,val,0LtLS9wROrk_E_007013_007109_A_0021_0023,data/FineGym_data/videos/val/40/0LtLS9wROrk_E_007013_007109_A_0021_0023.mp4,40,16,100,16,30,False,True,0.051698461174964905,0.0053420099429786205,0.002058357781303736,0.9152055310551077,48,3,16,16,False,
finegym,val,DTedv-hhHU4_E_002197_002298_A_0094_0095,data/FineGym_data/videos/val/40/DTedv-hhHU4_E_002197_002298_A_0094_0095.mp4,40,16,100,16,40,True,True,0.15558815002441406,0.005622518016025424,0.002058357781303736,0.9090400019194931,46,3,16,16,False,
finegym,val,e3EsDlpNo0c_E_006401_006501_A_0094_0096,data/FineGym_data/videos/val/40/e3EsDlpNo0c_E_006401_006501_A_0094_0096.mp4,40,16,100,16,12,False,False,0.08349431306123734,0.003988413023762405,0.002058357781303736,0.9027001350186765,47,3,16,16,False,
finegym,val,CkNz9ZIQmZI_E_006859_006958_A_0021_0023,data/FineGym_data/videos/val/40/CkNz9ZIQmZI_E_006859_006958_A_0021_0023.mp4,40,16,100,16,14,False,True,0.10889358818531036,0.00523519900161773,0.002058357781303736,0.8978308539371938,49,4,16,16,False,
finegym,val,aEZbP-Yephw_E_000849_000949_A_0092_0093,data/FineGym_data/videos/val/40/aEZbP-Yephw_E_000849_000949_A_0092_0093.mp4,40,16,100,16,38,False,True,0.17467930912971497,0.0055238219210878015,0.002058357781303736,0.8917302370537072,42,3,16,16,False,
finegym,val,eH-ZgOT8ASM_E_008137_008245_A_0037_0039,data/FineGym_data/videos/val/40/eH-ZgOT8ASM_E_008137_008245_A_0037_0039.mp4,40,16,100,16,12,False,True,0.11108773201704025,0.004380000056698918,0.002058357781303736,0.8856409600703046,49,4,16,16,False,
finegym,val,0LtLS9wROrk_E_007629_007726_A_0037_0039,data/FineGym_data/videos/val/40/0LtLS9wROrk_E_007629_007726_A_0037_0039.mp4,40,16,100,16,40,True,True,0.05229489505290985,0.0052862949669361115,0.002058357781303736,0.8807976989774033,58,4,16,16,False,
finegym,val,0LtLS9wROrk_E_004267_004364_A_0026_0027,data/FineGym_data/videos/val/40/0LtLS9wROrk_E_004267_004364_A_0026_0027.mp4,40,16,100,16,40,True,True,0.09036942571401596,0.004703648970462382,0.002058357781303736,0.874933957005851,51,4,16,16,False,
finegym,val,AZ4wWG6Rcak_E_005067_005168_A_0093_0094,data/FineGym_data/videos/val/40/AZ4wWG6Rcak_E_005067_005168_A_0093_0094.mp4,40,16,100,16,30,False,True,0.14297720789909363,0.004206202924251556,0.002058357781303736,0.8696871059946716,38,3,16,16,False,
finegym,val,C5Yfd1IWjmM_E_002895_002996_A_0071_0073,data/FineGym_data/videos/val/40/C5Yfd1IWjmM_E_002895_002996_A_0071_0073.mp4,40,16,100,16,30,False,False,0.07349575310945511,0.0051516019739210606,0.002058357781303736,0.8648407980799675,53,4,16,16,False,
finegym,val,E3AHJ6-QS8M_E_000552_000647_A_0090_0092,data/FineGym_data/videos/val/40/E3AHJ6-QS8M_E_000552_000647_A_0090_0092.mp4,40,16,100,16,25,False,True,0.1135319173336029,0.005355425993911922,0.002058357781303736,0.8589686300838366,49,4,16,16,False,
finegym,val,aN3PC4tJokk_E_004346_004452_A_0073_0076,data/FineGym_data/videos/val/40/aN3PC4tJokk_E_004346_004452_A_0073_0076.mp4,40,16,100,16,40,True,True,0.11290769279003143,0.006489077932201326,0.002058357781303736,0.8529130889801309,83,6,16,16,False,
finegym,val,dqUNtY2GwW4_E_001860_001955_A_0077_0078,data/FineGym_data/videos/val/41/dqUNtY2GwW4_E_001860_001955_A_0077_0078.mp4,41,16,100,16,43,False,False,0.09822483360767365,0.004204961005598307,0.002058357781303736,0.8458985309116542,19,2,16,16,False,
finegym,val,CkNz9ZIQmZI_E_004347_004433_A_0020_0021,data/FineGym_data/videos/val/41/CkNz9ZIQmZI_E_004347_004433_A_0020_0021.mp4,41,16,100,16,55,False,False,0.16909177601337433,0.0032127940794453025,0.002058357781303736,0.8409628260415047,17,2,16,16,False,
finegym,val,CUuRl0Bwbbc_E_001154_001243_A_0030_0031,data/FineGym_data/videos/val/41/CUuRl0Bwbbc_E_001154_001243_A_0030_0031.mp4,41,16,100,16,41,True,True,0.34363028407096863,0.0033634069841355085,0.002058357781303736,0.8370546030346304,26,2,16,16,False,
finegym,val,aN3PC4tJokk_E_004944_005043_A_0073_0074,data/FineGym_data/videos/val/41/aN3PC4tJokk_E_004944_005043_A_0073_0074.mp4,41,16,100,16,55,False,True,0.6250739693641663,0.003597137052565813,0.002058357781303736,0.8328872729325667,22,2,16,16,False,
finegym,val,BQhX6F3gpp8_E_003413_003501_A_0076_0077,data/FineGym_data/videos/val/41/BQhX6F3gpp8_E_003413_003501_A_0076_0077.mp4,41,16,100,16,55,False,True,0.21224206686019897,0.0035533750196918845,0.002058357781303736,0.8285029049729928,25,2,16,16,False,
finegym,val,BQhX6F3gpp8_E_003642_003747_A_0085_0086,data/FineGym_data/videos/val/41/BQhX6F3gpp8_E_003642_003747_A_0085_0086.mp4,41,16,100,16,43,False,True,0.25851017236709595,0.0037562770303338766,0.002058357781303736,0.8244637550087646,30,2,16,16,False,
finegym,val,aEZbP-Yephw_E_003968_004062_A_0043_0044,data/FineGym_data/videos/val/41/aEZbP-Yephw_E_003968_004062_A_0043_0044.mp4,41,16,100,16,55,False,True,0.4860393702983856,0.003973175073042512,0.002058357781303736,0.8201960960868746,21,2,16,16,False,
finegym,val,0LtLS9wROrk_E_006895_006995_A_0077_0077,data/FineGym_data/videos/val/41/0LtLS9wROrk_E_006895_006995_A_0077_0077.mp4,41,16,100,16,55,False,False,0.6964114904403687,0.0038920820225030184,0.002058357781303736,0.8154439060017467,22,2,16,16,False,
finegym,val,cSh74jSRht8_E_005490_005565_A_0062_0062,data/FineGym_data/videos/val/41/cSh74jSRht8_E_005490_005565_A_0062_0062.mp4,41,16,100,16,55,False,True,0.8209465742111206,0.0029765900690108538,0.002058357781303736,0.8108485409757122,17,2,16,16,False,
finegym,val,CUuRl0Bwbbc_E_002152_002249_A_0081_0081,data/FineGym_data/videos/val/41/CUuRl0Bwbbc_E_002152_002249_A_0081_0081.mp4,41,16,100,16,55,False,True,0.22628720104694366,0.003419552929699421,0.002058357781303736,0.8070584699744359,24,2,16,16,False,
finegym,val,CkNz9ZIQmZI_E_003713_003816_A_0082_0083,data/FineGym_data/videos/val/41/CkNz9ZIQmZI_E_003713_003816_A_0082_0083.mp4,41,16,100,16,55,False,True,0.2941218316555023,0.002922728890553117,0.002058357781303736,0.8029800970107317,18,2,16,16,False,
finegym,val,C5Yfd1IWjmM_E_006041_006127_A_0052_0052,data/FineGym_data/videos/val/41/C5Yfd1IWjmM_E_006041_006127_A_0052_0052.mp4,41,16,100,16,55,False,False,0.09587564319372177,0.003616392961703241,0.002058357781303736,0.7992922090925276,20,2,16,16,False,
finegym,val,CkNz9ZIQmZI_E_004929_005008_A_0067_0068,data/FineGym_data/videos/val/41/CkNz9ZIQmZI_E_004929_005008_A_0067_0068.mp4,41,16,100,16,55,False,False,0.4393230676651001,0.003345745033584535,0.002058357781303736,0.7950803349958733,27,2,16,16,False,
finegym,val,A0xAXXysHUo_E_001529_001616_A_0058_0059,data/FineGym_data/videos/val/41/A0xAXXysHUo_E_001529_001616_A_0058_0059.mp4,41,16,100,16,43,False,True,0.5326505899429321,0.003818925004452467,0.002058357781303736,0.7909529010066763,29,2,16,16,False,
finegym,val,BLzs5opw8uM_E_000826_000920_A_0035_0036,data/FineGym_data/videos/val/41/BLzs5opw8uM_E_000826_000920_A_0035_0036.mp4,41,16,100,16,55,False,True,0.28187280893325806,0.00355245394166559,0.002058357781303736,0.7866597829852253,29,2,16,16,False,
finegym,val,BLzs5opw8uM_E_001671_001766_A_0071_0072,data/FineGym_data/videos/val/41/BLzs5opw8uM_E_001671_001766_A_0071_0072.mp4,41,16,100,16,42,False,False,0.06649644672870636,0.0036890999181196094,0.002058357781303736,0.782602992025204,27,2,16,16,False,
finegym,val,A0xAXXysHUo_E_002548_002638_A_0041_0042,data/FineGym_data/videos/val/41/A0xAXXysHUo_E_002548_002638_A_0041_0042.mp4,41,16,100,16,44,False,False,0.16685883700847626,0.004136841977015138,0.002058357781303736,0.7780036380281672,22,2,16,16,False,
finegym,val,aN9hSsP6xTg_E_003225_003317_A_0015_0016,data/FineGym_data/videos/val/41/aN9hSsP6xTg_E_003225_003317_A_0015_0016.mp4,41,16,100,16,55,False,True,0.918949544429779,0.004218946909531951,0.002058357781303736,0.7730577840702608,19,2,16,16,False,
finegym,val,A0xAXXysHUo_E_003242_003342_A_0019_0020,data/FineGym_data/videos/val/41/A0xAXXysHUo_E_003242_003342_A_0019_0020.mp4,41,16,100,16,41,True,True,0.11809556931257248,0.004051974043250084,0.002058357781303736,0.7680410150205716,24,2,16,16,False,
finegym,val,aN9hSsP6xTg_E_002420_002518_A_0042_0043,data/FineGym_data/videos/val/41/aN9hSsP6xTg_E_002420_002518_A_0042_0043.mp4,41,16,100,16,55,False,True,0.8084546327590942,0.004034871002659202,0.002058357781303736,0.7631924130255356,17,2,16,16,False,
finegym,val,aN9hSsP6xTg_E_000439_000530_A_0043_0044,data/FineGym_data/videos/val/43/aN9hSsP6xTg_E_000439_000530_A_0043_0044.mp4,43,16,100,16,43,True,True,0.9906556010246277,0.004274072009138763,0.002058357781303736,0.7587209809571505,22,2,16,16,False,
finegym,val,aEZbP-Yephw_E_002874_002957_A_0066_0066,data/FineGym_data/videos/val/43/aEZbP-Yephw_E_002874_002957_A_0066_0066.mp4,43,16,100,16,55,False,True,0.22699515521526337,0.004188319086097181,0.002058357781303736,0.7539172329707071,17,2,16,16,False,
finegym,val,aEZbP-Yephw_E_003121_003201_A_0041_0042,data/FineGym_data/videos/val/43/aEZbP-Yephw_E_003121_003201_A_0041_0042.mp4,43,16,100,16,41,False,True,0.33666014671325684,0.00372336502186954,0.002058357781303736,0.74872488505207,19,2,16,16,False,
finegym,val,aN9hSsP6xTg_E_000224_000318_A_0020_0020,data/FineGym_data/videos/val/43/aN9hSsP6xTg_E_000224_000318_A_0020_0020.mp4,43,16,100,16,55,False,True,0.9859942197799683,0.004120451980270445,0.002058357781303736,0.7445253339828923,23,2,16,16,False,
finegym,val,aN3PC4tJokk_E_004944_005043_A_0072_0072,data/FineGym_data/videos/val/43/aN3PC4tJokk_E_004944_005043_A_0072_0072.mp4,43,16,100,16,55,False,True,0.3057655096054077,0.0036434950307011604,0.002058357781303736,0.739803861011751,24,2,16,16,False,
finegym,val,aN9hSsP6xTg_E_001436_001527_A_0056_0057,data/FineGym_data/videos/val/43/aN9hSsP6xTg_E_001436_001527_A_0056_0057.mp4,43,16,100,16,41,False,False,0.14133483171463013,0.004083422012627125,0.002058357781303736,0.7356502880575135,22,2,16,16,False,
finegym,val,0LtLS9wROrk_E_005417_005494_A_0032_0033,data/FineGym_data/videos/val/43/0LtLS9wROrk_E_005417_005494_A_0032_0033.mp4,43,16,100,16,55,False,False,0.5317138433456421,0.003563854959793389,0.002058357781303736,0.7310858300188556,21,2,16,16,False,
finegym,val,A0xAXXysHUo_E_001953_002052_A_0043_0044,data/FineGym_data/videos/val/43/A0xAXXysHUo_E_001953_002052_A_0043_0044.mp4,43,16,100,16,43,True,True,0.2085924744606018,0.0038649110356345773,0.002058357781303736,0.7267917520366609,26,2,16,16,False,
finegym,val,0LtLS9wROrk_E_007241_007324_A_0070_0071,data/FineGym_data/videos/val/43/0LtLS9wROrk_E_007241_007324_A_0070_0071.mp4,43,16,100,16,44,False,False,0.08045417815446854,0.003843009937554598,0.002058357781303736,0.7223465989809483,23,2,16,16,False,
finegym,val,0LtLS9wROrk_E_004181_004254_A_0011_0012,data/FineGym_data/videos/val/43/0LtLS9wROrk_E_004181_004254_A_0011_0012.mp4,43,16,100,16,60,False,False,0.22532854974269867,0.0038056590128690004,0.002058357781303736,0.7175544230267406,25,2,16,16,False,
finegym,val,0LtLS9wROrk_E_006600_006668_A_0018_0019,data/FineGym_data/videos/val/43/0LtLS9wROrk_E_006600_006668_A_0018_0019.mp4,43,16,100,16,55,False,False,0.8861830830574036,0.0038812420098111033,0.002058357781303736,0.7127508160192519,24,2,16,16,False,
finegym,val,aEZbP-Yephw_E_003547_003643_A_0073_0074,data/FineGym_data/videos/val/43/aEZbP-Yephw_E_003547_003643_A_0073_0074.mp4,43,16,100,16,55,False,True,0.5828767418861389,0.004387674969621003,0.002058357781303736,0.7078985669650137,18,2,16,16,False,
finegym,val,aN3PC4tJokk_E_001804_001903_A_0067_0068,data/FineGym_data/videos/val/43/aN3PC4tJokk_E_001804_001903_A_0067_0068.mp4,43,16,100,16,55,False,True,0.9010530114173889,0.0046129790134727955,0.002058357781303736,0.702565272920765,22,2,16,16,False,
finegym,val,aEZbP-Yephw_E_000540_000626_A_0064_0064,data/FineGym_data/videos/val/43/aEZbP-Yephw_E_000540_000626_A_0064_0064.mp4,43,16,100,16,55,False,True,0.9296672344207764,0.004233525018207729,0.002058357781303736,0.6969409219454974,16,1,16,16,False,
finegym,val,A0xAXXysHUo_E_002930_003025_A_0025_0026,data/FineGym_data/videos/val/43/A0xAXXysHUo_E_002930_003025_A_0025_0026.mp4,43,16,100,16,43,True,True,0.44782203435897827,0.005056542926467955,0.002058357781303736,0.6916794730350375,27,2,16,16,False,
finegym,val,A0xAXXysHUo_E_002290_002388_A_0035_0035,data/FineGym_data/videos/val/43/A0xAXXysHUo_E_002290_002388_A_0035_0035.mp4,43,16,100,16,41,False,True,0.1238432228565216,0.005643035983666778,0.002058357781303736,0.6858113929629326,25,2,16,16,False,
finegym,val,aN9hSsP6xTg_E_001836_001926_A_0078_0079,data/FineGym_data/videos/val/43/aN9hSsP6xTg_E_001836_001926_A_0078_0079.mp4,43,16,100,16,55,False,True,0.23417794704437256,0.005412172060459852,0.002058357781303736,0.6793738430133089,17,2,16,16,False,
finegym,val,A0xAXXysHUo_E_002548_002638_A_0040_0041,data/FineGym_data/videos/val/43/A0xAXXysHUo_E_002548_002638_A_0040_0041.mp4,43,16,100,16,44,False,False,0.20928102731704712,0.0043570969719439745,0.002058357781303736,0.6730356579646468,24,2,16,16,False,
finegym,val,0LtLS9wROrk_E_007856_007937_A_0065_0066,data/FineGym_data/videos/val/43/0LtLS9wROrk_E_007856_007937_A_0065_0066.mp4,43,16,100,16,44,False,False,0.11896520853042603,0.003802594030275941,0.002058357781303736,0.6677861119387671,26,2,16,16,False,
finegym,val,A0xAXXysHUo_E_002763_002874_A_0047_0047,data/FineGym_data/videos/val/43/A0xAXXysHUo_E_002763_002874_A_0047_0047.mp4,43,16,100,16,79,False,True,0.09816702455282211,0.005726444069296122,0.002058357781303736,0.6630880329757929,25,2,16,16,False,
finegym,val,e3EsDlpNo0c_E_007447_007542_A_0023_0024,data/FineGym_data/videos/val/44/e3EsDlpNo0c_E_007447_007542_A_0023_0024.mp4,44,16,100,16,51,False,True,0.060201507061719894,0.004586698953062296,0.002058357781303736,0.6564578800462186,22,2,16,16,False,
finegym,val,0LtLS9wROrk_E_005787_005866_A_0054_0055,data/FineGym_data/videos/val/44/0LtLS9wROrk_E_005787_005866_A_0054_0055.mp4,44,16,100,16,44,True,True,0.39893579483032227,0.004077911959029734,0.002058357781303736,0.6508937219623476,19,2,16,16,False,
finegym,val,aN3PC4tJokk_E_003003_003112_A_0022_0023,data/FineGym_data/videos/val/44/aN3PC4tJokk_E_003003_003112_A_0022_0023.mp4,44,16,100,16,44,True,True,0.6302298307418823,0.005238045006990433,0.002058357781303736,0.645737741026096,24,2,16,16,False,
finegym,val,0LtLS9wROrk_E_004459_004545_A_0024_0025,data/FineGym_data/videos/val/44/0LtLS9wROrk_E_004459_004545_A_0024_0025.mp4,44,16,100,16,55,False,True,0.29197707772254944,0.007479581981897354,0.002058357781303736,0.6391935689607635,24,2,16,16,False,
finegym,val,e3EsDlpNo0c_E_003189_003289_A_0042_0043,data/FineGym_data/videos/val/44/e3EsDlpNo0c_E_003189_003289_A_0042_0043.mp4,44,16,100,16,43,False,False,0.06508611142635345,0.008757955976761878,0.002058357781303736,0.6304056060034782,27,2,16,16,False,
finegym,val,AZ4wWG6Rcak_E_006218_006294_A_0011_0011,data/FineGym_data/videos/val/44/AZ4wWG6Rcak_E_006218_006294_A_0011_0011.mp4,44,16,100,16,58,False,True,0.1315016746520996,0.004311842028982937,0.002058357781303736,0.6204554970609024,19,2,16,16,False,
finegym,val,e3EsDlpNo0c_E_008034_008131_A_0041_0042,data/FineGym_data/videos/val/44/e3EsDlpNo0c_E_008034_008131_A_0041_0042.mp4,44,16,100,16,60,False,True,0.14747469127178192,0.005963328992947936,0.002058357781303736,0.6152194560272619,20,2,16,16,False,
finegym,val,C5Yfd1IWjmM_E_005232_005308_A_0019_0020,data/FineGym_data/videos/val/44/C5Yfd1IWjmM_E_005232_005308_A_0019_0020.mp4,44,16,100,16,44,True,True,0.38845759630203247,0.00439427699893713,0.002058357781303736,0.608393193106167,23,2,16,16,False,
finegym,val,BQhX6F3gpp8_E_005170_005259_A_0013_0013,data/FineGym_data/videos/val/44/BQhX6F3gpp8_E_005170_005259_A_0013_0013.mp4,44,16,100,16,55,False,False,0.31011128425598145,0.0030878089601173997,0.002058357781303736,0.6034548429306597,17,2,16,16,False,
finegym,val,dqUNtY2GwW4_E_006634_006744_A_0096_0097,data/FineGym_data/videos/val/44/dqUNtY2GwW4_E_006634_006744_A_0096_0097.mp4,44,16,100,16,55,False,False,0.20957712829113007,0.005077071953564882,0.002058357781303736,0.599958956008777,18,2,16,16,False,
finegym,val,BQhX6F3gpp8_E_003642_003747_A_0061_0062,data/FineGym_data/videos/val/45/BQhX6F3gpp8_E_003642_003747_A_0061_0062.mp4,45,16,100,16,55,False,False,0.3032990097999573,0.0035600769333541393,0.002058357781303736,0.5941050930414349,26,2,16,16,False,
finegym,val,CUuRl0Bwbbc_E_002152_002249_A_0054_0055,data/FineGym_data/videos/val/46/CUuRl0Bwbbc_E_002152_002249_A_0054_0055.mp4,46,16,100,16,55,False,False,0.1433587670326233,0.004041944048367441,0.002058357781303736,0.5897202939959243,31,2,16,16,False,
finegym,val,C5Yfd1IWjmM_E_006041_006127_A_0064_0065,data/FineGym_data/videos/val/46/C5Yfd1IWjmM_E_006041_006127_A_0064_0065.mp4,46,16,100,16,44,False,False,0.16675695776939392,0.0037986370734870434,0.002058357781303736,0.5850484539987519,29,2,16,16,False,
finegym,val,C5Yfd1IWjmM_E_001543_001637_A_0077_0077,data/FineGym_data/videos/val/46/C5Yfd1IWjmM_E_001543_001637_A_0077_0077.mp4,46,16,100,16,43,False,False,0.14916889369487762,0.003387082018889487,0.002058357781303736,0.580452186986804,22,2,16,16,False,
finegym,val,aEZbP-Yephw_E_001550_001632_A_0031_0032,data/FineGym_data/videos/val/46/aEZbP-Yephw_E_001550_001632_A_0031_0032.mp4,46,16,100,16,43,False,False,0.8975705504417419,0.0043074541026726365,0.002058357781303736,0.5764340870082378,23,2,16,16,False,
finegym,val,A0xAXXysHUo_E_002930_003025_A_0056_0057,data/FineGym_data/videos/val/46/A0xAXXysHUo_E_002930_003025_A_0056_0057.mp4,46,16,100,16,55,False,False,0.24047712981700897,0.004980740020982921,0.002058357781303736,0.5715110650053248,39,3,16,16,False,
finegym,val,BQhX6F3gpp8_E_003100_003210_A_0057_0058,data/FineGym_data/videos/val/46/BQhX6F3gpp8_E_003100_003210_A_0057_0058.mp4,46,16,100,16,44,False,False,0.3994341790676117,0.004767129081301391,0.002058357781303736,0.5658753529423848,26,2,16,16,False,
finegym,val,cSh74jSRht8_E_005257_005376_A_0106_0107,data/FineGym_data/videos/val/46/cSh74jSRht8_E_005257_005376_A_0106_0107.mp4,46,16,100,16,43,False,False,0.6836825013160706,0.0032529799500480294,0.002058357781303736,0.560506061068736,24,2,16,16,False,
finegym,val,aEZbP-Yephw_E_002252_002329_A_0026_0027,data/FineGym_data/videos/val/46/aEZbP-Yephw_E_002252_002329_A_0026_0027.mp4,46,16,100,16,43,False,False,0.6651929020881653,0.004426486906595528,0.002058357781303736,0.5564888239605352,22,2,16,16,False,
finegym,val,dqUNtY2GwW4_E_006634_006744_A_0033_0034,data/FineGym_data/videos/val/46/dqUNtY2GwW4_E_006634_006744_A_0033_0034.mp4,46,16,100,16,51,False,False,0.09783225506544113,0.004091046983376145,0.002058357781303736,0.5512153530726209,24,2,16,16,False,
finegym,val,AZ4wWG6Rcak_E_006115_006196_A_0066_0067,data/FineGym_data/videos/val/46/AZ4wWG6Rcak_E_006115_006196_A_0066_0067.mp4,46,16,100,16,58,False,False,0.14138996601104736,0.003862437093630433,0.002058357781303736,0.5463599979411811,25,2,16,16,False,
finegym,val,DTedv-hhHU4_E_003113_003207_A_0078_0079,data/FineGym_data/videos/val/46/DTedv-hhHU4_E_003113_003207_A_0078_0079.mp4,46,16,100,16,43,False,False,0.1704310178756714,0.00490418600384146,0.0019435991768356569,0.7678006029454991,27,2,16,16,False,
finegym,val,AZ4wWG6Rcak_E_007888_007961_A_0014_0014,data/FineGym_data/videos/val/46/AZ4wWG6Rcak_E_007888_007961_A_0014_0014.mp4,46,16,100,16,51,False,False,0.10832470655441284,0.0036533429520204663,0.0019435991768356569,0.7593132450710982,18,2,16,16,False,
finegym,val,BQhX6F3gpp8_E_003413_003501_A_0019_0020,data/FineGym_data/videos/val/46/BQhX6F3gpp8_E_003413_003501_A_0019_0020.mp4,46,16,100,16,43,False,False,0.6792405843734741,0.003240896970964968,0.0019435991768356569,0.7549246889539063,23,2,16,16,False,
finegym,val,aN3PC4tJokk_E_002527_002617_A_0073_0074,data/FineGym_data/videos/val/46/aN3PC4tJokk_E_002527_002617_A_0073_0074.mp4,46,16,100,16,51,False,False,0.23001201450824738,0.0032920429948717356,0.0019435991768356569,0.7509640579810366,31,2,16,16,False,
finegym,val,aN9hSsP6xTg_E_001836_001926_A_0032_0033,data/FineGym_data/videos/val/46/aN9hSsP6xTg_E_001836_001926_A_0032_0033.mp4,46,16,100,16,44,False,False,0.27366653084754944,0.003948017954826355,0.0019435991768356569,0.7469472809461877,24,2,16,16,False,
finegym,val,AZ4wWG6Rcak_E_007413_007501_A_0054_0055,data/FineGym_data/videos/val/46/AZ4wWG6Rcak_E_007413_007501_A_0054_0055.mp4,46,16,100,16,44,False,False,0.1519065797328949,0.0033021330600604415,0.0019435991768356569,0.7422908409498632,27,2,16,16,False,
finegym,val,C5Yfd1IWjmM_E_006341_006431_A_0048_0049,data/FineGym_data/videos/val/46/C5Yfd1IWjmM_E_006341_006431_A_0048_0049.mp4,46,16,100,16,43,False,False,0.8950620889663696,0.0029977799858897924,0.0019435991768356569,0.7382717790314928,30,2,16,16,False,
finegym,val,DG7upbhB1bI_E_006918_007013_A_0069_0070,data/FineGym_data/videos/val/46/DG7upbhB1bI_E_006918_007013_A_0069_0070.mp4,46,16,100,16,66,False,False,0.17098872363567352,0.0034226690186187625,0.0019435991768356569,0.7345640839776024,29,2,16,16,False,
finegym,val,0LtLS9wROrk_E_005417_005494_A_0060_0061,data/FineGym_data/videos/val/46/0LtLS9wROrk_E_005417_005494_A_0060_0061.mp4,46,16,100,16,44,False,False,0.4254092574119568,0.0032161809504032135,0.0019435991768356569,0.7304414371028543,30,2,16,16,False,
finegym,val,aN9hSsP6xTg_E_001436_001527_A_0042_0043,data/FineGym_data/videos/val/46/aN9hSsP6xTg_E_001436_001527_A_0042_0043.mp4,46,16,100,16,43,False,False,0.1576237678527832,0.003691885038278997,0.0019435991768356569,0.7264095420250669,22,2,16,16,False,
finegym,val,aN9hSsP6xTg_E_000224_000318_A_0072_0073,data/FineGym_data/videos/val/47/aN9hSsP6xTg_E_000224_000318_A_0072_0073.mp4,47,16,100,16,41,False,False,0.2756751477718353,0.00367776898201555,0.0019435991768356569,0.7220256750006229,22,2,16,16,False,
finegym,val,aN3PC4tJokk_E_001804_001903_A_0020_0021,data/FineGym_data/videos/val/47/aN3PC4tJokk_E_001804_001903_A_0020_0021.mp4,47,16,100,16,44,False,False,0.38200879096984863,0.003825106075964868,0.0019435991768356569,0.7176341230515391,26,2,16,16,False,
finegym,val,aN9hSsP6xTg_E_001836_001926_A_0025_0026,data/FineGym_data/videos/val/47/aN9hSsP6xTg_E_001836_001926_A_0025_0026.mp4,47,16,100,16,43,False,False,0.36921170353889465,0.0041062659583985806,0.0019435991768356569,0.7130736430408433,26,2,16,16,False,
finegym,val,A0xAXXysHUo_E_002290_002388_A_0066_0067,data/FineGym_data/videos/val/47/A0xAXXysHUo_E_002290_002388_A_0066_0067.mp4,47,16,100,16,51,False,False,0.19197124242782593,0.0031787999905645847,0.0019435991768356569,0.7082397389458492,30,2,16,16,False,
finegym,val,AZ4wWG6Rcak_E_007888_007961_A_0012_0013,data/FineGym_data/videos/val/47/AZ4wWG6Rcak_E_007888_007961_A_0012_0013.mp4,47,16,100,16,55,False,False,0.31133174896240234,0.003131982055492699,0.0019435991768356569,0.7042484399862587,21,2,16,16,False,
finegym,val,aEZbP-Yephw_E_000380_000467_A_0029_0030,data/FineGym_data/videos/val/47/aEZbP-Yephw_E_000380_000467_A_0029_0030.mp4,47,16,100,16,43,False,False,0.7658627033233643,0.004415837931446731,0.0019435991768356569,0.7004052890697494,24,2,16,16,False,
finegym,val,AZ4wWG6Rcak_E_004073_004175_A_0045_0046,data/FineGym_data/videos/val/47/AZ4wWG6Rcak_E_004073_004175_A_0045_0046.mp4,47,16,100,16,44,False,False,0.10004772245883942,0.004058466060087085,0.0019435991768356569,0.6953857969492674,29,2,16,16,False,
finegym,val,aEZbP-Yephw_E_000540_000626_A_0014_0015,data/FineGym_data/videos/val/47/aEZbP-Yephw_E_000540_000626_A_0014_0015.mp4,47,16,100,16,43,False,False,0.8130194544792175,0.003612886997871101,0.0019435991768356569,0.6909004580229521,22,2,16,16,False,
finegym,val,0LtLS9wROrk_E_003346_003423_A_0036_0037,data/FineGym_data/videos/val/47/0LtLS9wROrk_E_003346_003423_A_0036_0037.mp4,47,16,100,16,44,False,False,0.28989866375923157,0.0032807430252432823,0.0019435991768356569,0.6868754850002006,25,2,16,16,False,
finegym,val,BLzs5opw8uM_E_002316_002397_A_0017_0018,data/FineGym_data/videos/val/47/BLzs5opw8uM_E_002316_002397_A_0017_0018.mp4,47,16,100,16,42,False,False,0.08410719782114029,0.00315357290674001,0.0019435991768356569,0.6831961630377918,34,3,16,16,False,
finegym,val,A0xAXXysHUo_E_002548_002638_A_0033_0034,data/FineGym_data/videos/val/47/A0xAXXysHUo_E_002548_002638_A_0033_0034.mp4,47,16,100,16,44,False,False,0.14671063423156738,0.003721460932865739,0.0019435991768356569,0.6796189429005608,30,2,16,16,False,
finegym,val,0LtLS9wROrk_E_006600_006668_A_0017_0018,data/FineGym_data/videos/val/47/0LtLS9wROrk_E_006600_006668_A_0017_0018.mp4,47,16,100,16,55,False,False,0.8265842795372009,0.0035306219942867756,0.0019435991768356569,0.675493382033892,36,3,16,16,False,
finegym,val,aN9hSsP6xTg_E_002931_003029_A_0068_0069,data/FineGym_data/videos/val/47/aN9hSsP6xTg_E_002931_003029_A_0068_0069.mp4,47,16,100,16,43,False,False,0.5285442471504211,0.004506818950176239,0.0019435991768356569,0.6715556629933417,29,2,16,16,False,
finegym,val,0LtLS9wROrk_E_005787_005866_A_0052_0053,data/FineGym_data/videos/val/47/0LtLS9wROrk_E_005787_005866_A_0052_0053.mp4,47,16,100,16,44,False,False,0.23594807088375092,0.0033497021067887545,0.0019435991768356569,0.6665125059662387,32,2,16,16,False,
finegym,val,aN9hSsP6xTg_E_002211_002312_A_0029_0030,data/FineGym_data/videos/val/47/aN9hSsP6xTg_E_002211_002312_A_0029_0030.mp4,47,16,100,16,43,False,False,0.39913782477378845,0.004442648962140083,0.0019435991768356569,0.6627522010821849,24,2,16,16,False,
finegym,val,0LtLS9wROrk_E_004459_004545_A_0023_0024,data/FineGym_data/videos/val/47/0LtLS9wROrk_E_004459_004545_A_0023_0024.mp4,47,16,100,16,44,False,False,0.6092095375061035,0.005011798930354416,0.0019435991768356569,0.6575295859947801,32,2,16,16,False,
finegym,val,aEZbP-Yephw_E_002874_002957_A_0050_0051,data/FineGym_data/videos/val/47/aEZbP-Yephw_E_002874_002957_A_0050_0051.mp4,47,16,100,16,43,False,False,0.47967272996902466,0.00481986696831882,0.0019435991768356569,0.6518307239748538,29,2,16,16,False,
finegym,val,aEZbP-Yephw_E_001550_001632_A_0054_0055,data/FineGym_data/videos/val/47/aEZbP-Yephw_E_001550_001632_A_0054_0055.mp4,47,16,100,16,43,False,False,0.958669900894165,0.004128237022086978,0.0019435991768356569,0.6463712430559099,23,2,16,16,False,
finegym,val,AZ4wWG6Rcak_E_005608_005706_A_0043_0044,data/FineGym_data/videos/val/47/AZ4wWG6Rcak_E_005608_005706_A_0043_0044.mp4,47,16,100,16,45,False,False,0.14504534006118774,0.0047133369371294975,0.0019435991768356569,0.6418118160218,24,2,16,16,False,
finegym,val,aN9hSsP6xTg_E_002533_002622_A_0054_0055,data/FineGym_data/videos/val/47/aN9hSsP6xTg_E_002533_002622_A_0054_0055.mp4,47,16,100,16,55,False,False,0.39233070611953735,0.005244886968284845,0.0019435991768356569,0.6362694180570543,38,3,16,16,False,
finegym,val,BQhX6F3gpp8_E_003100_003210_A_0067_0067,data/FineGym_data/videos/val/48/BQhX6F3gpp8_E_003100_003210_A_0067_0067.mp4,48,16,100,16,44,False,False,0.20495381951332092,0.003125549992546439,0.0019435991768356569,0.630319072981365,29,2,16,16,False,
finegym,val,BQhX6F3gpp8_E_004570_004667_A_0061_0062,data/FineGym_data/videos/val/48/BQhX6F3gpp8_E_004570_004667_A_0061_0062.mp4,48,16,100,16,55,False,True,0.3881339430809021,0.0042105019092559814,0.0019435991768356569,0.6263681600103155,37,3,16,16,False,
finegym,val,AZ4wWG6Rcak_E_005608_005706_A_0079_0080,data/FineGym_data/videos/val/48/AZ4wWG6Rcak_E_005608_005706_A_0079_0080.mp4,48,16,100,16,44,False,False,0.27926257252693176,0.003761948086321354,0.0019435991768356569,0.6214621210237965,28,2,16,16,False,
finegym,val,BQhX6F3gpp8_E_003642_003747_A_0051_0052,data/FineGym_data/videos/val/48/BQhX6F3gpp8_E_003642_003747_A_0051_0052.mp4,48,16,100,16,43,False,False,0.7465717196464539,0.0038616949459537864,0.0019435991768356569,0.6168896479066461,26,2,16,16,False,
finegym,val,AZ4wWG6Rcak_E_004209_004299_A_0035_0036,data/FineGym_data/videos/val/49/AZ4wWG6Rcak_E_004209_004299_A_0035_0036.mp4,49,16,100,16,44,False,False,0.24148765206336975,0.004715732065960765,0.0019435991768356569,0.61255949200131,26,2,16,16,False,
finegym,val,aN9hSsP6xTg_E_000224_000318_A_0034_0035,data/FineGym_data/videos/val/49/aN9hSsP6xTg_E_000224_000318_A_0034_0035.mp4,49,16,100,16,55,False,False,0.44746702909469604,0.004044279106892645,0.0019435991768356569,0.6069862759904936,21,2,16,16,False,
finegym,val,aEZbP-Yephw_E_000380_000467_A_0022_0023,data/FineGym_data/videos/val/49/aEZbP-Yephw_E_000380_000467_A_0022_0023.mp4,49,16,100,16,51,False,False,0.14474911987781525,0.003618548042140901,0.0019435991768356569,0.6022075569489971,23,2,16,16,False,
finegym,val,0LtLS9wROrk_E_004459_004545_A_0062_0063,data/FineGym_data/videos/val/49/0LtLS9wROrk_E_004459_004545_A_0062_0063.mp4,49,16,100,16,43,False,False,0.3920837342739105,0.003811549977399409,0.0019435991768356569,0.5978613999905065,29,2,16,16,False,
finegym,val,aEZbP-Yephw_E_002874_002957_A_0058_0059,data/FineGym_data/videos/val/49/aEZbP-Yephw_E_002874_002957_A_0058_0059.mp4,49,16,100,16,43,False,False,0.42860648036003113,0.004042915999889374,0.0019435991768356569,0.5934305939590558,20,2,16,16,False,
finegym,val,aN9hSsP6xTg_E_002211_002312_A_0053_0054,data/FineGym_data/videos/val/50/aN9hSsP6xTg_E_002211_002312_A_0053_0054.mp4,50,16,100,16,51,False,False,0.2883210778236389,0.004095314885489643,0.0019435991768356569,0.5889481209451333,22,2,16,16,False,
finegym,val,CkNz9ZIQmZI_E_004136_004224_A_0062_0063,data/FineGym_data/videos/val/50/CkNz9ZIQmZI_E_004136_004224_A_0062_0063.mp4,50,16,100,16,44,False,False,0.6168292164802551,0.0030456490349024534,0.0019435991768356569,0.5841259489534423,23,2,16,16,False,
finegym,val,aN3PC4tJokk_E_004944_005043_A_0014_0015,data/FineGym_data/videos/val/50/aN3PC4tJokk_E_004944_005043_A_0014_0015.mp4,50,16,100,16,44,False,False,0.48300084471702576,0.003995056031271815,0.0019435991768356569,0.580650020041503,27,2,16,16,False,
finegym,val,aEZbP-Yephw_E_000540_000626_A_0060_0061,data/FineGym_data/videos/val/50/aEZbP-Yephw_E_000540_000626_A_0060_0061.mp4,50,16,100,16,55,False,False,0.8481788039207458,0.003643715986981988,0.0019435991768356569,0.5762338809436187,18,2,16,16,False,
finegym,val,BLzs5opw8uM_E_001410_001502_A_0061_0062,data/FineGym_data/videos/val/50/BLzs5opw8uM_E_001410_001502_A_0061_0062.mp4,50,16,100,16,44,False,False,0.4248703420162201,0.0031046209624037147,0.0019435991768356569,0.5721814569551498,30,2,16,16,False,
finegym,val,BQhX6F3gpp8_E_003642_003747_A_0032_0033,data/FineGym_data/videos/val/50/BQhX6F3gpp8_E_003642_003747_A_0032_0033.mp4,50,16,100,16,45,False,False,0.1798638105392456,0.0024865480372682214,0.0019435991768356569,0.5686367279849946,24,2,16,16,False,
finegym,val,aN9hSsP6xTg_E_002420_002518_A_0020_0021,data/FineGym_data/videos/val/50/aN9hSsP6xTg_E_002420_002518_A_0020_0021.mp4,50,16,100,16,55,False,False,0.21371956169605255,0.0039634270360693336,0.0019435991768356569,0.5656323060393333,20,2,16,16,False,
finegym,val,aN9hSsP6xTg_E_000439_000530_A_0055_0056,data/FineGym_data/videos/val/50/aN9hSsP6xTg_E_000439_000530_A_0055_0056.mp4,50,16,100,16,51,False,False,0.19259758293628693,0.0040317949606105685,0.0019435991768356569,0.5612605509813875,21,2,16,16,False,
finegym,val,BQhX6F3gpp8_E_004904_005002_A_0026_0026,data/FineGym_data/videos/val/50/BQhX6F3gpp8_E_004904_005002_A_0026_0026.mp4,50,16,100,16,44,False,False,0.22549505531787872,0.003143914043903351,0.0019435991768356569,0.5568338029552251,23,2,16,16,False,
finegym,val,A0xAXXysHUo_E_001529_001616_A_0012_0013,data/FineGym_data/videos/val/50/A0xAXXysHUo_E_001529_001616_A_0012_0013.mp4,50,16,100,16,44,False,False,0.20618601143360138,0.003773189033381641,0.0019435991768356569,0.5533068269724026,31,2,16,16,False,
finegym,val,A0xAXXysHUo_E_002763_002874_A_0075_0076,data/FineGym_data/videos/val/50/A0xAXXysHUo_E_002763_002874_A_0075_0076.mp4,50,16,100,16,51,False,False,0.1519608050584793,0.003286623046733439,0.0019435991768356569,0.5491311909863725,26,2,16,16,False,
finegym,val,DG7upbhB1bI_E_006918_007013_A_0079_0080,data/FineGym_data/videos/val/50/DG7upbhB1bI_E_006918_007013_A_0079_0080.mp4,50,16,100,16,44,False,False,0.09834576398134232,0.0032924750121310353,0.0019435991768356569,0.5453663590596989,28,2,16,16,False,
finegym,val,AZ4wWG6Rcak_E_004073_004175_A_0081_0082,data/FineGym_data/videos/val/50/AZ4wWG6Rcak_E_004073_004175_A_0081_0082.mp4,50,16,100,16,51,False,False,0.6491994857788086,0.003763139946386218,0.0019435991768356569,0.5416610579704866,22,2,16,16,False,
finegym,val,CUuRl0Bwbbc_E_001393_001492_A_0074_0075,data/FineGym_data/videos/val/50/CUuRl0Bwbbc_E_001393_001492_A_0074_0075.mp4,50,16,100,16,45,False,False,0.15055671334266663,0.003353910055011511,0.0019435991768356569,0.5374885179335251,27,2,16,16,False,
finegym,val,BQhX6F3gpp8_E_004301_004401_A_0080_0081,data/FineGym_data/videos/val/50/BQhX6F3gpp8_E_004301_004401_A_0080_0081.mp4,50,16,100,16,51,False,False,0.08219719678163528,0.0032689200015738606,0.0019435991768356569,0.5337150989798829,23,2,16,16,False,
finegym,val,aN3PC4tJokk_E_002527_002617_A_0039_0040,data/FineGym_data/videos/val/50/aN3PC4tJokk_E_002527_002617_A_0039_0040.mp4,50,16,100,16,45,False,True,0.3456936776638031,0.003420364926569164,0.0019435991768356569,0.5300504550104961,29,2,16,16,False,
finegym,val,A0xAXXysHUo_E_001953_002052_A_0081_0082,data/FineGym_data/videos/val/50/A0xAXXysHUo_E_001953_002052_A_0081_0082.mp4,50,16,100,16,43,False,False,0.21308964490890503,0.0038296650163829327,0.0019435991768356569,0.5262031959136948,29,2,16,16,False,
finegym,val,A0xAXXysHUo_E_002290_002388_A_0081_0082,data/FineGym_data/videos/val/50/A0xAXXysHUo_E_002290_002388_A_0081_0082.mp4,50,16,100,16,44,False,False,0.29001128673553467,0.004613560042344034,0.0019435991768356569,0.5218061140039936,28,2,16,16,False,
finegym,val,aN9hSsP6xTg_E_000824_000917_A_0017_0018,data/FineGym_data/videos/val/50/aN9hSsP6xTg_E_000824_000917_A_0017_0018.mp4,50,16,100,16,51,False,False,0.1236150786280632,0.004346305970102549,0.0019435991768356569,0.5162941839080304,23,2,16,16,False,
finegym,val,A0xAXXysHUo_E_002548_002638_A_0071_0071,data/FineGym_data/videos/val/50/A0xAXXysHUo_E_002548_002638_A_0071_0071.mp4,50,16,100,16,44,False,False,0.11836084723472595,0.0041112450417131186,0.0019435991768356569,0.511212814017199,26,2,16,16,False,
finegym,val,aN3PC4tJokk_E_002527_002617_A_0058_0058,data/FineGym_data/videos/val/51/aN3PC4tJokk_E_002527_002617_A_0058_0058.mp4,51,16,100,16,55,False,True,0.17011484503746033,0.004399347002618015,0.0019435991768356569,0.506297447020188,20,2,16,16,False,
finegym,val,C5Yfd1IWjmM_E_005232_005308_A_0062_0063,data/FineGym_data/videos/val/51/C5Yfd1IWjmM_E_005232_005308_A_0062_0063.mp4,51,16,100,16,44,False,True,0.11324786394834518,0.0035653470549732447,0.0019435991768356569,0.5013126790290698,22,2,16,16,False,
finegym,val,0LtLS9wROrk_E_002756_002828_A_0054_0055,data/FineGym_data/videos/val/51/0LtLS9wROrk_E_002756_002828_A_0054_0055.mp4,51,16,100,16,55,False,True,0.7124847769737244,0.003288877080194652,0.0019435991768356569,0.4971404200186953,30,2,16,16,False,
finegym,val,BQhX6F3gpp8_E_003998_004106_A_0074_0075,data/FineGym_data/videos/val/51/BQhX6F3gpp8_E_003998_004106_A_0074_0075.mp4,51,16,100,16,55,False,True,0.310686320066452,0.0024893940426409245,0.0019435991768356569,0.49341698398347944,21,2,16,16,False,
finegym,val,aN9hSsP6xTg_E_000439_000530_A_0057_0058,data/FineGym_data/videos/val/51/aN9hSsP6xTg_E_000439_000530_A_0057_0058.mp4,51,16,100,16,55,False,True,0.782782256603241,0.0037363190203905106,0.0019435991768356569,0.49050000705756247,18,2,16,16,False,
finegym,val,aEZbP-Yephw_E_002450_002550_A_0052_0053,data/FineGym_data/videos/val/51/aEZbP-Yephw_E_002450_002550_A_0052_0053.mp4,51,16,100,16,43,False,True,0.08478730171918869,0.0031139589846134186,0.0019435991768356569,0.4863531650044024,16,1,16,16,False,
finegym,val,0LtLS9wROrk_E_006895_006995_A_0090_0090,data/FineGym_data/videos/val/51/0LtLS9wROrk_E_006895_006995_A_0090_0090.mp4,51,16,100,16,51,True,True,0.7563388347625732,0.0038196659879758954,0.0019435991768356569,0.48279522091615945,25,2,16,16,False,
finegym,val,aEZbP-Yephw_E_003121_003201_A_0019_0020,data/FineGym_data/videos/val/51/aEZbP-Yephw_E_003121_003201_A_0019_0020.mp4,51,16,100,16,51,True,True,0.41202065348625183,0.0040521330665796995,0.0019435991768356569,0.47826527897268534,19,2,16,16,False,
finegym,val,A0xAXXysHUo_E_002763_002874_A_0061_0062,data/FineGym_data/videos/val/51/A0xAXXysHUo_E_002763_002874_A_0061_0062.mp4,51,16,100,16,51,True,True,0.6857072710990906,0.0040047039510682225,0.0019435991768356569,0.4736585420323536,25,2,16,16,False,
finegym,val,0LtLS9wROrk_E_007856_007937_A_0066_0067,data/FineGym_data/videos/val/51/0LtLS9wROrk_E_007856_007937_A_0066_0067.mp4,51,16,100,16,51,True,True,0.6948975324630737,0.0038485099794343114,0.0019435991768356569,0.46890289592556655,25,2,16,16,False,
finegym,val,aEZbP-Yephw_E_000540_000626_A_0019_0020,data/FineGym_data/videos/val/51/aEZbP-Yephw_E_000540_000626_A_0019_0020.mp4,51,16,100,16,55,False,True,0.6031734943389893,0.003926958073861897,0.0019435991768356569,0.4642471659462899,20,2,16,16,False,
finegym,val,aN9hSsP6xTg_E_002211_002312_A_0064_0065,data/FineGym_data/videos/val/51/aN9hSsP6xTg_E_002211_002312_A_0064_0065.mp4,51,16,100,16,55,False,True,0.7260372638702393,0.004239566042087972,0.0019435991768356569,0.45955787401180714,20,2,16,16,False,
finegym,val,A0xAXXysHUo_E_001529_001616_A_0073_0074,data/FineGym_data/videos/val/51/A0xAXXysHUo_E_001529_001616_A_0073_0074.mp4,51,16,100,16,51,True,True,0.2630224823951721,0.0035651669604703784,0.0019435991768356569,0.4546048060292378,25,2,16,16,False,
finegym,val,A0xAXXysHUo_E_001953_002052_A_0035_0036,data/FineGym_data/videos/val/51/A0xAXXysHUo_E_001953_002052_A_0035_0036.mp4,51,16,100,16,51,True,True,0.31297460198402405,0.0037279039388522506,0.0019435991768356569,0.45025894907303154,26,2,16,16,False,
finegym,val,aN9hSsP6xTg_E_000824_000917_A_0083_0083,data/FineGym_data/videos/val/51/aN9hSsP6xTg_E_000824_000917_A_0083_0083.mp4,51,16,100,16,55,False,True,0.7197363376617432,0.004335597041063011,0.0019435991768356569,0.4457758250646293,19,2,16,16,False,
finegym,val,aN3PC4tJokk_E_004944_005043_A_0036_0037,data/FineGym_data/videos/val/51/aN3PC4tJokk_E_004944_005043_A_0036_0037.mp4,51,16,100,16,44,False,True,0.22673773765563965,0.004406441003084183,0.0019435991768356569,0.440693213022314,23,2,16,16,False,
finegym,val,aN9hSsP6xTg_E_002420_002518_A_0030_0031,data/FineGym_data/videos/val/51/aN9hSsP6xTg_E_002420_002518_A_0030_0031.mp4,51,16,100,16,55,False,True,0.9592797756195068,0.004358820035122335,0.0019435991768356569,0.43555659998673946,20,2,16,16,False,
finegym,val,aN9hSsP6xTg_E_003225_003317_A_0065_0066,data/FineGym_data/videos/val/51/aN9hSsP6xTg_E_003225_003317_A_0065_0066.mp4,51,16,100,16,55,False,True,0.6777878999710083,0.004318383987993002,0.0019435991768356569,0.43042904301546514,18,2,16,16,False,
finegym,val,BLzs5opw8uM_E_001410_001502_A_0047_0048,data/FineGym_data/videos/val/51/BLzs5opw8uM_E_001410_001502_A_0047_0048.mp4,51,16,100,16,51,True,True,0.13486969470977783,0.00336804601829499,0.0019435991768356569,0.4253781500738114,20,2,16,16,False,
finegym,val,CkNz9ZIQmZI_E_004136_004224_A_0047_0048,data/FineGym_data/videos/val/51/CkNz9ZIQmZI_E_004136_004224_A_0047_0048.mp4,51,16,100,16,44,False,True,0.22941625118255615,0.002661928068846464,0.0019435991768356569,0.42160303809214383,21,2,16,16,False,
finegym,val,aN9hSsP6xTg_E_002420_002518_A_0044_0045,data/FineGym_data/videos/val/52/aN9hSsP6xTg_E_002420_002518_A_0044_0045.mp4,52,16,100,16,55,False,False,0.4615324139595032,0.004654956981539726,0.0019435991768356569,0.41853674000594765,18,2,16,16,False,
finegym,val,aN9hSsP6xTg_E_003225_003317_A_0016_0017,data/FineGym_data/videos/val/52/aN9hSsP6xTg_E_003225_003317_A_0016_0017.mp4,52,16,100,16,55,False,False,0.6653235554695129,0.004274360951967537,0.0019435991768356569,0.41329511802177876,18,2,16,16,False,
finegym,val,AZ4wWG6Rcak_E_007152_007237_A_0045_0046,data/FineGym_data/videos/val/52/AZ4wWG6Rcak_E_007152_007237_A_0045_0046.mp4,52,16,100,16,58,False,False,0.18038411438465118,0.003227201057597995,0.0019435991768356569,0.4082356799626723,14,1,16,16,False,
finegym,val,BQhX6F3gpp8_E_004904_005002_A_0068_0069,data/FineGym_data/videos/val/52/BQhX6F3gpp8_E_004904_005002_A_0068_0069.mp4,52,16,100,16,43,False,False,0.15406416356563568,0.00391103804577142,0.0019435991768356569,0.4041767130838707,21,2,16,16,False,
finegym,val,aN9hSsP6xTg_E_000824_000917_A_0073_0074,data/FineGym_data/videos/val/52/aN9hSsP6xTg_E_000824_000917_A_0073_0074.mp4,52,16,100,16,55,False,True,0.17567789554595947,0.004369219997897744,0.0019435991768356569,0.3995740740792826,18,2,16,16,False,
finegym,val,aEZbP-Yephw_E_002450_002550_A_0070_0071,data/FineGym_data/videos/val/52/aEZbP-Yephw_E_002450_002550_A_0070_0071.mp4,52,16,100,16,43,False,True,0.15666185319423676,0.0037849609507247806,0.0019435991768356569,0.3945331110153347,17,2,16,16,False,
finegym,val,BLzs5opw8uM_E_001044_001143_A_0018_0019,data/FineGym_data/videos/val/52/BLzs5opw8uM_E_001044_001143_A_0018_0019.mp4,52,16,100,16,42,False,False,0.1460890769958496,0.003592589055188,0.0019435991768356569,0.38978980702813715,22,2,16,16,False,
finegym,val,aEZbP-Yephw_E_003547_003643_A_0072_0073,data/FineGym_data/videos/val/52/aEZbP-Yephw_E_003547_003643_A_0072_0073.mp4,52,16,100,16,55,False,True,0.5961309671401978,0.004706874955445528,0.0019435991768356569,0.3854431089712307,19,2,16,16,False,
finegym,val,aEZbP-Yephw_E_000380_000467_A_0031_0032,data/FineGym_data/videos/val/52/aEZbP-Yephw_E_000380_000467_A_0031_0032.mp4,52,16,100,16,55,False,False,0.6172657608985901,0.004560670000500977,0.0019435991768356569,0.37994517502374947,18,2,16,16,False,
finegym,val,CUuRl0Bwbbc_E_001393_001492_A_0062_0063,data/FineGym_data/videos/val/52/CUuRl0Bwbbc_E_001393_001492_A_0062_0063.mp4,52,16,100,16,52,True,True,0.4866671562194824,0.003604652010835707,0.0019435991768356569,0.3749005950521678,23,2,16,16,False,
finegym,val,CUuRl0Bwbbc_E_002152_002249_A_0082_0082,data/FineGym_data/videos/val/52/CUuRl0Bwbbc_E_002152_002249_A_0082_0082.mp4,52,16,100,16,52,True,True,0.44040241837501526,0.004063866101205349,0.0019435991768356569,0.37072171305771917,21,2,16,16,False,
finegym,val,BLzs5opw8uM_E_002316_002397_A_0025_0026,data/FineGym_data/videos/val/52/BLzs5opw8uM_E_002316_002397_A_0025_0026.mp4,52,16,100,16,55,False,False,0.28332337737083435,0.0038953080074861646,0.0019435991768356569,0.3659169740276411,19,2,16,16,False,
finegym,val,CUuRl0Bwbbc_E_001739_001844_A_0077_0078,data/FineGym_data/videos/val/52/CUuRl0Bwbbc_E_001739_001844_A_0077_0078.mp4,52,16,100,16,55,False,True,0.4585956633090973,0.0038274109829217196,0.0019435991768356569,0.3610982480458915,24,2,16,16,False,
finegym,val,BQhX6F3gpp8_E_004301_004401_A_0067_0067,data/FineGym_data/videos/val/52/BQhX6F3gpp8_E_004301_004401_A_0067_0067.mp4,52,16,100,16,55,False,True,0.4867120087146759,0.0030694849556311965,0.0019435991768356569,0.356520856032148,19,2,16,16,False,
finegym,val,CkNz9ZIQmZI_E_003943_004039_A_0087_0087,data/FineGym_data/videos/val/52/CkNz9ZIQmZI_E_003943_004039_A_0087_0087.mp4,52,16,100,16,55,False,False,0.19276675581932068,0.0030954430112615228,0.0019435991768356569,0.3526621969649568,19,2,16,16,False,
finegym,val,BLzs5opw8uM_E_002493_002590_A_0022_0022,data/FineGym_data/videos/val/52/BLzs5opw8uM_E_002493_002590_A_0022_0022.mp4,52,16,100,16,44,False,True,0.22329388558864594,0.0031602249946445227,0.0019435991768356569,0.3487769969506189,23,2,16,16,False,
finegym,val,aN9hSsP6xTg_E_002211_002312_A_0034_0035,data/FineGym_data/videos/val/52/aN9hSsP6xTg_E_002211_002312_A_0034_0035.mp4,52,16,100,16,55,False,True,0.8775972127914429,0.005134580074809492,0.0019435991768356569,0.34480685903690755,21,2,16,16,False,
finegym,val,0LtLS9wROrk_E_005787_005866_A_0022_0023,data/FineGym_data/videos/val/52/0LtLS9wROrk_E_005787_005866_A_0022_0023.mp4,52,16,100,16,42,False,False,0.330396831035614,0.004771817941218615,0.0020227159269173476,0.920235043973662,26,2,16,16,False,
finegym,val,aEZbP-Yephw_E_001550_001632_A_0061_0062,data/FineGym_data/videos/val/52/aEZbP-Yephw_E_001550_001632_A_0061_0062.mp4,52,16,100,16,55,False,False,0.6901648044586182,0.004473506007343531,0.0020227159269173476,0.9145443179877475,17,2,16,16,False,
finegym,val,AZ4wWG6Rcak_E_007413_007501_A_0037_0038,data/FineGym_data/videos/val/52/AZ4wWG6Rcak_E_007413_007501_A_0037_0038.mp4,52,16,100,16,55,False,False,0.23516176640987396,0.003883096040226519,0.0020227159269173476,0.9092240580357611,26,2,16,16,False,
finegym,val,aEZbP-Yephw_E_003121_003201_A_0010_0012,data/FineGym_data/videos/val/53/aEZbP-Yephw_E_003121_003201_A_0010_0012.mp4,53,16,100,16,53,True,True,0.201961487531662,0.005418563960120082,0.0020227159269173476,0.9045455870218575,45,3,16,16,False,
finegym,val,A0xAXXysHUo_E_002930_003025_A_0076_0078,data/FineGym_data/videos/val/53/A0xAXXysHUo_E_002930_003025_A_0076_0078.mp4,53,16,100,16,55,False,True,0.8909448385238647,0.00540101109072566,0.0020227159269173476,0.8982907090103254,67,5,16,16,False,
finegym,val,BQhX6F3gpp8_E_004570_004667_A_0055_0057,data/FineGym_data/videos/val/53/BQhX6F3gpp8_E_004570_004667_A_0055_0057.mp4,53,16,100,16,43,False,False,0.12388136982917786,0.00492689898237586,0.0020227159269173476,0.8920414119493216,57,4,16,16,False,
finegym,val,A0xAXXysHUo_E_001953_002052_A_0050_0053,data/FineGym_data/videos/val/53/A0xAXXysHUo_E_001953_002052_A_0050_0053.mp4,53,16,100,16,55,False,True,0.6323400735855103,0.007940539042465389,0.0020227159269173476,0.886310419999063,86,6,16,16,False,
finegym,val,aN9hSsP6xTg_E_000224_000318_A_0043_0045,data/FineGym_data/videos/val/53/aN9hSsP6xTg_E_000224_000318_A_0043_0045.mp4,53,16,100,16,55,False,True,0.6345696449279785,0.009500973974354565,0.0020227159269173476,0.8775985500542447,46,3,16,16,False,
finegym,val,BLzs5opw8uM_E_000826_000920_A_0027_0029,data/FineGym_data/videos/val/53/BLzs5opw8uM_E_000826_000920_A_0027_0029.mp4,53,16,100,16,55,False,True,0.624841570854187,0.009036109899170697,0.0020227159269173476,0.8662114170147106,44,3,16,16,False,
finegym,val,BLzs5opw8uM_E_004942_005045_A_0052_0054,data/FineGym_data/videos/val/53/BLzs5opw8uM_E_004942_005045_A_0052_0054.mp4,53,16,100,16,42,False,False,0.12630058825016022,0.007095098029822111,0.0020227159269173476,0.855388113996014,46,3,16,16,False,
finegym,val,BLzs5opw8uM_E_002085_002171_A_0069_0070,data/FineGym_data/videos/val/53/BLzs5opw8uM_E_002085_002171_A_0069_0070.mp4,53,16,100,16,43,False,True,0.234601229429245,0.005756841041147709,0.0020227159269173476,0.8473461649846286,36,3,16,16,False,
finegym,val,aEZbP-Yephw_E_002252_002329_A_0044_0046,data/FineGym_data/videos/val/53/aEZbP-Yephw_E_002252_002329_A_0044_0046.mp4,53,16,100,16,55,False,True,0.9744648933410645,0.005506990943104029,0.0020227159269173476,0.8403523369925097,38,3,16,16,False,
finegym,val,aEZbP-Yephw_E_003750_003845_A_0015_0017,data/FineGym_data/videos/val/54/aEZbP-Yephw_E_003750_003845_A_0015_0017.mp4,54,16,100,16,55,False,False,0.9790440201759338,0.004391220980323851,0.0020227159269173476,0.8342371430480853,34,3,16,16,False,
finegym,val,aEZbP-Yephw_E_001550_001632_A_0022_0024,data/FineGym_data/videos/val/54/aEZbP-Yephw_E_001550_001632_A_0022_0024.mp4,54,16,100,16,55,False,False,0.9166976809501648,0.003977412940002978,0.0020227159269173476,0.8293954430846497,32,2,16,16,False,
finegym,val,AZ4wWG6Rcak_E_004209_004299_A_0025_0027,data/FineGym_data/videos/val/54/AZ4wWG6Rcak_E_004209_004299_A_0025_0027.mp4,54,16,100,16,51,False,False,0.11544885486364365,0.004206423996947706,0.0020227159269173476,0.8249733539996669,40,3,16,16,False,
finegym,val,CkNz9ZIQmZI_E_003713_003816_A_0076_0077,data/FineGym_data/videos/val/54/CkNz9ZIQmZI_E_003713_003816_A_0076_0077.mp4,54,16,100,16,55,False,False,0.42840051651000977,0.0030098429415374994,0.0020227159269173476,0.8203227049671113,38,3,16,16,False,
finegym,val,BQhX6F3gpp8_E_003100_003210_A_0084_0085,data/FineGym_data/videos/val/54/BQhX6F3gpp8_E_003100_003210_A_0084_0085.mp4,54,16,100,16,55,False,False,0.7676278352737427,0.0031056730076670647,0.0020227159269173476,0.8167933051008731,45,3,16,16,False,
finegym,val,AZ4wWG6Rcak_E_006115_006196_A_0025_0026,data/FineGym_data/videos/val/54/AZ4wWG6Rcak_E_006115_006196_A_0025_0026.mp4,54,16,100,16,55,False,False,0.6147220134735107,0.0038196860114112496,0.0020227159269173476,0.8132641150150448,28,2,16,16,False,
finegym,val,AZ4wWG6Rcak_E_005608_005706_A_0057_0059,data/FineGym_data/videos/val/54/AZ4wWG6Rcak_E_005608_005706_A_0057_0059.mp4,54,16,100,16,55,False,False,0.3827036917209625,0.004805551026947796,0.0020227159269173476,0.8087774639716372,50,4,16,16,False,
finegym,val,aN9hSsP6xTg_E_000824_000917_A_0049_0051,data/FineGym_data/videos/val/54/aN9hSsP6xTg_E_000824_000917_A_0049_0051.mp4,54,16,100,16,55,False,False,0.45810431241989136,0.004823244991712272,0.0020227159269173476,0.8035446000285447,42,3,16,16,False,
finegym,val,AZ4wWG6Rcak_E_007152_007237_A_0062_0063,data/FineGym_data/videos/val/54/AZ4wWG6Rcak_E_007152_007237_A_0062_0063.mp4,54,16,100,16,58,False,False,0.17939016222953796,0.005403385031968355,0.0020227159269173476,0.7982920680660754,38,3,16,16,False,
finegym,val,BQhX6F3gpp8_E_004570_004667_A_0059_0061,data/FineGym_data/videos/val/54/BQhX6F3gpp8_E_004570_004667_A_0059_0061.mp4,54,16,100,16,55,False,False,0.3952646255493164,0.0044173800852149725,0.0020227159269173476,0.7922747969860211,48,3,16,16,False,
finegym,val,aEZbP-Yephw_E_002874_002957_A_0011_0012,data/FineGym_data/videos/val/54/aEZbP-Yephw_E_002874_002957_A_0011_0012.mp4,54,16,100,16,55,False,False,0.6487888097763062,0.004757559974677861,0.0020227159269173476,0.7869558210950345,33,3,16,16,False,
finegym,val,AZ4wWG6Rcak_E_006218_006294_A_0029_0031,data/FineGym_data/videos/val/54/AZ4wWG6Rcak_E_006218_006294_A_0029_0031.mp4,54,16,100,16,55,False,False,0.15356303751468658,0.004058674909174442,0.0020227159269173476,0.781659445958212,34,3,16,16,False,
finegym,val,BQhX6F3gpp8_E_003413_003501_A_0048_0049,data/FineGym_data/videos/val/54/BQhX6F3gpp8_E_003413_003501_A_0048_0049.mp4,54,16,100,16,43,False,False,0.27814173698425293,0.004479237017221749,0.0020227159269173476,0.776816054014489,38,3,16,16,False,
finegym,val,aN9hSsP6xTg_E_002533_002622_A_0036_0036,data/FineGym_data/videos/val/55/aN9hSsP6xTg_E_002533_002622_A_0036_0036.mp4,55,16,100,16,55,True,True,0.40029555559158325,0.00459263997618109,0.0020227159269173476,0.7717296049231663,20,2,16,16,False,
finegym,val,A0xAXXysHUo_E_001529_001616_A_0045_0046,data/FineGym_data/videos/val/55/A0xAXXysHUo_E_001529_001616_A_0045_0046.mp4,55,16,100,16,55,True,True,0.8962017893791199,0.004825489013455808,0.0020227159269173476,0.7667004730319604,32,2,16,16,False,
finegym,val,aN3PC4tJokk_E_002527_002617_A_0066_0068,data/FineGym_data/videos/val/55/aN3PC4tJokk_E_002527_002617_A_0066_0068.mp4,55,16,100,16,55,True,True,0.9113641977310181,0.00502630602568388,0.0020227159269173476,0.7610952579416335,47,3,16,16,False,
finegym,val,A0xAXXysHUo_E_002290_002388_A_0029_0032,data/FineGym_data/videos/val/55/A0xAXXysHUo_E_002290_002388_A_0029_0032.mp4,55,16,100,16,55,True,True,0.15469598770141602,0.0070999470772221684,0.0020227159269173476,0.7552446509944275,106,7,16,16,False,
finegym,val,0LtLS9wROrk_E_005417_005494_A_0017_0018,data/FineGym_data/videos/val/55/0LtLS9wROrk_E_005417_005494_A_0017_0018.mp4,55,16,100,16,60,False,False,0.3831978142261505,0.004069776041433215,0.0020227159269173476,0.7475495730759576,33,3,16,16,False,
finegym,val,0LtLS9wROrk_E_005787_005866_A_0062_0063,data/FineGym_data/videos/val/55/0LtLS9wROrk_E_005787_005866_A_0062_0063.mp4,55,16,100,16,55,True,True,0.8388015031814575,0.004202096024528146,0.0020227159269173476,0.7427232639165595,35,3,16,16,False,
finegym,val,A0xAXXysHUo_E_002930_003025_A_0078_0079,data/FineGym_data/videos/val/55/A0xAXXysHUo_E_002930_003025_A_0078_0079.mp4,55,16,100,16,55,True,True,0.6678628325462341,0.0039060290437191725,0.0020227159269173476,0.7380237919278443,30,2,16,16,False,
finegym,val,aEZbP-Yephw_E_000380_000467_A_0059_0060,data/FineGym_data/videos/val/55/aEZbP-Yephw_E_000380_000467_A_0059_0060.mp4,55,16,100,16,55,True,True,0.9245839715003967,0.005050953011959791,0.0020227159269173476,0.7332510340493172,33,3,16,16,False,
finegym,val,0LtLS9wROrk_E_007241_007324_A_0041_0043,data/FineGym_data/videos/val/55/0LtLS9wROrk_E_007241_007324_A_0041_0043.mp4,55,16,100,16,55,True,True,0.978046715259552,0.0040694959461688995,0.0020227159269173476,0.7274061170173809,45,3,16,16,False,
finegym,val,0LtLS9wROrk_E_002451_002529_A_0048_0049,data/FineGym_data/videos/val/55/0LtLS9wROrk_E_002451_002529_A_0048_0049.mp4,55,16,100,16,42,False,True,0.4914216101169586,0.004139958997257054,0.0020227159269173476,0.7226266850484535,41,3,16,16,False,
finegym,val,0LtLS9wROrk_E_003663_003757_A_0041_0043,data/FineGym_data/videos/val/55/0LtLS9wROrk_E_003663_003757_A_0041_0043.mp4,55,16,100,16,55,True,True,0.6492032408714294,0.004482752992771566,0.0020227159269173476,0.7176986041013151,55,4,16,16,False,
finegym,val,A0xAXXysHUo_E_001953_002052_A_0053_0054,data/FineGym_data/videos/val/55/A0xAXXysHUo_E_001953_002052_A_0053_0054.mp4,55,16,100,16,55,True,True,0.5028967261314392,0.003610573010519147,0.0020227159269173476,0.7123594990698621,31,2,16,16,False,
finegym,val,0LtLS9wROrk_E_004181_004254_A_0037_0039,data/FineGym_data/videos/val/55/0LtLS9wROrk_E_004181_004254_A_0037_0039.mp4,55,16,100,16,55,True,True,0.6120659112930298,0.003181004081852734,0.0020227159269173476,0.7079306379891932,37,3,16,16,False,
finegym,val,0LtLS9wROrk_E_007548_007611_A_0026_0028,data/FineGym_data/videos/val/55/0LtLS9wROrk_E_007548_007611_A_0026_0028.mp4,55,16,100,16,55,True,True,0.9770448207855225,0.0035799649776890874,0.0020227159269173476,0.7039999929256737,44,3,16,16,False,
finegym,val,0LtLS9wROrk_E_006895_006995_A_0031_0032,data/FineGym_data/videos/val/55/0LtLS9wROrk_E_006895_006995_A_0031_0032.mp4,55,16,100,16,55,True,True,0.9118177890777588,0.004623137996532023,0.0020227159269173476,0.6996109359897673,47,3,16,16,False,
finegym,val,aEZbP-Yephw_E_003547_003643_A_0079_0081,data/FineGym_data/videos/val/55/aEZbP-Yephw_E_003547_003643_A_0079_0081.mp4,55,16,100,16,55,True,True,0.8992587924003601,0.0045088030165061355,0.0020227159269173476,0.6941449620062485,33,3,16,16,False,
finegym,val,0LtLS9wROrk_E_002756_002828_A_0030_0031,data/FineGym_data/videos/val/55/0LtLS9wROrk_E_002756_002828_A_0030_0031.mp4,55,16,100,16,55,True,True,0.3401232957839966,0.0042215329594910145,0.0020227159269173476,0.6891955099999905,44,3,16,16,False,
finegym,val,0LtLS9wROrk_E_003057_003120_A_0028_0029,data/FineGym_data/videos/val/55/0LtLS9wROrk_E_003057_003120_A_0028_0029.mp4,55,16,100,16,55,True,True,0.9571625590324402,0.0038210690254345536,0.0020227159269173476,0.6845420249737799,48,3,16,16,False,
finegym,val,aN9hSsP6xTg_E_000824_000917_A_0068_0069,data/FineGym_data/videos/val/55/aN9hSsP6xTg_E_000824_000917_A_0068_0069.mp4,55,16,100,16,55,True,True,0.8921589851379395,0.00484697800129652,0.0020227159269173476,0.6801864911103621,33,3,16,16,False,
finegym,val,0LtLS9wROrk_E_003346_003423_A_0044_0046,data/FineGym_data/videos/val/55/0LtLS9wROrk_E_003346_003423_A_0044_0046.mp4,55,16,100,16,55,True,True,0.45538702607154846,0.0037090579280629754,0.0020227159269173476,0.6749196030432358,44,3,16,16,False,
finegym,val,e3EsDlpNo0c_E_008427_008518_A_0018_0019,data/FineGym_data/videos/val/56/e3EsDlpNo0c_E_008427_008518_A_0018_0019.mp4,56,16,100,16,56,True,True,0.11619551479816437,0.0037397759733721614,0.0020227159269173476,0.6707719590049237,53,4,16,16,False,
finegym,val,AZ4wWG6Rcak_E_006218_006294_A_0045_0047,data/FineGym_data/videos/val/56/AZ4wWG6Rcak_E_006218_006294_A_0045_0047.mp4,56,16,100,16,56,True,True,0.04529595375061035,0.004413353046402335,0.0020227159269173476,0.6666069539496675,50,4,16,16,False,
finegym,val,fDa0HpoXES4_E_003661_003749_A_0020_0022,data/FineGym_data/videos/val/56/fDa0HpoXES4_E_003661_003749_A_0020_0022.mp4,56,16,100,16,44,False,True,0.18015766143798828,0.005090647959150374,0.0020227159269173476,0.6617363099940121,72,5,16,16,False,
finegym,val,fDa0HpoXES4_E_004226_004304_A_0020_0022,data/FineGym_data/videos/val/56/fDa0HpoXES4_E_004226_004304_A_0020_0022.mp4,56,16,100,16,44,False,True,0.13381023705005646,0.0044350039679557085,0.0020227159269173476,0.6562150020617992,65,5,16,16,False,
finegym,val,aN3PC4tJokk_E_001804_001903_A_0052_0054,data/FineGym_data/videos/val/56/aN3PC4tJokk_E_001804_001903_A_0052_0054.mp4,56,16,100,16,79,False,False,0.05269049108028412,0.006444714963436127,0.0020227159269173476,0.651320384000428,65,5,16,16,False,
finegym,val,C5Yfd1IWjmM_E_005232_005308_A_0013_0014,data/FineGym_data/videos/val/56/C5Yfd1IWjmM_E_005232_005308_A_0013_0014.mp4,56,16,100,16,55,False,False,0.447215735912323,0.004080576938576996,0.0020227159269173476,0.644445430021733,54,4,16,16,False,
finegym,val,fDa0HpoXES4_E_001378_001463_A_0010_0012,data/FineGym_data/videos/val/56/fDa0HpoXES4_E_001378_001463_A_0010_0012.mp4,56,16,100,16,63,False,True,0.1550440639257431,0.0036661570193246007,0.0020227159269173476,0.6399539000121877,48,3,16,16,False,
finegym,val,e3EsDlpNo0c_E_006000_006094_A_0011_0014,data/FineGym_data/videos/val/56/e3EsDlpNo0c_E_006000_006094_A_0011_0014.mp4,56,16,100,16,56,True,True,0.2812245488166809,0.004637364996597171,0.0020227159269173476,0.6358574229525402,68,5,16,16,False,
finegym,val,fDa0HpoXES4_E_001129_001227_A_0019_0021,data/FineGym_data/videos/val/56/fDa0HpoXES4_E_001129_001227_A_0019_0021.mp4,56,16,100,16,56,True,True,0.3100207448005676,0.004554930026642978,0.0020227159269173476,0.6303493609884754,63,4,16,16,False,
finegym,val,aN3PC4tJokk_E_003003_003112_A_0013_0015,data/FineGym_data/videos/val/56/aN3PC4tJokk_E_003003_003112_A_0013_0015.mp4,56,16,100,16,44,False,False,0.20579589903354645,0.005899889976717532,0.0020227159269173476,0.6249947570031509,59,4,16,16,False,
finegym,val,eH-ZgOT8ASM_E_006965_007066_A_0083_0085,data/FineGym_data/videos/val/56/eH-ZgOT8ASM_E_006965_007066_A_0083_0085.mp4,56,16,100,16,60,False,False,0.19774019718170166,0.00504288705997169,0.0020227159269173476,0.6183183260727674,47,3,16,16,False,
finegym,val,e3EsDlpNo0c_E_005562_005653_A_0033_0034,data/FineGym_data/videos/val/57/e3EsDlpNo0c_E_005562_005653_A_0033_0034.mp4,57,16,100,16,44,False,True,0.18073886632919312,0.0032631990034133196,0.0020227159269173476,0.612650261959061,27,2,16,16,False,
finegym,val,C5Yfd1IWjmM_E_005232_005308_A_0037_0038,data/FineGym_data/videos/val/57/C5Yfd1IWjmM_E_005232_005308_A_0037_0038.mp4,57,16,100,16,51,False,False,0.17255261540412903,0.0033411550102755427,0.0020227159269173476,0.6088461159961298,27,2,16,16,False,
finegym,val,aEZbP-Yephw_E_001550_001632_A_0013_0014,data/FineGym_data/videos/val/57/aEZbP-Yephw_E_001550_001632_A_0013_0014.mp4,57,16,100,16,60,False,False,0.16149087250232697,0.003603879944421351,0.0020227159269173476,0.6050665150396526,18,2,16,16,False,
finegym,val,A0xAXXysHUo_E_002548_002638_A_0026_0028,data/FineGym_data/videos/val/57/A0xAXXysHUo_E_002548_002638_A_0026_0028.mp4,57,16,100,16,60,False,False,0.11783675104379654,0.004279821994714439,0.0020227159269173476,0.6010616510175169,42,3,16,16,False,
finegym,val,e3EsDlpNo0c_E_006565_006650_A_0022_0023,data/FineGym_data/videos/val/57/e3EsDlpNo0c_E_006565_006650_A_0022_0023.mp4,57,16,100,16,58,False,False,0.2133098989725113,0.0029861180810257792,0.0020227159269173476,0.5963537939824164,28,2,16,16,False,
finegym,val,CUuRl0Bwbbc_E_001154_001243_A_0071_0072,data/FineGym_data/videos/val/57/CUuRl0Bwbbc_E_001154_001243_A_0071_0072.mp4,57,16,100,16,58,False,True,0.06330995261669159,0.0030067459447309375,0.0020227159269173476,0.5929496589815244,22,2,16,16,False,
finegym,val,E3AHJ6-QS8M_E_004008_004096_A_0022_0023,data/FineGym_data/videos/val/57/E3AHJ6-QS8M_E_004008_004096_A_0022_0023.mp4,57,16,100,16,60,False,True,0.20132826268672943,0.0037497649900615215,0.0020227159269173476,0.589533502003178,22,2,16,16,False,
finegym,val,DyZ2qj6x1UE_E_004547_004630_A_0023_0024,data/FineGym_data/videos/val/57/DyZ2qj6x1UE_E_004547_004630_A_0023_0024.mp4,57,16,100,16,76,False,False,0.1832665354013443,0.0043364790035411716,0.0020227159269173476,0.5852958799805492,27,2,16,16,False,
finegym,val,aEZbP-Yephw_E_003968_004062_A_0028_0029,data/FineGym_data/videos/val/57/aEZbP-Yephw_E_003968_004062_A_0028_0029.mp4,57,16,100,16,58,False,False,0.5289232134819031,0.003874999936670065,0.0020227159269173476,0.580544300028123,30,2,16,16,False,
finegym,val,aEZbP-Yephw_E_001550_001632_A_0046_0047,data/FineGym_data/videos/val/58/aEZbP-Yephw_E_001550_001632_A_0046_0047.mp4,58,16,100,16,58,True,True,0.1381659358739853,0.0036954929819330573,0.0020227159269173476,0.5762489299522713,23,2,16,16,False,
finegym,val,aEZbP-Yephw_E_002874_002957_A_0051_0052,data/FineGym_data/videos/val/58/aEZbP-Yephw_E_002874_002957_A_0051_0052.mp4,58,16,100,16,60,False,True,0.12047681957483292,0.0036125669721513987,0.0020227159269173476,0.5721269139321521,19,2,16,16,False,
finegym,val,0LtLS9wROrk_E_005787_005866_A_0037_0038,data/FineGym_data/videos/val/58/0LtLS9wROrk_E_005787_005866_A_0037_0038.mp4,58,16,100,16,42,False,True,0.23221592605113983,0.003999234060756862,0.0020227159269173476,0.5681044469820336,39,3,16,16,False,
finegym,val,aEZbP-Yephw_E_003121_003201_A_0017_0018,data/FineGym_data/videos/val/58/aEZbP-Yephw_E_003121_003201_A_0017_0018.mp4,58,16,100,16,58,True,True,0.15350639820098877,0.003722163033671677,0.0020227159269173476,0.5636146400356665,24,2,16,16,False,
finegym,val,A0xAXXysHUo_E_002930_003025_A_0069_0070,data/FineGym_data/videos/val/58/A0xAXXysHUo_E_002930_003025_A_0069_0070.mp4,58,16,100,16,66,False,True,0.14383143186569214,0.003628716920502484,0.0020227159269173476,0.5595035650767386,30,2,16,16,False,
finegym,val,aEZbP-Yephw_E_000540_000626_A_0016_0017,data/FineGym_data/videos/val/58/aEZbP-Yephw_E_000540_000626_A_0016_0017.mp4,58,16,100,16,60,False,True,0.14260393381118774,0.0035467420239001513,0.0020227159269173476,0.5554435279918835,22,2,16,16,False,
finegym,val,A0xAXXysHUo_E_002290_002388_A_0023_0024,data/FineGym_data/videos/val/58/A0xAXXysHUo_E_002290_002388_A_0023_0024.mp4,58,16,100,16,66,False,True,0.24109596014022827,0.003703737980686128,0.0020227159269173476,0.5514974039979279,31,2,16,16,False,
finegym,val,0LtLS9wROrk_E_006600_006668_A_0052_0054,data/FineGym_data/videos/val/58/0LtLS9wROrk_E_006600_006668_A_0052_0054.mp4,58,16,100,16,55,False,True,0.4110504686832428,0.003984456066973507,0.0020227159269173476,0.5473967890720814,52,4,16,16,False,
finegym,val,aEZbP-Yephw_E_003750_003845_A_0053_0054,data/FineGym_data/videos/val/58/aEZbP-Yephw_E_003750_003845_A_0053_0054.mp4,58,16,100,16,66,False,True,0.12342880666255951,0.003869058913551271,0.0020227159269173476,0.542992162052542,30,2,16,16,False,
finegym,val,A0xAXXysHUo_E_002763_002874_A_0055_0056,data/FineGym_data/videos/val/58/A0xAXXysHUo_E_002763_002874_A_0055_0056.mp4,58,16,100,16,58,True,True,0.1542358249425888,0.004093121038749814,0.0020227159269173476,0.5386930340901017,28,2,16,16,False,
finegym,val,aEZbP-Yephw_E_000380_000467_A_0070_0071,data/FineGym_data/videos/val/58/aEZbP-Yephw_E_000380_000467_A_0070_0071.mp4,58,16,100,16,58,True,True,0.32046616077423096,0.0037327830214053392,0.0020227159269173476,0.5337704929988831,23,2,16,16,False,
finegym,val,aEZbP-Yephw_E_002450_002550_A_0048_0049,data/FineGym_data/videos/val/58/aEZbP-Yephw_E_002450_002550_A_0048_0049.mp4,58,16,100,16,60,False,True,0.04925007373094559,0.003374708932824433,0.0020227159269173476,0.5292927890550345,24,2,16,16,False,
finegym,val,A0xAXXysHUo_E_002548_002638_A_0052_0053,data/FineGym_data/videos/val/58/A0xAXXysHUo_E_002548_002638_A_0052_0053.mp4,58,16,100,16,44,False,True,0.07434136420488358,0.004521325929090381,0.0020227159269173476,0.525179831078276,27,2,16,16,False,
finegym,val,A0xAXXysHUo_E_003242_003342_A_0009_0010,data/FineGym_data/videos/val/58/A0xAXXysHUo_E_003242_003342_A_0009_0010.mp4,58,16,100,16,44,False,True,0.2283114194869995,0.004133186070248485,0.0020227159269173476,0.5200507309054956,28,2,16,16,False,
finegym,val,AZ4wWG6Rcak_E_004209_004299_A_0055_0056,data/FineGym_data/videos/val/59/AZ4wWG6Rcak_E_004209_004299_A_0055_0056.mp4,59,16,100,16,59,True,True,0.0815453976392746,0.003727913019247353,0.0020227159269173476,0.5154950509313494,22,2,16,16,False,
finegym,val,A0xAXXysHUo_E_002548_002638_A_0019_0020,data/FineGym_data/videos/val/59/A0xAXXysHUo_E_002548_002638_A_0019_0020.mp4,59,16,100,16,44,False,False,0.05753423273563385,0.003509602975100279,0.0020227159269173476,0.5113305660197511,32,2,16,16,False,
finegym,val,0LtLS9wROrk_E_005117_005196_A_0024_0025,data/FineGym_data/videos/val/59/0LtLS9wROrk_E_005117_005196_A_0024_0025.mp4,59,16,100,16,55,False,False,0.24577662348747253,0.0035243609454482794,0.0020227159269173476,0.5072762479539961,48,3,16,16,False,
finegym,val,aEZbP-Yephw_E_003968_004062_A_0020_0021,data/FineGym_data/videos/val/59/aEZbP-Yephw_E_003968_004062_A_0020_0021.mp4,59,16,100,16,68,False,True,0.0990840420126915,0.0038236730033531785,0.0020227159269173476,0.5033027229364961,27,2,16,16,False,
finegym,val,aN9hSsP6xTg_E_002211_002312_A_0043_0044,data/FineGym_data/videos/val/59/aN9hSsP6xTg_E_002211_002312_A_0043_0044.mp4,59,16,100,16,55,False,False,0.07180909812450409,0.004002669942565262,0.0020227159269173476,0.4990709919948131,19,2,16,16,False,
finegym,val,BLzs5opw8uM_E_000826_000920_A_0020_0021,data/FineGym_data/videos/val/59/BLzs5opw8uM_E_000826_000920_A_0020_0021.mp4,59,16,100,16,79,False,True,0.12686534225940704,0.00475755101069808,0.0020227159269173476,0.49464275094214827,34,3,16,16,False,
finegym,val,0LtLS9wROrk_E_006600_006668_A_0031_0032,data/FineGym_data/videos/val/59/0LtLS9wROrk_E_006600_006668_A_0031_0032.mp4,59,16,100,16,60,False,True,0.6365056037902832,0.003558153985068202,0.0020227159269173476,0.48941255104728043,38,3,16,16,False,
finegym,val,aEZbP-Yephw_E_000540_000626_A_0051_0052,data/FineGym_data/videos/val/59/aEZbP-Yephw_E_000540_000626_A_0051_0052.mp4,59,16,100,16,68,False,True,0.2722536325454712,0.0037899910239502788,0.0020227159269173476,0.4854145790450275,21,2,16,16,False,
finegym,val,AZ4wWG6Rcak_E_007888_007961_A_0028_0029,data/FineGym_data/videos/val/59/AZ4wWG6Rcak_E_007888_007961_A_0028_0029.mp4,59,16,100,16,66,False,True,0.13077312707901,0.003275242052040994,0.0020227159269173476,0.48121611098758876,26,2,16,16,False,
finegym,val,AZ4wWG6Rcak_E_004073_004175_A_0035_0036,data/FineGym_data/videos/val/59/AZ4wWG6Rcak_E_004073_004175_A_0035_0036.mp4,59,16,100,16,44,False,False,0.09125813841819763,0.003271845984272659,0.0020227159269173476,0.47752344293985516,23,2,16,16,False,
finegym,val,0LtLS9wROrk_E_007548_007611_A_0018_0019,data/FineGym_data/videos/val/59/0LtLS9wROrk_E_007548_007611_A_0018_0019.mp4,59,16,100,16,59,True,True,0.3619959354400635,0.0036004040157422423,0.0020227159269173476,0.47383537504356354,38,3,16,16,False,
finegym,val,A0xAXXysHUo_E_002930_003025_A_0046_0047,data/FineGym_data/videos/val/59/A0xAXXysHUo_E_002930_003025_A_0046_0047.mp4,59,16,100,16,55,False,True,0.31044504046440125,0.004588493029586971,0.0020227159269173476,0.4692499180091545,35,3,16,16,False,
finegym,val,A0xAXXysHUo_E_002290_002388_A_0048_0049,data/FineGym_data/videos/val/59/A0xAXXysHUo_E_002290_002388_A_0048_0049.mp4,59,16,100,16,68,False,False,0.06743353605270386,0.003163432003930211,0.0020227159269173476,0.4639065050287172,30,2,16,16,False,
finegym,val,aN9hSsP6xTg_E_000439_000530_A_0023_0024,data/FineGym_data/videos/val/59/aN9hSsP6xTg_E_000439_000530_A_0023_0024.mp4,59,16,100,16,68,False,False,0.09858541935682297,0.00379079207777977,0.0020227159269173476,0.45998522790614516,24,2,16,16,False,
finegym,val,0LtLS9wROrk_E_007856_007937_A_0031_0032,data/FineGym_data/videos/val/59/0LtLS9wROrk_E_007856_007937_A_0031_0032.mp4,59,16,100,16,55,False,True,0.24194112420082092,0.0034244530834257603,0.0020227159269173476,0.4554717360297218,42,3,16,16,False,
finegym,val,AZ4wWG6Rcak_E_005608_005706_A_0066_0067,data/FineGym_data/videos/val/59/AZ4wWG6Rcak_E_005608_005706_A_0066_0067.mp4,59,16,100,16,66,False,False,0.157759428024292,0.0032038079807534814,0.0020227159269173476,0.4512812530156225,21,2,16,16,False,
finegym,val,0LtLS9wROrk_E_002756_002828_A_0022_0023,data/FineGym_data/videos/val/59/0LtLS9wROrk_E_002756_002828_A_0022_0023.mp4,59,16,100,16,55,False,True,0.3616560697555542,0.003653874038718641,0.0020227159269173476,0.44736536603886634,39,3,16,16,False,
finegym,val,aN9hSsP6xTg_E_000439_000530_A_0022_0023,data/FineGym_data/videos/val/59/aN9hSsP6xTg_E_000439_000530_A_0022_0023.mp4,59,16,100,16,66,False,False,0.18379364907741547,0.0045271170092746615,0.002096846436567527,1.0400392960291356,17,2,16,16,False,
finegym,val,0LtLS9wROrk_E_006284_006358_A_0030_0032,data/FineGym_data/videos/val/59/0LtLS9wROrk_E_006284_006358_A_0030_0032.mp4,59,16,100,16,55,False,True,0.6945873498916626,0.004527537035755813,0.002096846436567527,1.0346187880495563,37,3,16,16,False,
finegym,val,A0xAXXysHUo_E_001953_002052_A_0022_0023,data/FineGym_data/videos/val/59/A0xAXXysHUo_E_001953_002052_A_0022_0023.mp4,59,16,100,16,55,False,True,0.13519209623336792,0.00540415698196739,0.002096846436567527,1.0295108179561794,36,3,16,16,False,
finegym,val,A0xAXXysHUo_E_001529_001616_A_0038_0039,data/FineGym_data/videos/val/60/A0xAXXysHUo_E_001529_001616_A_0038_0039.mp4,60,16,100,16,55,False,False,0.4371753931045532,0.004883868037723005,0.002096846436567527,1.0232731330906972,33,3,16,16,False,
finegym,val,aN3PC4tJokk_E_003003_003112_A_0066_0067,data/FineGym_data/videos/val/60/aN3PC4tJokk_E_003003_003112_A_0066_0067.mp4,60,16,100,16,76,False,True,0.1464674472808838,0.005012641078792512,0.002096846436567527,1.0176350560504943,20,2,16,16,False,
finegym,val,aEZbP-Yephw_E_000540_000626_A_0031_0031,data/FineGym_data/videos/val/60/aEZbP-Yephw_E_000540_000626_A_0031_0031.mp4,60,16,100,16,60,True,True,0.25692620873451233,0.004248281940817833,0.002096846436567527,1.011911257985048,18,2,16,16,False,
finegym,val,A0xAXXysHUo_E_002290_002388_A_0068_0069,data/FineGym_data/videos/val/60/A0xAXXysHUo_E_002290_002388_A_0068_0069.mp4,60,16,100,16,66,False,True,0.10799390822649002,0.00393378094304353,0.002096846436567527,1.007118611014448,27,2,16,16,False,
finegym,val,aN9hSsP6xTg_E_000224_000318_A_0016_0017,data/FineGym_data/videos/val/60/aN9hSsP6xTg_E_000224_000318_A_0016_0017.mp4,60,16,100,16,66,False,True,0.1659156233072281,0.004195644054561853,0.002096846436567527,1.0023159550037235,20,2,16,16,False,
finegym,val,A0xAXXysHUo_E_003242_003342_A_0038_0039,data/FineGym_data/videos/val/60/A0xAXXysHUo_E_003242_003342_A_0038_0039.mp4,60,16,100,16,58,False,False,0.08713728189468384,0.004261096008121967,0.002096846436567527,0.9975480861030519,28,2,16,16,False,
finegym,val,aN9hSsP6xTg_E_002931_003029_A_0033_0033,data/FineGym_data/videos/val/60/aN9hSsP6xTg_E_002931_003029_A_0033_0033.mp4,60,16,100,16,55,False,False,0.3468550741672516,0.0041756449500098825,0.002096846436567527,0.9923724379623309,19,2,16,16,False,
finegym,val,aEZbP-Yephw_E_003968_004062_A_0037_0037,data/FineGym_data/videos/val/60/aEZbP-Yephw_E_003968_004062_A_0037_0037.mp4,60,16,100,16,58,False,True,0.110139861702919,0.004293136997148395,0.002096846436567527,0.9873226080089808,20,2,16,16,False,
finegym,val,A0xAXXysHUo_E_002930_003025_A_0019_0020,data/FineGym_data/videos/val/60/A0xAXXysHUo_E_002930_003025_A_0019_0020.mp4,60,16,100,16,55,False,True,0.2938893437385559,0.005275484989397228,0.002096846436567527,0.9824408940039575,33,3,16,16,False,
finegym,val,A0xAXXysHUo_E_002930_003025_A_0058_0059,data/FineGym_data/videos/val/60/A0xAXXysHUo_E_002930_003025_A_0058_0059.mp4,60,16,100,16,55,False,True,0.11810445785522461,0.004538889043033123,0.002096846436567527,0.9762783499900252,35,3,16,16,False,
finegym,val,aN9hSsP6xTg_E_001436_001527_A_0031_0032,data/FineGym_data/videos/val/60/aN9hSsP6xTg_E_001436_001527_A_0031_0032.mp4,60,16,100,16,79,False,True,0.14021284878253937,0.003961313050240278,0.002096846436567527,0.9712499399902299,19,2,16,16,False,
finegym,val,aN3PC4tJokk_E_001804_001903_A_0045_0045,data/FineGym_data/videos/val/60/aN3PC4tJokk_E_001804_001903_A_0045_0045.mp4,60,16,100,16,44,False,False,0.12808111310005188,0.005215312005020678,0.002096846436567527,0.9667683690786362,28,2,16,16,False,
finegym,val,aN9hSsP6xTg_E_002211_002312_A_0021_0022,data/FineGym_data/videos/val/60/aN9hSsP6xTg_E_002211_002312_A_0021_0022.mp4,60,16,100,16,66,False,True,0.22413799166679382,0.005594795919023454,0.002096846436567527,0.9610686759697273,21,2,16,16,False,
finegym,val,aN9hSsP6xTg_E_000439_000530_A_0032_0032,data/FineGym_data/videos/val/60/aN9hSsP6xTg_E_000439_000530_A_0032_0032.mp4,60,16,100,16,64,False,True,0.07212305068969727,0.004320948966778815,0.002096846436567527,0.9546069289790466,19,2,16,16,False,
finegym,val,A0xAXXysHUo_E_002548_002638_A_0035_0036,data/FineGym_data/videos/val/60/A0xAXXysHUo_E_002548_002638_A_0035_0036.mp4,60,16,100,16,55,False,True,0.0936274304986,0.0044277909910306334,0.002096846436567527,0.9494711469160393,39,3,16,16,False,
finegym,val,aEZbP-Yephw_E_002252_002329_A_0018_0019,data/FineGym_data/videos/val/60/aEZbP-Yephw_E_002252_002329_A_0018_0019.mp4,60,16,100,16,58,False,True,0.16902701556682587,0.0049769829493016005,0.002096846436567527,0.9441112229833379,26,2,16,16,False,
finegym,val,aN9hSsP6xTg_E_003225_003317_A_0029_0030,data/FineGym_data/videos/val/60/aN9hSsP6xTg_E_003225_003317_A_0029_0030.mp4,60,16,100,16,60,True,True,0.29912838339805603,0.004482432967051864,0.002096846436567527,0.9385042439680547,21,2,16,16,False,
finegym,val,aEZbP-Yephw_E_000380_000467_A_0051_0052,data/FineGym_data/videos/val/60/aEZbP-Yephw_E_000380_000467_A_0051_0052.mp4,60,16,100,16,60,True,True,0.3182968199253082,0.004627906950190663,0.002096846436567527,0.9331568639026955,24,2,16,16,False,
finegym,val,aEZbP-Yephw_E_003547_003643_A_0024_0025,data/FineGym_data/videos/val/60/aEZbP-Yephw_E_003547_003643_A_0024_0025.mp4,60,16,100,16,58,False,True,0.09665083885192871,0.0038322799373418093,0.002096846436567527,0.9280243179528043,23,2,16,16,False,
finegym,val,aN3PC4tJokk_E_003003_003112_A_0093_0094,data/FineGym_data/videos/val/60/aN3PC4tJokk_E_003003_003112_A_0093_0094.mp4,60,16,100,16,43,False,False,0.2561134397983551,0.004431116045452654,0.002096846436567527,0.9237422009464353,23,2,16,16,False,
finegym,val,BLzs5opw8uM_E_002316_002397_A_0056_0058,data/FineGym_data/videos/val/61/BLzs5opw8uM_E_002316_002397_A_0056_0058.mp4,61,16,100,16,42,False,False,0.09074598550796509,0.0045451909536495805,0.002096846436567527,0.9187305730301887,44,3,16,16,False,
finegym,val,CUuRl0Bwbbc_E_001154_001243_A_0038_0039,data/FineGym_data/videos/val/61/CUuRl0Bwbbc_E_001154_001243_A_0038_0039.mp4,61,16,100,16,60,False,False,0.07313962280750275,0.0033224800135940313,0.002096846436567527,0.913453285000287,26,2,16,16,False,
finegym,val,BLzs5opw8uM_E_004323_004411_A_0062_0063,data/FineGym_data/videos/val/61/BLzs5opw8uM_E_004323_004411_A_0062_0063.mp4,61,16,100,16,58,False,False,0.07004691660404205,0.004684443003498018,0.002096846436567527,0.9095565039897338,39,3,16,16,False,
finegym,val,aN9hSsP6xTg_E_000439_000530_A_0078_0079,data/FineGym_data/videos/val/61/aN9hSsP6xTg_E_000439_000530_A_0078_0079.mp4,61,16,100,16,55,False,True,0.19663891196250916,0.004591827979311347,0.002096846436567527,0.9041339620016515,18,2,16,16,False,
finegym,val,0LtLS9wROrk_E_006600_006668_A_0042_0043,data/FineGym_data/videos/val/61/0LtLS9wROrk_E_006600_006668_A_0042_0043.mp4,61,16,100,16,58,False,False,0.19559748470783234,0.004189151921309531,0.002096846436567527,0.8987309669610113,36,3,16,16,False,
finegym,val,BQhX6F3gpp8_E_003413_003501_A_0055_0057,data/FineGym_data/videos/val/61/BQhX6F3gpp8_E_003413_003501_A_0055_0057.mp4,61,16,100,16,60,False,False,0.11660458147525787,0.005017159041017294,0.002096846436567527,0.8940158169716597,41,3,16,16,False,
finegym,val,CkNz9ZIQmZI_E_004347_004433_A_0070_0071,data/FineGym_data/videos/val/61/CkNz9ZIQmZI_E_004347_004433_A_0070_0071.mp4,61,16,100,16,58,False,False,0.08764547854661942,0.00412508100271225,0.002096846436567527,0.8882334480294958,26,2,16,16,False,
finegym,val,aEZbP-Yephw_E_001550_001632_A_0067_0068,data/FineGym_data/videos/val/61/aEZbP-Yephw_E_001550_001632_A_0067_0068.mp4,61,16,100,16,55,False,False,0.12266260385513306,0.004296322935260832,0.002096846436567527,0.883336013997905,28,2,16,16,False,
finegym,val,C5Yfd1IWjmM_E_001543_001637_A_0039_0040,data/FineGym_data/videos/val/61/C5Yfd1IWjmM_E_001543_001637_A_0039_0040.mp4,61,16,100,16,51,False,False,0.12798179686069489,0.003313153050839901,0.002096846436567527,0.8785328780068085,28,2,16,16,False,
finegym,val,aN9hSsP6xTg_E_001836_001926_A_0058_0059,data/FineGym_data/videos/val/61/aN9hSsP6xTg_E_001836_001926_A_0058_0059.mp4,61,16,100,16,58,False,False,0.1332804262638092,0.004406590946018696,0.002096846436567527,0.8746870419709012,26,2,16,16,False,
finegym,val,A0xAXXysHUo_E_001529_001616_A_0051_0052,data/FineGym_data/videos/val/61/A0xAXXysHUo_E_001529_001616_A_0051_0052.mp4,61,16,100,16,44,False,False,0.07774662226438522,0.0033862299751490355,0.002096846436567527,0.8698120409389958,30,2,16,16,False,
finegym,val,AZ4wWG6Rcak_E_004073_004175_A_0068_0069,data/FineGym_data/videos/val/61/AZ4wWG6Rcak_E_004073_004175_A_0068_0069.mp4,61,16,100,16,63,False,False,0.2572263479232788,0.0037626989651471376,0.002096846436567527,0.8660057199886069,23,2,16,16,False,
finegym,val,AZ4wWG6Rcak_E_007152_007237_A_0052_0053,data/FineGym_data/videos/val/61/AZ4wWG6Rcak_E_007152_007237_A_0052_0053.mp4,61,16,100,16,60,False,False,0.18700048327445984,0.0032521489774808288,0.002096846436567527,0.8617951680207625,22,2,16,16,False,
finegym,val,A0xAXXysHUo_E_001953_002052_A_0060_0061,data/FineGym_data/videos/val/61/A0xAXXysHUo_E_001953_002052_A_0060_0061.mp4,61,16,100,16,55,False,False,0.11016189306974411,0.0037938279565423727,0.002096846436567527,0.8581323369871825,36,3,16,16,False,
finegym,val,CkNz9ZIQmZI_E_003943_004039_A_0068_0069,data/FineGym_data/videos/val/61/CkNz9ZIQmZI_E_003943_004039_A_0068_0069.mp4,61,16,100,16,55,False,False,0.20984941720962524,0.0025529529666528106,0.002096846436567527,0.8539348810445517,27,2,16,16,False,
finegym,val,aN9hSsP6xTg_E_000824_000917_A_0036_0037,data/FineGym_data/videos/val/61/aN9hSsP6xTg_E_000824_000917_A_0036_0037.mp4,61,16,100,16,55,False,False,0.34786278009414673,0.004264362971298397,0.002096846436567527,0.8509412090061232,22,2,16,16,False,
finegym,val,A0xAXXysHUo_E_002763_002874_A_0085_0086,data/FineGym_data/videos/val/61/A0xAXXysHUo_E_002763_002874_A_0085_0086.mp4,61,16,100,16,55,False,False,0.041810065507888794,0.004735478898510337,0.002096846436567527,0.8457307260250673,25,2,16,16,False,
finegym,val,aN9hSsP6xTg_E_002533_002622_A_0058_0058,data/FineGym_data/videos/val/61/aN9hSsP6xTg_E_002533_002622_A_0058_0058.mp4,61,16,100,16,55,False,False,0.48006632924079895,0.004674013005569577,0.002096846436567527,0.8404667120194063,20,2,16,16,False,
finegym,val,aN9hSsP6xTg_E_001436_001527_A_0063_0064,data/FineGym_data/videos/val/61/aN9hSsP6xTg_E_001436_001527_A_0063_0064.mp4,61,16,100,16,58,False,True,0.14036214351654053,0.004788178019225597,0.002096846436567527,0.8349896280560642,22,2,16,16,False,
finegym,val,aEZbP-Yephw_E_003121_003201_A_0058_0059,data/FineGym_data/videos/val/61/aEZbP-Yephw_E_003121_003201_A_0058_0059.mp4,61,16,100,16,55,False,False,0.6017224788665771,0.005388678051531315,0.002096846436567527,0.8297460230533034,27,2,16,16,False,
finegym,val,A0xAXXysHUo_E_001953_002052_A_0071_0072,data/FineGym_data/videos/val/62/A0xAXXysHUo_E_001953_002052_A_0071_0072.mp4,62,16,100,16,59,False,True,0.09039169549942017,0.0043019839795306325,0.002096846436567527,0.8234888809965923,33,3,16,16,False,
finegym,val,AZ4wWG6Rcak_E_005608_005706_A_0081_0082,data/FineGym_data/videos/val/62/AZ4wWG6Rcak_E_005608_005706_A_0081_0082.mp4,62,16,100,16,59,False,False,0.10263744741678238,0.004058314952999353,0.002096846436567527,0.8185104449512437,26,2,16,16,False,
finegym,val,A0xAXXysHUo_E_002290_002388_A_0015_0016,data/FineGym_data/videos/val/62/A0xAXXysHUo_E_002290_002388_A_0015_0016.mp4,62,16,100,16,59,False,True,0.26763346791267395,0.004189460887573659,0.002096846436567527,0.8139746619854122,33,3,16,16,False,
finegym,val,aN3PC4tJokk_E_001804_001903_A_0025_0027,data/FineGym_data/videos/val/62/aN3PC4tJokk_E_001804_001903_A_0025_0027.mp4,62,16,100,16,59,False,True,0.5442187190055847,0.004579926026053727,0.002096846436567527,0.8091833780054003,33,3,16,16,False,
finegym,val,0LtLS9wROrk_E_002451_002529_A_0075_0076,data/FineGym_data/videos/val/62/0LtLS9wROrk_E_002451_002529_A_0075_0076.mp4,62,16,100,16,59,False,False,0.16509279608726501,0.003446624963544309,0.002096846436567527,0.8041898530209437,26,2,16,16,False,
finegym,val,AZ4wWG6Rcak_E_004073_004175_A_0034_0035,data/FineGym_data/videos/val/62/AZ4wWG6Rcak_E_004073_004175_A_0034_0035.mp4,62,16,100,16,51,False,False,0.19241370260715485,0.0034058280289173126,0.002096846436567527,0.8002712910529226,23,2,16,16,False,
finegym,val,AZ4wWG6Rcak_E_007888_007961_A_0027_0028,data/FineGym_data/videos/val/62/AZ4wWG6Rcak_E_007888_007961_A_0027_0028.mp4,62,16,100,16,60,False,False,0.16796079277992249,0.0038908900460228324,0.002096846436567527,0.7961290481034666,34,3,16,16,False,
finegym,val,BLzs5opw8uM_E_001044_001143_A_0064_0066,data/FineGym_data/videos/val/62/BLzs5opw8uM_E_001044_001143_A_0064_0066.mp4,62,16,100,16,68,False,True,0.10593161731958389,0.004867868032306433,0.002096846436567527,0.7917062680935487,35,3,16,16,False,
finegym,val,AZ4wWG6Rcak_E_004209_004299_A_0054_0055,data/FineGym_data/videos/val/62/AZ4wWG6Rcak_E_004209_004299_A_0054_0055.mp4,62,16,100,16,59,False,False,0.198889821767807,0.004886373062618077,0.002096846436567527,0.7860934780910611,20,2,16,16,False,
finegym,val,aN9hSsP6xTg_E_000824_000917_A_0070_0071,data/FineGym_data/videos/val/62/aN9hSsP6xTg_E_000824_000917_A_0070_0071.mp4,62,16,100,16,55,False,True,0.34878265857696533,0.00494494300801307,0.002096846436567527,0.7803593809949234,26,2,16,16,False,
finegym,val,0LtLS9wROrk_E_003346_003423_A_0028_0029,data/FineGym_data/videos/val/62/0LtLS9wROrk_E_003346_003423_A_0028_0029.mp4,62,16,100,16,59,False,False,0.40877780318260193,0.004076238954439759,0.002096846436567527,0.7745789750479162,37,3,16,16,False,
finegym,val,0LtLS9wROrk_E_005117_005196_A_0076_0077,data/FineGym_data/videos/val/62/0LtLS9wROrk_E_005117_005196_A_0076_0077.mp4,62,16,100,16,60,False,False,0.1720464825630188,0.0037613760214298964,0.002096846436567527,0.7696957479929551,24,2,16,16,False,
finegym,val,0LtLS9wROrk_E_006284_006358_A_0060_0062,data/FineGym_data/videos/val/62/0LtLS9wROrk_E_006284_006358_A_0060_0062.mp4,62,16,100,16,60,False,False,0.36459970474243164,0.005138426902703941,0.002096846436567527,0.765344641986303,53,4,16,16,False,
finegym,val,0LtLS9wROrk_E_003663_003757_A_0089_0090,data/FineGym_data/videos/val/62/0LtLS9wROrk_E_003663_003757_A_0089_0090.mp4,62,16,100,16,60,False,False,0.26576241850852966,0.003743982990272343,0.002096846436567527,0.7595923600019887,28,2,16,16,False,
finegym,val,AZ4wWG6Rcak_E_007152_007237_A_0023_0024,data/FineGym_data/videos/val/62/AZ4wWG6Rcak_E_007152_007237_A_0023_0024.mp4,62,16,100,16,60,False,False,0.1529281735420227,0.003598990966565907,0.002096846436567527,0.7549778990214691,19,2,16,16,False,
finegym,val,aN3PC4tJokk_E_004944_005043_A_0045_0046,data/FineGym_data/videos/val/62/aN3PC4tJokk_E_004944_005043_A_0045_0046.mp4,62,16,100,16,59,False,True,0.25325724482536316,0.00417441304307431,0.002096846436567527,0.7508007800206542,33,3,16,16,False,
finegym,val,0LtLS9wROrk_E_004459_004545_A_0081_0082,data/FineGym_data/videos/val/62/0LtLS9wROrk_E_004459_004545_A_0081_0082.mp4,62,16,100,16,60,False,False,0.1814667284488678,0.0034004870103672147,0.002096846436567527,0.7462271950207651,25,2,16,16,False,
finegym,val,aN9hSsP6xTg_E_002420_002518_A_0036_0038,data/FineGym_data/videos/val/62/aN9hSsP6xTg_E_002420_002518_A_0036_0038.mp4,62,16,100,16,55,False,False,0.09558723121881485,0.004425595980137587,0.002096846436567527,0.7424158449284732,32,2,16,16,False,
finegym,val,aN9hSsP6xTg_E_000224_000318_A_0051_0052,data/FineGym_data/videos/val/62/aN9hSsP6xTg_E_000224_000318_A_0051_0052.mp4,62,16,100,16,43,False,False,0.07883608341217041,0.004025614005513489,0.002096846436567527,0.7375067200046033,26,2,16,16,False,
finegym,val,aEZbP-Yephw_E_002252_002329_A_0052_0053,data/FineGym_data/videos/val/62/aEZbP-Yephw_E_002252_002329_A_0052_0053.mp4,62,16,100,16,68,False,False,0.08827828615903854,0.003841437050141394,0.002096846436567527,0.7330699729500338,28,2,16,16,False,
finegym,val,BLzs5opw8uM_E_001044_001143_A_0026_0027,data/FineGym_data/videos/val/63/BLzs5opw8uM_E_001044_001143_A_0026_0027.mp4,63,16,100,16,55,False,False,0.49796217679977417,0.004743995028547943,0.002096846436567527,0.7284147549653426,36,3,16,16,False,
finegym,val,aEZbP-Yephw_E_003547_003643_A_0014_0015,data/FineGym_data/videos/val/63/aEZbP-Yephw_E_003547_003643_A_0014_0015.mp4,63,16,100,16,55,False,False,0.1730661541223526,0.004692006972618401,0.002096846436567527,0.7229450239101425,20,2,16,16,False,
finegym,val,A0xAXXysHUo_E_001529_001616_A_0068_0069,data/FineGym_data/videos/val/63/A0xAXXysHUo_E_001529_001616_A_0068_0069.mp4,63,16,100,16,51,False,True,0.17289265990257263,0.004065369023010135,0.002096846436567527,0.7173942610388622,26,2,16,16,False,
finegym,val,aN9hSsP6xTg_E_001836_001926_A_0016_0017,data/FineGym_data/videos/val/63/aN9hSsP6xTg_E_001836_001926_A_0016_0017.mp4,63,16,100,16,55,False,False,0.14124372601509094,0.003915326087735593,0.002096846436567527,0.7127872440032661,19,2,16,16,False,
finegym,val,BLzs5opw8uM_E_002085_002171_A_0049_0051,data/FineGym_data/videos/val/63/BLzs5opw8uM_E_002085_002171_A_0049_0051.mp4,63,16,100,16,58,False,True,0.21847517788410187,0.0036046518944203854,0.002096846436567527,0.7082858360372484,57,4,16,16,False,
finegym,val,BLzs5opw8uM_E_001410_001502_A_0077_0078,data/FineGym_data/videos/val/63/BLzs5opw8uM_E_001410_001502_A_0077_0078.mp4,63,16,100,16,44,False,False,0.08841090649366379,0.0029662000015378,0.002096846436567527,0.7042200659634545,31,2,16,16,False,
finegym,val,aEZbP-Yephw_E_000380_000467_A_0016_0017,data/FineGym_data/videos/val/63/aEZbP-Yephw_E_000380_000467_A_0016_0017.mp4,63,16,100,16,52,False,True,0.12832161784172058,0.004284169990569353,0.002096846436567527,0.7008086589630693,19,2,16,16,False,
finegym,val,A0xAXXysHUo_E_002290_002388_A_0058_0059,data/FineGym_data/videos/val/63/A0xAXXysHUo_E_002290_002388_A_0058_0059.mp4,63,16,100,16,63,True,True,0.1189156100153923,0.004598711966536939,0.002096846436567527,0.6956783060450107,27,2,16,16,False,
finegym,val,aN9hSsP6xTg_E_001436_001527_A_0019_0020,data/FineGym_data/videos/val/63/aN9hSsP6xTg_E_001436_001527_A_0019_0020.mp4,63,16,100,16,66,False,False,0.061690643429756165,0.004858250031247735,0.002096846436567527,0.6901469600852579,19,2,16,16,False,
finegym,val,A0xAXXysHUo_E_003242_003342_A_0031_0031,data/FineGym_data/videos/val/63/A0xAXXysHUo_E_003242_003342_A_0031_0031.mp4,63,16,100,16,66,False,False,0.14062505960464478,0.004318583989515901,0.002096846436567527,0.6844604819780216,21,2,16,16,False,
finegym,val,A0xAXXysHUo_E_002548_002638_A_0058_0059,data/FineGym_data/videos/val/63/A0xAXXysHUo_E_002548_002638_A_0058_0059.mp4,63,16,100,16,63,True,True,0.044904232025146484,0.004167590057477355,0.002096846436567527,0.6793292380170897,27,2,16,16,False,
finegym,val,BLzs5opw8uM_E_002316_002397_A_0034_0035,data/FineGym_data/videos/val/63/BLzs5opw8uM_E_002316_002397_A_0034_0035.mp4,63,16,100,16,60,False,False,0.2083830088376999,0.004876534920185804,0.002096846436567527,0.6743251639418304,40,3,16,16,False,
finegym,val,aEZbP-Yephw_E_003121_003201_A_0051_0052,data/FineGym_data/videos/val/63/aEZbP-Yephw_E_003121_003201_A_0051_0052.mp4,63,16,100,16,52,False,True,0.28367912769317627,0.004230258986353874,0.002096846436567527,0.6686578519875184,19,2,16,16,False,
finegym,val,A0xAXXysHUo_E_002763_002874_A_0094_0095,data/FineGym_data/videos/val/63/A0xAXXysHUo_E_002763_002874_A_0094_0095.mp4,63,16,100,16,55,False,False,0.19588163495063782,0.0042612869292497635,0.002096846436567527,0.663808066979982,23,2,16,16,False,
finegym,val,A0xAXXysHUo_E_002930_003025_A_0011_0012,data/FineGym_data/videos/val/63/A0xAXXysHUo_E_002930_003025_A_0011_0012.mp4,63,16,100,16,44,False,True,0.09956681728363037,0.004828204051591456,0.002096846436567527,0.6587884140899405,23,2,16,16,False,
finegym,val,aN9hSsP6xTg_E_000224_000318_A_0061_0062,data/FineGym_data/videos/val/63/aN9hSsP6xTg_E_000224_000318_A_0061_0062.mp4,63,16,100,16,55,False,False,0.6429444551467896,0.005341429030522704,0.002096846436567527,0.6533129430608824,22,2,16,16,False,
finegym,val,aEZbP-Yephw_E_003968_004062_A_0060_0061,data/FineGym_data/videos/val/63/aEZbP-Yephw_E_003968_004062_A_0060_0061.mp4,63,16,100,16,43,False,False,0.1846638172864914,0.005419315071776509,0.002096846436567527,0.6473391139879823,19,2,16,16,False,
finegym,val,aN9hSsP6xTg_E_000439_000530_A_0065_0066,data/FineGym_data/videos/val/63/aN9hSsP6xTg_E_000439_000530_A_0065_0066.mp4,63,16,100,16,52,False,False,0.2633502185344696,0.004803888034075499,0.002096846436567527,0.6409019930288196,17,2,16,16,False,
finegym,val,aN3PC4tJokk_E_001804_001903_A_0012_0013,data/FineGym_data/videos/val/63/aN3PC4tJokk_E_001804_001903_A_0012_0013.mp4,63,16,100,16,55,False,False,0.3166700303554535,0.006171540939249098,0.002096846436567527,0.6355072250589728,25,2,16,16,False,
finegym,val,aN9hSsP6xTg_E_002211_002312_A_0079_0080,data/FineGym_data/videos/val/63/aN9hSsP6xTg_E_002211_002312_A_0079_0080.mp4,63,16,100,16,55,False,True,0.14708589017391205,0.005742512992583215,0.002096846436567527,0.6286673459690064,24,2,16,16,False,
finegym,val,aN3PC4tJokk_E_002527_002617_A_0054_0056,data/FineGym_data/videos/val/64/aN3PC4tJokk_E_002527_002617_A_0054_0056.mp4,64,16,100,16,43,False,False,0.30316174030303955,0.006138968979939818,0.002096846436567527,0.6223221590043977,34,3,16,16,False,
finegym,val,aN9hSsP6xTg_E_001436_001527_A_0052_0053,data/FineGym_data/videos/val/64/aN9hSsP6xTg_E_001436_001527_A_0052_0053.mp4,64,16,100,16,66,False,False,0.05002208426594734,0.0051464419811964035,0.002096846436567527,0.6156464599771425,20,2,16,16,False,
finegym,val,0LtLS9wROrk_E_002451_002529_A_0019_0021,data/FineGym_data/videos/val/64/0LtLS9wROrk_E_002451_002529_A_0019_0021.mp4,64,16,100,16,55,False,False,0.2799387276172638,0.004901670967228711,0.002096846436567527,0.609949080972001,37,3,16,16,False,
finegym,val,aEZbP-Yephw_E_002450_002550_A_0035_0036,data/FineGym_data/videos/val/64/aEZbP-Yephw_E_002450_002550_A_0035_0036.mp4,64,16,100,16,58,False,False,0.11562711000442505,0.0051025389693677425,0.002096846436567527,0.6043698850553483,38,3,16,16,False,
finegym,val,0LtLS9wROrk_E_005417_005494_A_0049_0050,data/FineGym_data/videos/val/64/0LtLS9wROrk_E_005417_005494_A_0049_0050.mp4,64,16,100,16,55,False,False,0.1392442137002945,0.004067732021212578,0.002096846436567527,0.5987383699975908,29,2,16,16,False,
finegym,val,C5Yfd1IWjmM_E_006341_006431_A_0009_0010,data/FineGym_data/videos/val/64/C5Yfd1IWjmM_E_006341_006431_A_0009_0010.mp4,64,16,100,16,42,False,False,0.1691254824399948,0.004405288025736809,0.002096846436567527,0.5941147309495136,33,3,16,16,False,
finegym,val,AZ4wWG6Rcak_E_006115_006196_A_0048_0049,data/FineGym_data/videos/val/64/AZ4wWG6Rcak_E_006115_006196_A_0048_0049.mp4,64,16,100,16,59,False,True,0.0754396840929985,0.0038730870001018047,0.002096846436567527,0.5892077289754525,23,2,16,16,False,
finegym,val,A0xAXXysHUo_E_002548_002638_A_0014_0016,data/FineGym_data/videos/val/64/A0xAXXysHUo_E_002548_002638_A_0014_0016.mp4,64,16,100,16,66,False,True,0.08859145641326904,0.004475350026041269,0.002096846436567527,0.5848501810105518,32,2,16,16,False,
finegym,val,BLzs5opw8uM_E_002493_002590_A_0059_0061,data/FineGym_data/videos/val/64/BLzs5opw8uM_E_002493_002590_A_0059_0061.mp4,64,16,100,16,66,False,False,0.05685743689537048,0.007139652036130428,0.002096846436567527,0.5795801759231836,41,3,16,16,False,
finegym,val,aN9hSsP6xTg_E_002533_002622_A_0009_0010,data/FineGym_data/videos/val/64/aN9hSsP6xTg_E_002533_002622_A_0009_0010.mp4,64,16,100,16,66,False,False,0.16422536969184875,0.00758370803669095,0.002096846436567527,0.5715047239791602,23,2,16,16,False,
finegym,val,aN9hSsP6xTg_E_000439_000530_A_0077_0078,data/FineGym_data/videos/val/64/aN9hSsP6xTg_E_000439_000530_A_0077_0078.mp4,64,16,100,16,55,False,True,0.4140945374965668,0.005894400062970817,0.002096846436567527,0.5626484620152041,34,3,16,16,False,
finegym,val,A0xAXXysHUo_E_001529_001616_A_0021_0022,data/FineGym_data/videos/val/64/A0xAXXysHUo_E_001529_001616_A_0021_0022.mp4,64,16,100,16,55,False,True,0.11393416672945023,0.004763682023622096,0.002096846436567527,0.5560765479458496,35,3,16,16,False,
finegym,val,aEZbP-Yephw_E_001550_001632_A_0037_0039,data/FineGym_data/videos/val/64/aEZbP-Yephw_E_001550_001632_A_0037_0039.mp4,64,16,100,16,59,False,True,0.07228735834360123,0.004488353966735303,0.002096846436567527,0.5507906440179795,27,2,16,16,False,
finegym,val,A0xAXXysHUo_E_002763_002874_A_0037_0039,data/FineGym_data/videos/val/64/A0xAXXysHUo_E_002763_002874_A_0037_0039.mp4,64,16,100,16,76,False,False,0.22733572125434875,0.00537310796789825,0.0018202392711827997,0.7828551159473136,32,2,16,16,False,
finegym,val,C5Yfd1IWjmM_E_005232_005308_A_0056_0057,data/FineGym_data/videos/val/64/C5Yfd1IWjmM_E_005232_005308_A_0056_0057.mp4,64,16,100,16,66,False,False,0.25235310196876526,0.003773768898099661,0.0018202392711827997,0.7743047790136188,25,2,16,16,False,
finegym,val,aN3PC4tJokk_E_001804_001903_A_0035_0036,data/FineGym_data/videos/val/64/aN3PC4tJokk_E_001804_001903_A_0035_0036.mp4,64,16,100,16,52,False,False,0.047202300280332565,0.004308065050281584,0.0018202392711827997,0.7697754179826006,32,2,16,16,False,
finegym,val,0LtLS9wROrk_E_003346_003423_A_0015_0016,data/FineGym_data/videos/val/64/0LtLS9wROrk_E_003346_003423_A_0015_0016.mp4,64,16,100,16,60,False,False,0.18932051956653595,0.0034454220440238714,0.0018202392711827997,0.7647188049741089,36,3,16,16,False,
finegym,val,AZ4wWG6Rcak_E_006218_006294_A_0007_0008,data/FineGym_data/videos/val/64/AZ4wWG6Rcak_E_006218_006294_A_0007_0008.mp4,64,16,100,16,60,False,False,0.1401887685060501,0.003409684984944761,0.0018202392711827997,0.7605487399268895,26,2,16,16,False,
finegym,val,aEZbP-Yephw_E_003968_004062_A_0017_0018,data/FineGym_data/videos/val/64/aEZbP-Yephw_E_003968_004062_A_0017_0018.mp4,64,16,100,16,44,False,False,0.06378164142370224,0.003604601020924747,0.0018202392711827997,0.7564148819074035,30,2,16,16,False,
finegym,val,0LtLS9wROrk_E_007856_007937_A_0050_0052,data/FineGym_data/videos/val/64/0LtLS9wROrk_E_007856_007937_A_0050_0052.mp4,64,16,100,16,60,False,True,0.16799703240394592,0.004314608057029545,0.0018202392711827997,0.7520092740887776,58,4,16,16,False,
finegym,val,aEZbP-Yephw_E_002450_002550_A_0067_0069,data/FineGym_data/videos/val/65/aEZbP-Yephw_E_002450_002550_A_0067_0069.mp4,65,16,100,16,51,False,False,0.08249326050281525,0.0036920560523867607,0.0018202392711827997,0.7469355890061706,40,3,16,16,False,
finegym,val,aEZbP-Yephw_E_003750_003845_A_0044_0046,data/FineGym_data/videos/val/65/aEZbP-Yephw_E_003750_003845_A_0044_0046.mp4,65,16,100,16,55,False,False,0.9516400694847107,0.005381565075367689,0.0018202392711827997,0.7424950840650126,50,4,16,16,False,
finegym,val,A0xAXXysHUo_E_001953_002052_A_0032_0034,data/FineGym_data/videos/val/65/A0xAXXysHUo_E_001953_002052_A_0032_0034.mp4,65,16,100,16,51,False,False,0.24954022467136383,0.005997763015329838,0.0018202392711827997,0.736290922970511,54,4,16,16,False,
finegym,val,aEZbP-Yephw_E_002874_002957_A_0020_0021,data/FineGym_data/videos/val/65/aEZbP-Yephw_E_002874_002957_A_0020_0021.mp4,65,16,100,16,55,False,False,0.5029035806655884,0.0044045159593224525,0.0018202392711827997,0.7296704169129953,33,3,16,16,False,
finegym,val,A0xAXXysHUo_E_002290_002388_A_0094_0095,data/FineGym_data/videos/val/66/A0xAXXysHUo_E_002290_002388_A_0094_0095.mp4,66,16,100,16,66,True,True,0.2843613028526306,0.003352156956680119,0.0018202392711827997,0.7247394709847867,20,2,16,16,False,
finegym,val,aN9hSsP6xTg_E_002211_002312_A_0020_0021,data/FineGym_data/videos/val/66/aN9hSsP6xTg_E_002211_002312_A_0020_0021.mp4,66,16,100,16,55,False,False,0.9063482880592346,0.0035396789899095893,0.0018202392711827997,0.7206391060026363,16,1,16,16,False,
finegym,val,aN9hSsP6xTg_E_000224_000318_A_0090_0091,data/FineGym_data/videos/val/66/aN9hSsP6xTg_E_000224_000318_A_0090_0091.mp4,66,16,100,16,55,False,True,0.23089446127414703,0.004013370024040341,0.0018202392711827997,0.7163553370628506,16,1,16,16,False,
finegym,val,A0xAXXysHUo_E_002548_002638_A_0087_0087,data/FineGym_data/videos/val/66/A0xAXXysHUo_E_002548_002638_A_0087_0087.mp4,66,16,100,16,66,True,True,0.26881060004234314,0.003344131982885301,0.0018202392711827997,0.7117784270085394,20,2,16,16,False,
finegym,val,aEZbP-Yephw_E_003121_003201_A_0077_0078,data/FineGym_data/videos/val/66/aEZbP-Yephw_E_003121_003201_A_0077_0078.mp4,66,16,100,16,55,False,True,0.5470277667045593,0.003328011021949351,0.0018202392711827997,0.708033561008051,14,1,16,16,False,
finegym,val,BLzs5opw8uM_E_001671_001766_A_0091_0091,data/FineGym_data/videos/val/66/BLzs5opw8uM_E_001671_001766_A_0091_0091.mp4,66,16,100,16,60,False,True,0.10388897359371185,0.0026274840347468853,0.0018202392711827997,0.7042427089763805,16,1,16,16,False,
finegym,val,aEZbP-Yephw_E_003968_004062_A_0090_0091,data/FineGym_data/videos/val/66/aEZbP-Yephw_E_003968_004062_A_0090_0091.mp4,66,16,100,16,55,False,True,0.38261058926582336,0.003216380951926112,0.0018202392711827997,0.7011858280748129,15,1,16,16,False,
finegym,val,A0xAXXysHUo_E_003242_003342_A_0096_0097,data/FineGym_data/videos/val/66/A0xAXXysHUo_E_003242_003342_A_0096_0097.mp4,66,16,100,16,66,True,True,0.19118602573871613,0.003387784003280103,0.0018202392711827997,0.6974627330200747,19,2,16,16,False,
finegym,val,aN9hSsP6xTg_E_002533_002622_A_0022_0023,data/FineGym_data/videos/val/66/aN9hSsP6xTg_E_002533_002622_A_0022_0023.mp4,66,16,100,16,66,True,True,0.632095217704773,0.004245077027007937,0.0018202392711827997,0.6936471050139517,19,2,16,16,False,
finegym,val,aN9hSsP6xTg_E_001436_001527_A_0089_0090,data/FineGym_data/videos/val/66/aN9hSsP6xTg_E_001436_001527_A_0089_0090.mp4,66,16,100,16,55,False,False,0.09343408793210983,0.0032427399419248104,0.0018202392711827997,0.6889382660156116,15,1,16,16,False,
finegym,val,aN3PC4tJokk_E_003003_003112_A_0065_0066,data/FineGym_data/videos/val/66/aN3PC4tJokk_E_003003_003112_A_0065_0066.mp4,66,16,100,16,66,True,True,0.18177080154418945,0.00476769998203963,0.0018202392711827997,0.6853047399781644,19,2,16,16,False,
finegym,val,A0xAXXysHUo_E_002930_003025_A_0018_0019,data/FineGym_data/videos/val/66/A0xAXXysHUo_E_002930_003025_A_0018_0019.mp4,66,16,100,16,66,True,True,0.2823181748390198,0.003995748003944755,0.0018202392711827997,0.6798444769810885,23,2,16,16,False,
finegym,val,aEZbP-Yephw_E_003547_003643_A_0024_0024,data/FineGym_data/videos/val/66/aEZbP-Yephw_E_003547_003643_A_0024_0024.mp4,66,16,100,16,66,True,True,0.3215089440345764,0.0031929370015859604,0.0018202392711827997,0.6750872969860211,15,1,16,16,False,
finegym,val,aN9hSsP6xTg_E_003225_003317_A_0089_0089,data/FineGym_data/videos/val/66/aN9hSsP6xTg_E_003225_003317_A_0089_0089.mp4,66,16,100,16,66,True,True,0.15253645181655884,0.003736549988389015,0.0018202392711827997,0.6711689160438254,18,2,16,16,False,
finegym,val,AZ4wWG6Rcak_E_007413_007501_A_0085_0085,data/FineGym_data/videos/val/66/AZ4wWG6Rcak_E_007413_007501_A_0085_0085.mp4,66,16,100,16,55,False,True,0.19397859275341034,0.0026870950823649764,0.0018202392711827997,0.6667036259314045,14,1,16,16,False,
finegym,val,aN3PC4tJokk_E_002527_002617_A_0029_0030,data/FineGym_data/videos/val/66/aN3PC4tJokk_E_002527_002617_A_0029_0030.mp4,66,16,100,16,58,False,True,0.23635655641555786,0.0035814279690384865,0.0018202392711827997,0.6632521720603108,18,2,16,16,False,
finegym,val,aEZbP-Yephw_E_001550_001632_A_0079_0080,data/FineGym_data/videos/val/66/aEZbP-Yephw_E_001550_001632_A_0079_0080.mp4,66,16,100,16,55,False,False,0.7283990383148193,0.0028059390606358647,0.0018202392711827997,0.6589515809901059,15,1,16,16,False,
finegym,val,aEZbP-Yephw_E_003547_003643_A_0092_0093,data/FineGym_data/videos/val/66/aEZbP-Yephw_E_003547_003643_A_0092_0093.mp4,66,16,100,16,55,False,False,0.30207738280296326,0.002826216979883611,0.0018202392711827997,0.6553612670395523,16,1,16,16,False,
finegym,val,aN3PC4tJokk_E_003003_003112_A_0105_0105,data/FineGym_data/videos/val/66/aN3PC4tJokk_E_003003_003112_A_0105_0105.mp4,66,16,100,16,60,False,True,0.07690636068582535,0.0031274440698325634,0.0018202392711827997,0.6518343910574913,19,2,16,16,False,
finegym,val,aN9hSsP6xTg_E_003225_003317_A_0028_0029,data/FineGym_data/videos/val/66/aN9hSsP6xTg_E_003225_003317_A_0028_0029.mp4,66,16,100,16,66,True,True,0.14421308040618896,0.0037574690068140626,0.0018202392711827997,0.648016678984277,17,2,16,16,False,
finegym,val,0LtLS9wROrk_E_002451_002529_A_0022_0023,data/FineGym_data/videos/val/67/0LtLS9wROrk_E_002451_002529_A_0022_0023.mp4,67,16,100,16,60,False,False,0.2792220115661621,0.0033482189755886793,0.0018202392711827997,0.6435813539428636,38,3,16,16,False,
finegym,val,0LtLS9wROrk_E_004181_004254_A_0025_0026,data/FineGym_data/videos/val/67/0LtLS9wROrk_E_004181_004254_A_0025_0026.mp4,67,16,100,16,44,False,False,0.21201887726783752,0.003101594978943467,0.0018202392711827997,0.6394926219945773,33,3,16,16,False,
finegym,val,aEZbP-Yephw_E_003121_003201_A_0076_0077,data/FineGym_data/videos/val/67/aEZbP-Yephw_E_003121_003201_A_0076_0077.mp4,67,16,100,16,55,False,False,0.0633198693394661,0.003677338012494147,0.0018202392711827997,0.6355528599815443,22,2,16,16,False,
finegym,val,0LtLS9wROrk_E_007548_007611_A_0016_0018,data/FineGym_data/videos/val/67/0LtLS9wROrk_E_007548_007611_A_0016_0018.mp4,67,16,100,16,55,False,False,0.07406308501958847,0.004251018050126731,0.0018202392711827997,0.631169673986733,53,4,16,16,False,
finegym,val,aN3PC4tJokk_E_004944_005043_A_0021_0022,data/FineGym_data/videos/val/67/aN3PC4tJokk_E_004944_005043_A_0021_0022.mp4,67,16,100,16,68,False,False,0.19449882209300995,0.0036458189133554697,0.0018202392711827997,0.6261529559269547,26,2,16,16,False,
finegym,val,aN9hSsP6xTg_E_002211_002312_A_0042_0043,data/FineGym_data/videos/val/67/aN9hSsP6xTg_E_002211_002312_A_0042_0043.mp4,67,16,100,16,76,False,False,0.16712114214897156,0.004055659985169768,0.0018202392711827997,0.6217747289920226,26,2,16,16,False,
finegym,val,aEZbP-Yephw_E_003750_003845_A_0052_0053,data/FineGym_data/videos/val/67/aEZbP-Yephw_E_003750_003845_A_0052_0053.mp4,67,16,100,16,51,False,False,0.0645773634314537,0.00359336007386446,0.0018202392711827997,0.6169911290053278,23,2,16,16,False,
finegym,val,AZ4wWG6Rcak_E_006115_006196_A_0012_0013,data/FineGym_data/videos/val/67/AZ4wWG6Rcak_E_006115_006196_A_0012_0013.mp4,67,16,100,16,58,False,True,0.06051121652126312,0.0031712560448795557,0.0018202392711827997,0.6126844970276579,22,2,16,16,False,
finegym,val,aN9hSsP6xTg_E_000824_000917_A_0025_0026,data/FineGym_data/videos/val/67/aN9hSsP6xTg_E_000824_000917_A_0025_0026.mp4,67,16,100,16,55,False,False,0.1742534041404724,0.003932117018848658,0.0018202392711827997,0.608792245038785,23,2,16,16,False,
finegym,val,0LtLS9wROrk_E_007241_007324_A_0056_0058,data/FineGym_data/videos/val/67/0LtLS9wROrk_E_007241_007324_A_0056_0058.mp4,67,16,100,16,66,False,False,0.12152770161628723,0.003860543016344309,0.0018202392711827997,0.6041203750064597,55,4,16,16,False,
finegym,val,aN9hSsP6xTg_E_001436_001527_A_0088_0089,data/FineGym_data/videos/val/67/aN9hSsP6xTg_E_001436_001527_A_0088_0089.mp4,67,16,100,16,55,False,True,0.16834098100662231,0.003706463030539453,0.0018202392711827997,0.5994939609663561,21,2,16,16,False,
finegym,val,0LtLS9wROrk_E_003663_003757_A_0027_0028,data/FineGym_data/videos/val/67/0LtLS9wROrk_E_003663_003757_A_0027_0028.mp4,67,16,100,16,55,False,False,0.4033793807029724,0.0038670359645038843,0.0018202392711827997,0.5950851170346141,33,3,16,16,False,
finegym,val,aEZbP-Yephw_E_003547_003643_A_0091_0092,data/FineGym_data/videos/val/67/aEZbP-Yephw_E_003547_003643_A_0091_0092.mp4,67,16,100,16,55,False,False,0.19807706773281097,0.0035501490347087383,0.0018202392711827997,0.5905092880129814,22,2,16,16,False,
finegym,val,aEZbP-Yephw_E_002450_002550_A_0038_0039,data/FineGym_data/videos/val/67/aEZbP-Yephw_E_002450_002550_A_0038_0039.mp4,67,16,100,16,76,False,False,0.048708394169807434,0.0031275739893317223,0.0018202392711827997,0.5862516680499539,24,2,16,16,False,
finegym,val,0LtLS9wROrk_E_005417_005494_A_0052_0053,data/FineGym_data/videos/val/67/0LtLS9wROrk_E_005417_005494_A_0052_0053.mp4,67,16,100,16,42,False,False,0.3669794499874115,0.003866554005071521,0.0018202392711827997,0.5824065540218726,45,3,16,16,False,
finegym,val,A0xAXXysHUo_E_002290_002388_A_0047_0048,data/FineGym_data/videos/val/67/A0xAXXysHUo_E_002290_002388_A_0047_0048.mp4,67,16,100,16,79,False,False,0.046571195125579834,0.0031322529539465904,0.0018202392711827997,0.5777501140255481,25,2,16,16,False,
finegym,val,0LtLS9wROrk_E_004459_004545_A_0043_0044,data/FineGym_data/videos/val/67/0LtLS9wROrk_E_004459_004545_A_0043_0044.mp4,67,16,100,16,44,False,False,0.43865543603897095,0.0027025240706279874,0.0018202392711827997,0.5739007020602003,30,2,16,16,False,
finegym,val,0LtLS9wROrk_E_003663_003757_A_0028_0029,data/FineGym_data/videos/val/67/0LtLS9wROrk_E_003663_003757_A_0028_0029.mp4,67,16,100,16,60,False,False,0.14293819665908813,0.0033045170130208135,0.0018202392711827997,0.5703837849432603,24,2,16,16,False,
finegym,val,aN3PC4tJokk_E_002527_002617_A_0028_0029,data/FineGym_data/videos/val/67/aN3PC4tJokk_E_002527_002617_A_0028_0029.mp4,67,16,100,16,44,False,False,0.08372118324041367,0.0038325900677591562,0.0018202392711827997,0.5663722580065951,26,2,16,16,False,
finegym,val,A0xAXXysHUo_E_002548_002638_A_0018_0019,data/FineGym_data/videos/val/67/A0xAXXysHUo_E_002548_002638_A_0018_0019.mp4,67,16,100,16,44,False,False,0.09429972618818283,0.0032508360454812646,0.0018202392711827997,0.5618050449993461,26,2,16,16,False,
finegym,val,BQhX6F3gpp8_E_005170_005259_A_0085_0086,data/FineGym_data/videos/val/68/BQhX6F3gpp8_E_005170_005259_A_0085_0086.mp4,68,16,100,16,51,False,False,0.10827736556529999,0.0024591260589659214,0.0018202392711827997,0.5578391549643129,21,2,16,16,False,
finegym,val,aN3PC4tJokk_E_004944_005043_A_0096_0096,data/FineGym_data/videos/val/68/aN3PC4tJokk_E_004944_005043_A_0096_0096.mp4,68,16,100,16,66,False,False,0.13994760811328888,0.003316257963888347,0.0018202392711827997,0.5546866239747033,19,2,16,16,False,
finegym,val,BQhX6F3gpp8_E_004301_004401_A_0095_0096,data/FineGym_data/videos/val/68/BQhX6F3gpp8_E_004301_004401_A_0095_0096.mp4,68,16,100,16,60,False,False,0.42130887508392334,0.002298183972015977,0.0018202392711827997,0.5506824200274423,17,2,16,16,False,
finegym,val,aN9hSsP6xTg_E_000439_000530_A_0086_0087,data/FineGym_data/videos/val/68/aN9hSsP6xTg_E_000439_000530_A_0086_0087.mp4,68,16,100,16,55,False,False,0.42568257451057434,0.002893152995966375,0.0018202392711827997,0.5476822759956121,14,1,16,16,False,
finegym,val,BQhX6F3gpp8_E_003998_004106_A_0105_0106,data/FineGym_data/videos/val/68/BQhX6F3gpp8_E_003998_004106_A_0105_0106.mp4,68,16,100,16,66,False,False,0.1924951821565628,0.0023618630366399884,0.0018202392711827997,0.5441254250472412,19,2,16,16,False,
finegym,val,aEZbP-Yephw_E_003750_003845_A_0091_0092,data/FineGym_data/videos/val/68/aEZbP-Yephw_E_003750_003845_A_0091_0092.mp4,68,16,100,16,66,False,False,0.1191638931632042,0.0032582799904048443,0.0018202392711827997,0.5410588650265709,17,2,16,16,False,
finegym,val,AZ4wWG6Rcak_E_007152_007237_A_0082_0082,data/FineGym_data/videos/val/68/AZ4wWG6Rcak_E_007152_007237_A_0082_0082.mp4,68,16,100,16,66,False,False,0.06698586791753769,0.0029323059134185314,0.0018202392711827997,0.5371032640105113,17,2,16,16,False,
finegym,val,BLzs5opw8uM_E_002493_002590_A_0093_0094,data/FineGym_data/videos/val/68/BLzs5opw8uM_E_002493_002590_A_0093_0094.mp4,68,16,100,16,60,False,True,0.06308277696371078,0.0023453120375052094,0.0018202392711827997,0.5333745380630717,17,2,16,16,False,
finegym,val,A0xAXXysHUo_E_001953_002052_A_0096_0097,data/FineGym_data/videos/val/68/A0xAXXysHUo_E_001953_002052_A_0096_0097.mp4,68,16,100,16,66,False,True,0.1810859739780426,0.0029310339596122503,0.0018202392711827997,0.5303485249169171,21,2,16,16,False,
finegym,val,BQhX6F3gpp8_E_004301_004401_A_0040_0041,data/FineGym_data/videos/val/68/BQhX6F3gpp8_E_004301_004401_A_0040_0041.mp4,68,16,100,16,58,False,False,0.13992640376091003,0.0024539469741284847,0.0018202392711827997,0.526726451003924,17,2,16,16,False,
finegym,val,AZ4wWG6Rcak_E_004209_004299_A_0086_0087,data/FineGym_data/videos/val/68/AZ4wWG6Rcak_E_004209_004299_A_0086_0087.mp4,68,16,100,16,43,False,False,0.06428023427724838,0.002585244015790522,0.0018202392711827997,0.5235854519996792,16,1,16,16,False,
finegym,val,A0xAXXysHUo_E_001529_001616_A_0083_0084,data/FineGym_data/videos/val/68/A0xAXXysHUo_E_001529_001616_A_0083_0084.mp4,68,16,100,16,66,False,False,0.09632204473018646,0.0027614349965006113,0.0018202392711827997,0.520294900983572,20,2,16,16,False,
finegym,val,A0xAXXysHUo_E_002930_003025_A_0091_0091,data/FineGym_data/videos/val/68/A0xAXXysHUo_E_002930_003025_A_0091_0091.mp4,68,16,100,16,60,False,True,0.20361576974391937,0.00266873009968549,0.0018202392711827997,0.5168145128991455,17,2,16,16,False,
finegym,val,aN9hSsP6xTg_E_000224_000318_A_0015_0016,data/FineGym_data/videos/val/68/aN9hSsP6xTg_E_000224_000318_A_0015_0016.mp4,68,16,100,16,66,False,False,0.11037709563970566,0.003623196971602738,0.0018202392711827997,0.5134653319837525,17,2,16,16,False,
finegym,val,aEZbP-Yephw_E_002252_002329_A_0073_0074,data/FineGym_data/videos/val/68/aEZbP-Yephw_E_002252_002329_A_0073_0074.mp4,68,16,100,16,66,False,False,0.5715658664703369,0.0033248650142922997,0.0018202392711827997,0.5091638199519366,18,2,16,16,False,
finegym,val,AZ4wWG6Rcak_E_007888_007961_A_0069_0070,data/FineGym_data/videos/val/68/AZ4wWG6Rcak_E_007888_007961_A_0069_0070.mp4,68,16,100,16,59,False,True,0.13191772997379303,0.002545098075643182,0.0018202392711827997,0.5051448079757392,16,1,16,16,False,
finegym,val,BLzs5opw8uM_E_002085_002171_A_0082_0083,data/FineGym_data/videos/val/68/BLzs5opw8uM_E_002085_002171_A_0082_0083.mp4,68,16,100,16,60,False,True,0.29971614480018616,0.002590604010038078,0.0018202392711827997,0.5019135989714414,17,2,16,16,False,
finegym,val,aN9hSsP6xTg_E_001836_001926_A_0088_0088,data/FineGym_data/videos/val/68/aN9hSsP6xTg_E_001836_001926_A_0088_0088.mp4,68,16,100,16,55,False,False,0.21415619552135468,0.003064916003495455,0.0018202392711827997,0.49863006197847426,16,1,16,16,False,
finegym,val,BLzs5opw8uM_E_001044_001143_A_0095_0095,data/FineGym_data/videos/val/68/BLzs5opw8uM_E_001044_001143_A_0095_0095.mp4,68,16,100,16,66,False,True,0.09510701149702072,0.002594240941107273,0.0018202392711827997,0.4948867589700967,18,2,16,16,False,
finegym,val,AZ4wWG6Rcak_E_005608_005706_A_0095_0096,data/FineGym_data/videos/val/68/AZ4wWG6Rcak_E_005608_005706_A_0095_0096.mp4,68,16,100,16,60,False,False,0.10432311147451401,0.0030860460828989744,0.0018202392711827997,0.4916005569975823,17,2,16,16,False,
finegym,val,A0xAXXysHUo_E_001529_001616_A_0084_0086,data/FineGym_data/videos/val/69/A0xAXXysHUo_E_001529_001616_A_0084_0086.mp4,69,16,100,16,95,False,True,0.09632410854101181,0.004631975083611906,0.0018202392711827997,0.48783663602080196,75,5,16,16,False,
finegym,val,AZ4wWG6Rcak_E_007413_007501_A_0086_0088,data/FineGym_data/videos/val/69/AZ4wWG6Rcak_E_007413_007501_A_0086_0088.mp4,69,16,100,16,69,True,True,0.17804889380931854,0.004879869986325502,0.0018202392711827997,0.4824066710425541,61,4,16,16,False,
finegym,val,DTedv-hhHU4_E_003113_003207_A_0090_0092,data/FineGym_data/videos/val/69/DTedv-hhHU4_E_003113_003207_A_0090_0092.mp4,69,16,100,16,71,False,True,0.32669758796691895,0.005650029052048922,0.0018202392711827997,0.4766650890232995,68,5,16,16,False,
finegym,val,e3EsDlpNo0c_E_007447_007542_A_0092_0094,data/FineGym_data/videos/val/69/e3EsDlpNo0c_E_007447_007542_A_0092_0094.mp4,69,16,100,16,52,False,True,0.18347884714603424,0.004924405016936362,0.0018202392711827997,0.4703810859937221,62,4,16,16,False,
finegym,val,aN3PC4tJokk_E_004944_005043_A_0096_0099,data/FineGym_data/videos/val/69/aN3PC4tJokk_E_004944_005043_A_0096_0099.mp4,69,16,100,16,69,True,True,0.1540948897600174,0.0073186790104955435,0.0018202392711827997,0.46495107002556324,69,5,16,16,False,
finegym,val,e3EsDlpNo0c_E_006565_006650_A_0082_0085,data/FineGym_data/videos/val/69/e3EsDlpNo0c_E_006565_006650_A_0082_0085.mp4,69,16,100,16,69,True,True,0.3608394265174866,0.005094854976050556,0.0018202392711827997,0.45694340602494776,82,6,16,16,False,
finegym,val,E3AHJ6-QS8M_E_005018_005100_A_0079_0081,data/FineGym_data/videos/val/69/E3AHJ6-QS8M_E_005018_005100_A_0079_0081.mp4,69,16,100,16,71,False,True,0.1426735371351242,0.004369220114313066,0.0018202392711827997,0.4513382900040597,45,3,16,16,False,
finegym,val,e3EsDlpNo0c_E_005030_005129_A_0095_0098,data/FineGym_data/videos/val/69/e3EsDlpNo0c_E_005030_005129_A_0095_0098.mp4,69,16,100,16,72,False,True,0.24323181807994843,0.00602329196408391,0.0018202392711827997,0.4464952580165118,90,6,16,16,False,
finegym,val,BQhX6F3gpp8_E_003642_003747_A_0102_0104,data/FineGym_data/videos/val/69/BQhX6F3gpp8_E_003642_003747_A_0102_0104.mp4,69,16,100,16,69,True,True,0.12478616088628769,0.005429615033790469,0.0018202392711827997,0.4397683029528707,50,4,16,16,False,
finegym,val,E3AHJ6-QS8M_E_005620_005701_A_0078_0080,data/FineGym_data/videos/val/69/E3AHJ6-QS8M_E_005620_005701_A_0078_0080.mp4,69,16,100,16,71,False,True,0.43841618299484253,0.005513682961463928,0.0018202392711827997,0.43333306605927646,49,4,16,16,False,
finegym,val,e3EsDlpNo0c_E_007745_007837_A_0089_0091,data/FineGym_data/videos/val/69/e3EsDlpNo0c_E_007745_007837_A_0089_0091.mp4,69,16,100,16,71,False,True,0.4084968566894531,0.005840116995386779,0.0018202392711827997,0.4269012160366401,70,5,16,16,False,
finegym,val,DG7upbhB1bI_E_006918_007013_A_0093_0095,data/FineGym_data/videos/val/69/DG7upbhB1bI_E_006918_007013_A_0093_0095.mp4,69,16,100,16,55,False,False,0.08337993174791336,0.006535917054861784,0.0018202392711827997,0.42032318003475666,71,5,16,16,False,
finegym,val,DyZ2qj6x1UE_E_003965_004064_A_0095_0097,data/FineGym_data/videos/val/69/DyZ2qj6x1UE_E_003965_004064_A_0095_0097.mp4,69,16,100,16,68,False,False,0.09652627259492874,0.005801795050501823,0.0018202392711827997,0.4131361690815538,29,2,16,16,False,
finegym,val,aEZbP-Yephw_E_003750_003845_A_0092_0095,data/FineGym_data/videos/val/69/aEZbP-Yephw_E_003750_003845_A_0092_0095.mp4,69,16,100,16,71,False,True,0.5931584239006042,0.006216675974428654,0.0018202392711827997,0.40638112102169544,71,5,16,16,False,
finegym,val,e3EsDlpNo0c_E_003189_003289_A_0097_0099,data/FineGym_data/videos/val/69/e3EsDlpNo0c_E_003189_003289_A_0097_0099.mp4,69,16,100,16,64,False,True,0.18696635961532593,0.006253305007703602,0.0018202392711827997,0.3994954159716144,65,5,16,16,False,
finegym,val,C5Yfd1IWjmM_E_001543_001637_A_0092_0094,data/FineGym_data/videos/val/69/C5Yfd1IWjmM_E_001543_001637_A_0092_0094.mp4,69,16,100,16,43,False,False,0.16923636198043823,0.005529652931727469,0.0018202392711827997,0.3923209490021691,70,5,16,16,False,
finegym,val,DTedv-hhHU4_E_003527_003622_A_0091_0094,data/FineGym_data/videos/val/69/DTedv-hhHU4_E_003527_003622_A_0091_0094.mp4,69,16,100,16,71,False,True,0.15071167051792145,0.004915658035315573,0.0018202392711827997,0.38628815906122327,73,5,16,16,False,
finegym,val,rrrgsW--AE8_E_004493_004558_A_0063_0065,data/FineGym_data/videos/val/70/rrrgsW--AE8_E_004493_004558_A_0063_0065.mp4,70,16,100,16,70,True,True,0.9972167015075684,0.004372576018795371,0.0018202392711827997,0.38095083797816187,45,3,16,16,False,
finegym,val,rrrgsW--AE8_E_003526_003583_A_0055_0057,data/FineGym_data/videos/val/70/rrrgsW--AE8_E_003526_003583_A_0055_0057.mp4,70,16,100,16,70,True,True,0.9980214834213257,0.0060738170286640525,0.0018202392711827997,0.3761637010611594,57,4,16,16,False,
finegym,val,f6k7PBGgeb4_E_001423_001540_A_0113_0116,data/FineGym_data/videos/val/70/f6k7PBGgeb4_E_001423_001540_A_0113_0116.mp4,70,16,100,16,71,False,False,0.16881617903709412,0.006556855980306864,0.0018202392711827997,0.36930378491524607,87,6,16,16,False,
finegym,val,rrrgsW--AE8_E_003333_003412_A_0076_0077,data/FineGym_data/videos/val/70/rrrgsW--AE8_E_003333_003412_A_0076_0077.mp4,70,16,100,16,70,True,True,0.9989274144172668,0.005700565059669316,0.0018202392711827997,0.36212428903672844,56,4,16,16,False,
finegym,val,rrrgsW--AE8_E_001903_001961_A_0055_0057,data/FineGym_data/videos/val/70/rrrgsW--AE8_E_001903_001961_A_0055_0057.mp4,70,16,100,16,70,True,True,0.9808818101882935,0.008258998044766486,0.0018202392711827997,0.3558497530175373,83,6,16,16,False,
finegym,val,rrrgsW--AE8_E_000683_000732_A_0046_0048,data/FineGym_data/videos/val/70/rrrgsW--AE8_E_000683_000732_A_0046_0048.mp4,70,16,100,16,70,True,True,0.987146258354187,0.0059214800130575895,0.0018202392711827997,0.3467179740546271,80,5,16,16,False,
finegym,val,rrrgsW--AE8_E_000510_000574_A_0060_0063,data/FineGym_data/videos/val/70/rrrgsW--AE8_E_000510_000574_A_0060_0063.mp4,70,16,100,16,70,True,True,0.990290105342865,0.006045523099601269,0.0018202392711827997,0.3399306550854817,71,5,16,16,False,
finegym,val,rrrgsW--AE8_E_004616_004689_A_0070_0073,data/FineGym_data/videos/val/70/rrrgsW--AE8_E_004616_004689_A_0070_0073.mp4,70,16,100,16,70,True,True,0.9943467974662781,0.0059153890470042825,0.0018202392711827997,0.33326067600864917,83,6,16,16,False,
finegym,val,rrrgsW--AE8_E_001766_001835_A_0065_0068,data/FineGym_data/videos/val/70/rrrgsW--AE8_E_001766_001835_A_0065_0068.mp4,70,16,100,16,70,True,True,0.9949958324432373,0.006507872953079641,0.0020452464474753165,1.0676488890312612,66,5,16,16,False,
finegym,val,rrrgsW--AE8_E_003222_003283_A_0057_0060,data/FineGym_data/videos/val/70/rrrgsW--AE8_E_003222_003283_A_0057_0060.mp4,70,16,100,16,70,True,True,0.9938574433326721,0.007258626050315797,0.0020452464474753165,1.0601794169051573,87,6,16,16,False,
finegym,val,rrrgsW--AE8_E_000805_000856_A_0048_0050,data/FineGym_data/videos/val/70/rrrgsW--AE8_E_000805_000856_A_0048_0050.mp4,70,16,100,16,70,True,True,0.9935042262077332,0.005481382017023861,0.0020452464474753165,1.0523001130204648,68,5,16,16,False,
finegym,val,rrrgsW--AE8_E_002019_002090_A_0069_0071,data/FineGym_data/videos/val/70/rrrgsW--AE8_E_002019_002090_A_0069_0071.mp4,70,16,100,16,70,True,True,0.9955963492393494,0.00497517001349479,0.0020452464474753165,1.0462887129979208,74,5,16,16,False,
finegym,val,BQhX6F3gpp8_E_003998_004106_A_0106_0108,data/FineGym_data/videos/val/71/BQhX6F3gpp8_E_003998_004106_A_0106_0108.mp4,71,16,100,16,71,True,True,0.17133091390132904,0.004604673013091087,0.0020452464474753165,1.0407465969910845,62,4,16,16,False,
finegym,val,CUuRl0Bwbbc_E_001393_001492_A_0096_0099,data/FineGym_data/videos/val/71/CUuRl0Bwbbc_E_001393_001492_A_0096_0099.mp4,71,16,100,16,71,True,True,0.190466970205307,0.0051957250107079744,0.0020452464474753165,1.0355718119535595,78,5,16,16,False,
finegym,val,BQhX6F3gpp8_E_004301_004401_A_0096_0100,data/FineGym_data/videos/val/71/BQhX6F3gpp8_E_004301_004401_A_0096_0100.mp4,71,16,100,16,76,False,True,0.0673978254199028,0.008508967934176326,0.0020452464474753165,1.0298965440597385,122,8,16,16,False,
finegym,val,aN9hSsP6xTg_E_000224_000318_A_0091_0094,data/FineGym_data/videos/val/71/aN9hSsP6xTg_E_000224_000318_A_0091_0094.mp4,71,16,100,16,71,True,True,0.4352562427520752,0.007644872996024787,0.0020452464474753165,1.020237301941961,71,5,16,16,False,
finegym,val,A0xAXXysHUo_E_002290_002388_A_0095_0097,data/FineGym_data/videos/val/71/A0xAXXysHUo_E_002290_002388_A_0095_0097.mp4,71,16,100,16,98,False,True,0.15359221398830414,0.005698160035535693,0.0020452464474753165,1.0118978220270947,78,5,16,16,False,
finegym,val,C5Yfd1IWjmM_E_005232_005308_A_0073_0075,data/FineGym_data/videos/val/71/C5Yfd1IWjmM_E_005232_005308_A_0073_0075.mp4,71,16,100,16,71,True,True,0.2610732316970825,0.0067436969839036465,0.0020452464474753165,1.0055865290341899,66,5,16,16,False,
finegym,val,aEZbP-Yephw_E_002450_002550_A_0097_0100,data/FineGym_data/videos/val/71/aEZbP-Yephw_E_002450_002550_A_0097_0100.mp4,71,16,100,16,71,True,True,0.8239679932594299,0.005252541042864323,0.0020452464474753165,0.9979131730506197,50,4,16,16,False,
finegym,val,aEZbP-Yephw_E_003547_003643_A_0093_0095,data/FineGym_data/videos/val/71/aEZbP-Yephw_E_003547_003643_A_0093_0095.mp4,71,16,100,16,71,True,True,0.6842352747917175,0.005798708996735513,0.0020452464474753165,0.9922101330012083,51,4,16,16,False,
finegym,val,C5Yfd1IWjmM_E_006341_006431_A_0087_0089,data/FineGym_data/videos/val/71/C5Yfd1IWjmM_E_006341_006431_A_0087_0089.mp4,71,16,100,16,71,True,True,0.3834216892719269,0.0059650520561262965,0.0020452464474753165,0.9856073309201747,72,5,16,16,False,
finegym,val,aN9hSsP6xTg_E_002211_002312_A_0097_0100,data/FineGym_data/videos/val/71/aN9hSsP6xTg_E_002211_002312_A_0097_0100.mp4,71,16,100,16,71,True,True,0.14730708301067352,0.0067588461097329855,0.0020452464474753165,0.9787985719740391,66,5,16,16,False,
finegym,val,A0xAXXysHUo_E_002548_002638_A_0087_0090,data/FineGym_data/videos/val/71/A0xAXXysHUo_E_002548_002638_A_0087_0090.mp4,71,16,100,16,71,True,True,0.12294736504554749,0.006536126020364463,0.0020452464474753165,0.9711504529695958,70,5,16,16,False,
finegym,val,BLzs5opw8uM_E_000826_000920_A_0091_0093,data/FineGym_data/videos/val/71/BLzs5opw8uM_E_000826_000920_A_0091_0093.mp4,71,16,100,16,71,True,True,0.38204696774482727,0.0047582220286130905,0.0020452464474753165,0.9640408370178193,76,5,16,16,False,
finegym,val,BLzs5opw8uM_E_001671_001766_A_0091_0094,data/FineGym_data/videos/val/71/BLzs5opw8uM_E_001671_001766_A_0091_0094.mp4,71,16,100,16,71,True,True,0.313246488571167,0.0066157670225948095,0.0020452464474753165,0.9587467480450869,85,6,16,16,False,
finegym,val,A0xAXXysHUo_E_003242_003342_A_0097_0100,data/FineGym_data/videos/val/71/A0xAXXysHUo_E_003242_003342_A_0097_0100.mp4,71,16,100,16,71,True,True,0.4857795238494873,0.007134333020076156,0.0020452464474753165,0.9512472279602662,77,5,16,16,False,
finegym,val,aEZbP-Yephw_E_000380_000467_A_0084_0087,data/FineGym_data/videos/val/71/aEZbP-Yephw_E_000380_000467_A_0084_0087.mp4,71,16,100,16,71,True,True,0.6060386896133423,0.005830619018524885,0.0020452464474753165,0.9430639729835093,60,4,16,16,False,
finegym,val,aN9hSsP6xTg_E_000439_000530_A_0087_0089,data/FineGym_data/videos/val/71/aN9hSsP6xTg_E_000439_000530_A_0087_0089.mp4,71,16,100,16,71,True,True,0.49301958084106445,0.006241752998903394,0.0020452464474753165,0.9362111709779128,49,4,16,16,False,
finegym,val,AZ4wWG6Rcak_E_004073_004175_A_0099_0102,data/FineGym_data/videos/val/71/AZ4wWG6Rcak_E_004073_004175_A_0099_0102.mp4,71,16,100,16,71,True,True,0.09086625277996063,0.006142695900052786,0.0020452464474753165,0.9290426339721307,52,4,16,16,False,
finegym,val,aN9hSsP6xTg_E_002931_003029_A_0095_0097,data/FineGym_data/videos/val/71/aN9hSsP6xTg_E_002931_003029_A_0095_0097.mp4,71,16,100,16,71,True,True,0.15993374586105347,0.0054878449300304055,0.0020452464474753165,0.921858707908541,37,3,16,16,False,
finegym,val,aN9hSsP6xTg_E_001436_001527_A_0090_0091,data/FineGym_data/videos/val/71/aN9hSsP6xTg_E_001436_001527_A_0090_0091.mp4,71,16,100,16,71,True,True,0.13713538646697998,0.0056607500882819295,0.0020452464474753165,0.9154283200623468,38,3,16,16,False,
finegym,val,aEZbP-Yephw_E_003968_004062_A_0091_0093,data/FineGym_data/videos/val/71/aEZbP-Yephw_E_003968_004062_A_0091_0093.mp4,71,16,100,16,71,True,True,0.3613121509552002,0.005468167015351355,0.0020452464474753165,0.9088418990140781,45,3,16,16,False,
finegym,val,0LtLS9wROrk_E_002756_002828_A_0070_0072,data/FineGym_data/videos/val/72/0LtLS9wROrk_E_002756_002828_A_0070_0072.mp4,72,16,100,16,71,False,True,0.09801164269447327,0.005464289919473231,0.0020452464474753165,0.9024173320503905,64,4,16,16,False,
finegym,val,aN9hSsP6xTg_E_001836_001926_A_0088_0090,data/FineGym_data/videos/val/72/aN9hSsP6xTg_E_001836_001926_A_0088_0090.mp4,72,16,100,16,71,False,True,0.09749379754066467,0.005430014920420945,0.0020452464474753165,0.8959027359960601,40,3,16,16,False,
finegym,val,aN9hSsP6xTg_E_003225_003317_A_0089_0092,data/FineGym_data/videos/val/72/aN9hSsP6xTg_E_003225_003317_A_0089_0092.mp4,72,16,100,16,71,False,True,0.38649094104766846,0.007355879060924053,0.0020452464474753165,0.889593567000702,61,4,16,16,False,
finegym,val,A0xAXXysHUo_E_001953_002052_A_0097_0099,data/FineGym_data/videos/val/73/A0xAXXysHUo_E_001953_002052_A_0097_0099.mp4,73,16,100,16,98,False,True,0.10233569145202637,0.006792919943109155,0.0020452464474753165,0.8813259230228141,65,5,16,16,False,
finegym,val,aEZbP-Yephw_E_000540_000626_A_0082_0085,data/FineGym_data/videos/val/73/aEZbP-Yephw_E_000540_000626_A_0082_0085.mp4,73,16,100,16,73,True,True,0.2977057695388794,0.010911609046161175,0.0020452464474753165,0.8728484129533172,80,5,16,16,False,
finegym,val,aEZbP-Yephw_E_002252_002329_A_0074_0077,data/FineGym_data/videos/val/73/aEZbP-Yephw_E_002252_002329_A_0074_0077.mp4,73,16,100,16,71,False,True,0.4344521462917328,0.007185368915088475,0.0020452464474753165,0.8600249079754576,65,5,16,16,False,
finegym,val,0LtLS9wROrk_E_006254_006273_A_0013_0016,data/FineGym_data/videos/val/74/0LtLS9wROrk_E_006254_006273_A_0013_0016.mp4,74,16,100,16,76,False,False,0.8681729435920715,0.00816826696973294,0.0020452464474753165,0.8518326960038394,96,6,16,16,False,
finegym,val,AZ4wWG6Rcak_E_003790_003828_A_0003_0005,data/FineGym_data/videos/val/74/AZ4wWG6Rcak_E_003790_003828_A_0003_0005.mp4,74,16,100,16,76,False,False,0.5317037105560303,0.006514335982501507,0.0020452464474753165,0.8423285650787875,57,4,16,16,False,
finegym,val,aN9hSsP6xTg_E_000178_000216_A_0003_0006,data/FineGym_data/videos/val/74/aN9hSsP6xTg_E_000178_000216_A_0003_0006.mp4,74,16,100,16,76,False,True,0.9149786233901978,0.007578538032248616,0.0020452464474753165,0.8349025839706883,80,5,16,16,False,
finegym,val,C5Yfd1IWjmM_E_004167_004203_A_0003_0005,data/FineGym_data/videos/val/74/C5Yfd1IWjmM_E_004167_004203_A_0003_0005.mp4,74,16,100,16,79,False,False,0.35622575879096985,0.005224428954534233,0.0020452464474753165,0.8263517369050533,73,5,16,16,False,
finegym,val,DG7upbhB1bI_E_002345_002379_A_0021_0024,data/FineGym_data/videos/val/74/DG7upbhB1bI_E_002345_002379_A_0021_0024.mp4,74,16,100,16,81,False,False,0.23414447903633118,0.005809700000099838,0.0020452464474753165,0.8203190870117396,89,6,16,16,False,
finegym,val,e3EsDlpNo0c_E_002675_002710_A_0011_0013,data/FineGym_data/videos/val/74/e3EsDlpNo0c_E_002675_002710_A_0011_0013.mp4,74,16,100,16,76,False,True,0.9180364608764648,0.005626976024359465,0.0020452464474753165,0.813622480025515,79,5,16,16,False,
finegym,val,aN9hSsP6xTg_E_000777_000817_A_0006_0008,data/FineGym_data/videos/val/74/aN9hSsP6xTg_E_000777_000817_A_0006_0008.mp4,74,16,100,16,76,False,False,0.9378809332847595,0.005654067033901811,0.0020452464474753165,0.8072999638970941,52,4,16,16,False,
finegym,val,E3AHJ6-QS8M_E_003830_003864_A_0018_0020,data/FineGym_data/videos/val/74/E3AHJ6-QS8M_E_003830_003864_A_0018_0020.mp4,74,16,100,16,82,False,False,0.5514296293258667,0.005520535982213914,0.0020452464474753165,0.8007203659508377,56,4,16,16,False,
finegym,val,cWztehyIFkg_E_005378_005413_A_0028_0031,data/FineGym_data/videos/val/74/cWztehyIFkg_E_005378_005413_A_0028_0031.mp4,74,16,100,16,79,False,False,0.26551011204719543,0.004590005963109434,0.0020452464474753165,0.7944409520132467,59,4,16,16,False,
finegym,val,C5Yfd1IWjmM_E_003905_003940_A_0010_0013,data/FineGym_data/videos/val/74/C5Yfd1IWjmM_E_003905_003940_A_0010_0013.mp4,74,16,100,16,76,False,False,0.31363189220428467,0.004870663047768176,0.0020452464474753165,0.7890746659832075,76,5,16,16,False,
finegym,val,e3EsDlpNo0c_E_005512_005550_A_0005_0008,data/FineGym_data/videos/val/74/e3EsDlpNo0c_E_005512_005550_A_0005_0008.mp4,74,16,100,16,94,False,True,0.13266727328300476,0.0047736510168761015,0.0020452464474753165,0.7833801329834387,69,5,16,16,False,
finegym,val,A0xAXXysHUo_E_001463_001500_A_0003_0005,data/FineGym_data/videos/val/74/A0xAXXysHUo_E_001463_001500_A_0003_0005.mp4,74,16,100,16,76,False,False,0.9066165089607239,0.004655337892472744,0.0020452464474753165,0.777814962901175,65,5,16,16,False,
finegym,val,aN9hSsP6xTg_E_000684_000719_A_0010_0012,data/FineGym_data/videos/val/74/aN9hSsP6xTg_E_000684_000719_A_0010_0012.mp4,74,16,100,16,76,False,True,0.979469895362854,0.005294792004860938,0.0020452464474753165,0.7723820520332083,63,4,16,16,False,
finegym,val,aN3PC4tJokk_E_000137_000175_A_0010_0013,data/FineGym_data/videos/val/74/aN3PC4tJokk_E_000137_000175_A_0010_0013.mp4,74,16,100,16,82,False,False,0.6759073138237,0.0050119999796152115,0.0020452464474753165,0.7663195260101929,72,5,16,16,False,
finegym,val,AZ4wWG6Rcak_E_005197_005262_A_0003_0005,data/FineGym_data/videos/val/74/AZ4wWG6Rcak_E_005197_005262_A_0003_0005.mp4,74,16,100,16,76,False,False,0.9071425795555115,0.004196936031803489,0.0020452464474753165,0.7605228710453957,63,4,16,16,False,
finegym,val,CUuRl0Bwbbc_E_000640_000678_A_0031_0034,data/FineGym_data/videos/val/74/CUuRl0Bwbbc_E_000640_000678_A_0031_0034.mp4,74,16,100,16,76,False,False,0.8126888275146484,0.005216513993218541,0.0020452464474753165,0.7555500350426883,72,5,16,16,False,
finegym,val,AZ4wWG6Rcak_E_003963_003992_A_0007_0010,data/FineGym_data/videos/val/74/AZ4wWG6Rcak_E_003963_003992_A_0007_0010.mp4,74,16,100,16,76,False,False,0.18810845911502838,0.00478803797159344,0.0020452464474753165,0.7495705359615386,66,5,16,16,False,
finegym,val,A0xAXXysHUo_E_001875_001911_A_0020_0023,data/FineGym_data/videos/val/74/A0xAXXysHUo_E_001875_001911_A_0020_0023.mp4,74,16,100,16,81,False,False,0.2594470679759979,0.0050088230054825544,0.0020452464474753165,0.7440078309737146,82,6,16,16,False,
finegym,val,cWztehyIFkg_E_004517_004557_A_0033_0035,data/FineGym_data/videos/val/74/cWztehyIFkg_E_004517_004557_A_0033_0035.mp4,74,16,100,16,76,False,False,0.40183186531066895,0.004870924050919712,0.0020452464474753165,0.7382190900389105,60,4,16,16,False,
finegym,val,aEZbP-Yephw_E_001318_001359_A_0034_0037,data/FineGym_data/videos/val/74/aEZbP-Yephw_E_001318_001359_A_0034_0037.mp4,74,16,100,16,76,False,True,0.7345208525657654,0.005592371104285121,0.0020452464474753165,0.7325407669413835,62,4,16,16,False,
finegym,val,0LtLS9wROrk_E_006849_006876_A_0003_0005,data/FineGym_data/videos/val/75/0LtLS9wROrk_E_006849_006876_A_0003_0005.mp4,75,16,100,16,76,False,True,0.6097675561904907,0.004011537064798176,0.0020452464474753165,0.7260495150694624,57,4,16,16,False,
finegym,val,DG7upbhB1bI_E_002345_002379_A_0005_0007,data/FineGym_data/videos/val/75/DG7upbhB1bI_E_002345_002379_A_0005_0007.mp4,75,16,100,16,76,False,False,0.5181419253349304,0.004761929041706026,0.0020452464474753165,0.7212762749986723,61,4,16,16,False,
finegym,val,cWztehyIFkg_E_004940_004981_A_0029_0031,data/FineGym_data/videos/val/75/cWztehyIFkg_E_004940_004981_A_0029_0031.mp4,75,16,100,16,76,False,True,0.832275927066803,0.005000928998924792,0.0020452464474753165,0.7157335269730538,49,4,16,16,False,
finegym,val,A0xAXXysHUo_E_000789_000829_A_0018_0020,data/FineGym_data/videos/val/75/A0xAXXysHUo_E_000789_000829_A_0018_0020.mp4,75,16,100,16,76,False,False,0.7805992364883423,0.003089222009293735,0.0020452464474753165,0.7098520119907334,29,2,16,16,False,
finegym,val,aN9hSsP6xTg_E_000777_000817_A_0025_0029,data/FineGym_data/videos/val/75/aN9hSsP6xTg_E_000777_000817_A_0025_0029.mp4,75,16,100,16,76,False,True,0.7536775469779968,0.006898298044689,0.0020452464474753165,0.7059538989560679,92,6,16,16,False,
finegym,val,e3EsDlpNo0c_E_005512_005550_A_0022_0024,data/FineGym_data/videos/val/75/e3EsDlpNo0c_E_005512_005550_A_0022_0024.mp4,75,16,100,16,81,False,False,0.2150678038597107,0.005355405970476568,0.0020452464474753165,0.6982529700035229,71,5,16,16,False,
finegym,val,CUuRl0Bwbbc_E_000425_000486_A_0053_0056,data/FineGym_data/videos/val/75/CUuRl0Bwbbc_E_000425_000486_A_0053_0056.mp4,75,16,100,16,76,False,True,0.8499705791473389,0.004842119058594108,0.0020452464474753165,0.6921000549336895,89,6,16,16,False,
finegym,val,dqUNtY2GwW4_E_005804_005845_A_0016_0018,data/FineGym_data/videos/val/75/dqUNtY2GwW4_E_005804_005845_A_0016_0018.mp4,75,16,100,16,82,False,True,0.6086039543151855,0.005524732987396419,0.0020452464474753165,0.6864577499218285,54,4,16,16,False,
finegym,val,e3EsDlpNo0c_E_004808_004838_A_0018_0021,data/FineGym_data/videos/val/75/e3EsDlpNo0c_E_004808_004838_A_0018_0021.mp4,75,16,100,16,81,False,False,0.24559760093688965,0.0060725739458575845,0.0020452464474753165,0.6801392529159784,74,5,16,16,False,
finegym,val,e3EsDlpNo0c_E_005904_005938_A_0021_0023,data/FineGym_data/videos/val/75/e3EsDlpNo0c_E_005904_005938_A_0021_0023.mp4,75,16,100,16,76,False,True,0.7476984858512878,0.006202989956364036,0.0020452464474753165,0.6734546970110387,66,5,16,16,False,
finegym,val,AZ4wWG6Rcak_E_004423_004476_A_0019_0022,data/FineGym_data/videos/val/75/AZ4wWG6Rcak_E_004423_004476_A_0019_0022.mp4,75,16,100,16,76,False,True,0.5361493229866028,0.006208751001395285,0.0020452464474753165,0.6666827059816569,69,5,16,16,False,
finegym,val,aN9hSsP6xTg_E_003184_003220_A_0015_0017,data/FineGym_data/videos/val/75/aN9hSsP6xTg_E_003184_003220_A_0015_0017.mp4,75,16,100,16,76,False,False,0.9951025247573853,0.005869342014193535,0.0020452464474753165,0.6596232239389792,50,4,16,16,False,
finegym,val,e3EsDlpNo0c_E_006779_006810_A_0003_0005,data/FineGym_data/videos/val/75/e3EsDlpNo0c_E_006779_006810_A_0003_0005.mp4,75,16,100,16,76,False,True,0.7133933305740356,0.005037096096202731,0.0020452464474753165,0.6529273679479957,66,5,16,16,False,
finegym,val,DG7upbhB1bI_E_001168_001204_A_0025_0027,data/FineGym_data/videos/val/75/DG7upbhB1bI_E_001168_001204_A_0025_0027.mp4,75,16,100,16,76,False,False,0.15536655485630035,0.004816081025637686,0.0020452464474753165,0.6474513449938968,63,4,16,16,False,
finegym,val,dqUNtY2GwW4_E_005633_005671_A_0010_0012,data/FineGym_data/videos/val/75/dqUNtY2GwW4_E_005633_005671_A_0010_0012.mp4,75,16,100,16,76,False,False,0.45739510655403137,0.004940995946526527,0.0020452464474753165,0.6422010080423206,58,4,16,16,False,
finegym,val,aN9hSsP6xTg_E_000178_000216_A_0025_0028,data/FineGym_data/videos/val/75/aN9hSsP6xTg_E_000178_000216_A_0025_0028.mp4,75,16,100,16,76,False,False,0.6782622933387756,0.006959642982110381,0.0020452464474753165,0.636821276973933,59,4,16,16,False,
finegym,val,cWztehyIFkg_E_004084_004142_A_0034_0037,data/FineGym_data/videos/val/75/cWztehyIFkg_E_004084_004142_A_0034_0037.mp4,75,16,100,16,76,False,False,0.5382387638092041,0.0045213260455057025,0.0020452464474753165,0.6289836110081524,59,4,16,16,False,
finegym,val,e3EsDlpNo0c_E_004531_004561_A_0016_0019,data/FineGym_data/videos/val/75/e3EsDlpNo0c_E_004531_004561_A_0016_0019.mp4,75,16,100,16,76,False,True,0.7959892749786377,0.004708538996055722,0.0020452464474753165,0.6237183850025758,64,4,16,16,False,
finegym,val,E3AHJ6-QS8M_E_001641_001687_A_0021_0023,data/FineGym_data/videos/val/75/E3AHJ6-QS8M_E_001641_001687_A_0021_0023.mp4,75,16,100,16,76,False,False,0.26138749718666077,0.00645749899558723,0.0020452464474753165,0.618246660917066,51,4,16,16,False,
finegym,val,CUuRl0Bwbbc_E_000425_000486_A_0050_0053,data/FineGym_data/videos/val/76/CUuRl0Bwbbc_E_000425_000486_A_0050_0053.mp4,76,16,100,16,76,True,True,0.5654484033584595,0.005015847040340304,0.0020452464474753165,0.6110107180429623,73,5,16,16,False,
finegym,val,aN9hSsP6xTg_E_002376_002416_A_0015_0018,data/FineGym_data/videos/val/76/aN9hSsP6xTg_E_002376_002416_A_0015_0018.mp4,76,16,100,16,76,True,True,0.8639394044876099,0.006132517009973526,0.0020452464474753165,0.6053467930760235,69,5,16,16,False,
finegym,val,aN9hSsP6xTg_E_000731_000766_A_0023_0024,data/FineGym_data/videos/val/76/aN9hSsP6xTg_E_000731_000766_A_0023_0024.mp4,76,16,100,16,76,True,True,0.6528488993644714,0.004457816015928984,0.0020452464474753165,0.5984520310303196,35,3,16,16,False,
finegym,val,E3AHJ6-QS8M_E_003830_003864_A_0003_0004,data/FineGym_data/videos/val/76/E3AHJ6-QS8M_E_003830_003864_A_0003_0004.mp4,76,16,100,16,79,False,True,0.43830081820487976,0.00464443804230541,0.0020452464474753165,0.5932558350032195,41,3,16,16,False,
finegym,val,DyZ2qj6x1UE_E_002396_002438_A_0019_0020,data/FineGym_data/videos/val/76/DyZ2qj6x1UE_E_002396_002438_A_0019_0020.mp4,76,16,100,16,76,True,True,0.2128520905971527,0.004663052037358284,0.0020452464474753165,0.5878694120328873,36,3,16,16,False,
finegym,val,DG7upbhB1bI_E_004686_004725_A_0015_0017,data/FineGym_data/videos/val/76/DG7upbhB1bI_E_004686_004725_A_0015_0017.mp4,76,16,100,16,76,True,True,0.2616672217845917,0.004495027009397745,0.0020452464474753165,0.5824711360037327,51,4,16,16,False,
finegym,val,dqUNtY2GwW4_E_005633_005671_A_0031_0033,data/FineGym_data/videos/val/76/dqUNtY2GwW4_E_005633_005671_A_0031_0033.mp4,76,16,100,16,79,False,True,0.5494257807731628,0.005138066015206277,0.0020452464474753165,0.5771873849444091,52,4,16,16,False,
finegym,val,E3AHJ6-QS8M_E_001641_001687_A_0005_0007,data/FineGym_data/videos/val/76/E3AHJ6-QS8M_E_001641_001687_A_0005_0007.mp4,76,16,100,16,76,True,True,0.3347771167755127,0.005177701008506119,0.0020452464474753165,0.5712556359358132,39,3,16,16,False,
finegym,val,A0xAXXysHUo_E_000600_000641_A_0011_0012,data/FineGym_data/videos/val/76/A0xAXXysHUo_E_000600_000641_A_0011_0012.mp4,76,16,100,16,76,True,True,0.3401086926460266,0.004770594998262823,0.0020452464474753165,0.5653258599340916,51,4,16,16,False,
finegym,val,0LtLS9wROrk_E_004139_004167_A_0003_0005,data/FineGym_data/videos/val/76/0LtLS9wROrk_E_004139_004167_A_0003_0005.mp4,76,16,100,16,76,True,True,0.6255747079849243,0.004326821072027087,0.0020452464474753165,0.5597993219271302,65,5,16,16,False,
finegym,val,AZ4wWG6Rcak_E_004423_004476_A_0009_0010,data/FineGym_data/videos/val/76/AZ4wWG6Rcak_E_004423_004476_A_0009_0010.mp4,76,16,100,16,76,True,True,0.6453887224197388,0.003982402966357768,0.0020452464474753165,0.5547153369989246,42,3,16,16,False,
finegym,val,CUuRl0Bwbbc_E_000640_000678_A_0006_0007,data/FineGym_data/videos/val/76/CUuRl0Bwbbc_E_000640_000678_A_0006_0007.mp4,76,16,100,16,76,True,True,0.6845258474349976,0.0045987420016899705,0.0020452464474753165,0.5499824330909178,38,3,16,16,False,
finegym,val,e3EsDlpNo0c_E_002675_002710_A_0005_0006,data/FineGym_data/videos/val/76/e3EsDlpNo0c_E_002675_002710_A_0005_0006.mp4,76,16,100,16,95,False,True,0.1594368815422058,0.004319195984862745,0.0020452464474753165,0.5446338700130582,42,3,16,16,False,
finegym,val,cWztehyIFkg_E_005378_005413_A_0023_0025,data/FineGym_data/videos/val/76/cWztehyIFkg_E_005378_005413_A_0023_0025.mp4,76,16,100,16,76,True,True,0.4540877938270569,0.004052684060297906,0.0020452464474753165,0.5395545249339193,37,3,16,16,False,
finegym,val,cWztehyIFkg_E_003879_003921_A_0005_0007,data/FineGym_data/videos/val/76/cWztehyIFkg_E_003879_003921_A_0005_0007.mp4,76,16,100,16,76,True,True,0.6964956521987915,0.003948468016460538,0.0020452464474753165,0.5347508279373869,41,3,16,16,False,
finegym,val,0LtLS9wROrk_E_006849_006876_A_0010_0012,data/FineGym_data/videos/val/76/0LtLS9wROrk_E_006849_006876_A_0010_0012.mp4,76,16,100,16,76,True,True,0.9559120535850525,0.003658012021332979,0.0020452464474753165,0.5300282620592043,53,4,16,16,False,
finegym,val,cWztehyIFkg_E_004084_004142_A_0029_0031,data/FineGym_data/videos/val/76/cWztehyIFkg_E_004084_004142_A_0029_0031.mp4,76,16,100,16,76,True,True,0.5146914124488831,0.004010264994576573,0.0020452464474753165,0.5255941909272224,42,3,16,16,False,
finegym,val,DG7upbhB1bI_E_000790_000825_A_0003_0005,data/FineGym_data/videos/val/76/DG7upbhB1bI_E_000790_000825_A_0003_0005.mp4,76,16,100,16,76,True,True,0.3486780524253845,0.004529731930233538,0.0020452464474753165,0.5208245579851791,57,4,16,16,False,
finegym,val,A0xAXXysHUo_E_001463_001500_A_0008_0010,data/FineGym_data/videos/val/76/A0xAXXysHUo_E_001463_001500_A_0008_0010.mp4,76,16,100,16,76,True,True,0.6095912456512451,0.0037110319826751947,0.0020452464474753165,0.5155226420611143,42,3,16,16,False,
finegym,val,C5Yfd1IWjmM_E_004167_004203_A_0005_0007,data/FineGym_data/videos/val/76/C5Yfd1IWjmM_E_004167_004203_A_0005_0007.mp4,76,16,100,16,79,False,True,0.28473833203315735,0.003914404078386724,0.0020452464474753165,0.5110407910542563,44,3,16,16,False,
finegym,val,0LtLS9wROrk_E_002710_002737_A_0003_0006,data/FineGym_data/videos/val/77/0LtLS9wROrk_E_002710_002737_A_0003_0006.mp4,77,16,100,16,79,False,False,0.38467007875442505,0.004475991008803248,0.0020452464474753165,0.5063554669031873,84,6,16,16,False,
finegym,val,0LtLS9wROrk_E_002710_002737_A_0020_0023,data/FineGym_data/videos/val/77/0LtLS9wROrk_E_002710_002737_A_0020_0023.mp4,77,16,100,16,82,False,False,0.6721035838127136,0.004892835044302046,0.0020452464474753165,0.5009856329998001,89,6,16,16,False,
finegym,val,A0xAXXysHUo_E_002184_002237_A_0044_0047,data/FineGym_data/videos/val/77/A0xAXXysHUo_E_002184_002237_A_0044_0047.mp4,77,16,100,16,76,False,False,0.43094196915626526,0.006450034095905721,0.0020452464474753165,0.49530032800976187,83,6,16,16,False,
finegym,val,0LtLS9wROrk_E_003303_003330_A_0020_0023,data/FineGym_data/videos/val/77/0LtLS9wROrk_E_003303_003330_A_0020_0023.mp4,77,16,100,16,78,False,True,0.18045975267887115,0.0049211179139092565,0.0020452464474753165,0.4880815860815346,86,6,16,16,False,
finegym,val,0LtLS9wROrk_E_007797_007843_A_0039_0042,data/FineGym_data/videos/val/77/0LtLS9wROrk_E_007797_007843_A_0039_0042.mp4,77,16,100,16,76,False,False,0.4515283405780792,0.004478574963286519,0.0020452464474753165,0.48235135700087994,79,5,16,16,False,
finegym,val,0LtLS9wROrk_E_004139_004167_A_0021_0024,data/FineGym_data/videos/val/77/0LtLS9wROrk_E_004139_004167_A_0021_0024.mp4,77,16,100,16,79,False,True,0.6657167673110962,0.004985198960639536,0.0020452464474753165,0.47711083700414747,81,6,16,16,False,
finegym,val,aN9hSsP6xTg_E_002376_002416_A_0029_0031,data/FineGym_data/videos/val/77/aN9hSsP6xTg_E_002376_002416_A_0029_0031.mp4,77,16,100,16,76,False,False,0.8710201978683472,0.0058243980165570974,0.0020452464474753165,0.47134460892993957,57,4,16,16,False,
finegym,val,BLzs5opw8uM_E_003391_003423_A_0022_0025,data/FineGym_data/videos/val/78/BLzs5opw8uM_E_003391_003423_A_0022_0025.mp4,78,16,100,16,79,False,False,0.3784279227256775,0.006197619950398803,0.002076067863526987,1.176513831014745,75,5,16,16,False,
finegym,val,cWztehyIFkg_E_004517_004557_A_0030_0033,data/FineGym_data/videos/val/78/cWztehyIFkg_E_004517_004557_A_0030_0033.mp4,78,16,100,16,79,False,True,0.23535189032554626,0.005595487076789141,0.002076067863526987,1.1678158370777965,70,5,16,16,False,
finegym,val,cWztehyIFkg_E_004940_004981_A_0009_0012,data/FineGym_data/videos/val/78/cWztehyIFkg_E_004940_004981_A_0009_0012.mp4,78,16,100,16,79,False,True,0.3542032837867737,0.005789792048744857,0.002076067863526987,1.1615995219908655,58,4,16,16,False,
finegym,val,cWztehyIFkg_E_004084_004142_A_0051_0053,data/FineGym_data/videos/val/78/cWztehyIFkg_E_004084_004142_A_0051_0053.mp4,78,16,100,16,82,False,True,0.5589780211448669,0.004976391908712685,0.002076067863526987,1.1552427129354328,58,4,16,16,False,
finegym,val,aEZbP-Yephw_E_000092_000132_A_0025_0028,data/FineGym_data/videos/val/78/aEZbP-Yephw_E_000092_000132_A_0025_0028.mp4,78,16,100,16,82,False,False,0.44016033411026,0.006201187032274902,0.002076067863526987,1.1498083390761167,66,5,16,16,False,
finegym,val,aN3PC4tJokk_E_000700_000733_A_0010_0012,data/FineGym_data/videos/val/78/aN3PC4tJokk_E_000700_000733_A_0010_0012.mp4,78,16,100,16,82,False,False,0.3879254162311554,0.005132687045261264,0.002076067863526987,1.1430969520006329,64,4,16,16,False,
finegym,val,aN3PC4tJokk_E_000460_000493_A_0023_0025,data/FineGym_data/videos/val/78/aN3PC4tJokk_E_000460_000493_A_0023_0025.mp4,78,16,100,16,76,False,False,0.2457716464996338,0.005681228009052575,0.002076067863526987,1.137498088995926,66,5,16,16,False,
finegym,val,aN3PC4tJokk_E_000460_000493_A_0003_0006,data/FineGym_data/videos/val/78/aN3PC4tJokk_E_000460_000493_A_0003_0006.mp4,78,16,100,16,82,False,False,0.1816486418247223,0.004680225043557584,0.002076067863526987,1.131148534012027,68,5,16,16,False,
finegym,val,aN9hSsP6xTg_E_000112_000152_A_0027_0029,data/FineGym_data/videos/val/78/aN9hSsP6xTg_E_000112_000152_A_0027_0029.mp4,78,16,100,16,76,False,False,0.7024558186531067,0.006354485056363046,0.002076067863526987,1.1259158280445263,66,5,16,16,False,
finegym,val,aEZbP-Yephw_E_000786_000822_A_0029_0032,data/FineGym_data/videos/val/78/aEZbP-Yephw_E_000786_000822_A_0029_0032.mp4,78,16,100,16,82,False,True,0.5170241594314575,0.005761649925261736,0.002076067863526987,1.1191329879220575,61,4,16,16,False,
finegym,val,BLzs5opw8uM_E_000621_000654_A_0026_0028,data/FineGym_data/videos/val/78/BLzs5opw8uM_E_000621_000654_A_0026_0028.mp4,78,16,100,16,76,False,False,0.6634511351585388,0.005571863031946123,0.002076067863526987,1.1128837609430775,65,5,16,16,False,
finegym,val,0LtLS9wROrk_E_004139_004167_A_0014_0016,data/FineGym_data/videos/val/78/0LtLS9wROrk_E_004139_004167_A_0014_0016.mp4,78,16,100,16,79,False,True,0.28942808508872986,0.004523730021901429,0.002076067863526987,1.1067054680315778,71,5,16,16,False,
finegym,val,aN9hSsP6xTg_E_000178_000216_A_0029_0032,data/FineGym_data/videos/val/78/aN9hSsP6xTg_E_000178_000216_A_0029_0032.mp4,78,16,100,16,76,False,False,0.6863377690315247,0.005864813923835754,0.002076067863526987,1.1017104800557718,56,4,16,16,False,
finegym,val,A0xAXXysHUo_E_000945_000992_A_0036_0040,data/FineGym_data/videos/val/78/A0xAXXysHUo_E_000945_000992_A_0036_0040.mp4,78,16,100,16,81,False,False,0.3961744010448456,0.0079865149455145,0.002076067863526987,1.095362809021026,138,9,16,16,False,
finegym,val,0LtLS9wROrk_E_003606_003635_A_0003_0006,data/FineGym_data/videos/val/78/0LtLS9wROrk_E_003606_003635_A_0003_0006.mp4,78,16,100,16,76,False,False,0.472610205411911,0.004786474979482591,0.002076067863526987,1.0868919719941914,73,5,16,16,False,
finegym,val,0LtLS9wROrk_E_004742_004771_A_0003_0006,data/FineGym_data/videos/val/78/0LtLS9wROrk_E_004742_004771_A_0003_0006.mp4,78,16,100,16,82,False,False,0.4873639643192291,0.0049540100153535604,0.002076067863526987,1.0816615719813854,84,6,16,16,False,
finegym,val,cSh74jSRht8_E_001232_001274_A_0003_0005,data/FineGym_data/videos/val/78/cSh74jSRht8_E_001232_001274_A_0003_0005.mp4,78,16,100,16,76,False,False,0.513602614402771,0.00496211601421237,0.002076067863526987,1.0761658519040793,61,4,16,16,False,
finegym,val,cSh74jSRht8_E_002051_002079_A_0003_0005,data/FineGym_data/videos/val/78/cSh74jSRht8_E_002051_002079_A_0003_0005.mp4,78,16,100,16,79,False,True,0.30975234508514404,0.004307874944061041,0.002076067863526987,1.0706234549870715,63,4,16,16,False,
finegym,val,cWztehyIFkg_E_004746_004783_A_0026_0029,data/FineGym_data/videos/val/78/cWztehyIFkg_E_004746_004783_A_0026_0029.mp4,78,16,100,16,79,False,False,0.3617156445980072,0.004883007030002773,0.002076067863526987,1.0658918829867616,59,4,16,16,False,
finegym,val,CUuRl0Bwbbc_E_000857_000923_A_0021_0024,data/FineGym_data/videos/val/78/CUuRl0Bwbbc_E_000857_000923_A_0021_0024.mp4,78,16,100,16,81,False,True,0.1979253739118576,0.005545533029362559,0.002076067863526987,1.060502274078317,81,6,16,16,False,
finegym,val,aN3PC4tJokk_E_001213_001258_A_0040_0041,data/FineGym_data/videos/val/79/aN3PC4tJokk_E_001213_001258_A_0040_0041.mp4,79,16,100,16,95,False,True,0.11895082145929337,0.003951934981159866,0.002076067863526987,1.0544510390609503,48,3,16,16,False,
finegym,val,C5Yfd1IWjmM_E_003005_003043_A_0029_0030,data/FineGym_data/videos/val/79/C5Yfd1IWjmM_E_003005_003043_A_0029_0030.mp4,79,16,100,16,79,True,True,0.389803946018219,0.005300982971675694,0.002076067863526987,1.0499805989675224,55,4,16,16,False,
finegym,val,cSh74jSRht8_E_002174_002197_A_0014_0016,data/FineGym_data/videos/val/79/cSh74jSRht8_E_002174_002197_A_0014_0016.mp4,79,16,100,16,76,False,True,0.8621145486831665,0.005604214034974575,0.002076067863526987,1.0440785749815404,45,3,16,16,False,
finegym,val,A0xAXXysHUo_E_000600_000641_A_0035_0037,data/FineGym_data/videos/val/79/A0xAXXysHUo_E_000600_000641_A_0035_0037.mp4,79,16,100,16,76,False,True,0.4667693078517914,0.005025594960898161,0.002076067863526987,1.0376380289671943,50,4,16,16,False,
finegym,val,cSh74jSRht8_E_000875_000899_A_0017_0018,data/FineGym_data/videos/val/79/cSh74jSRht8_E_000875_000899_A_0017_0018.mp4,79,16,100,16,76,False,True,0.9426082968711853,0.004274762002751231,0.002076067863526987,1.032146636978723,43,3,16,16,False,
finegym,val,cSh74jSRht8_E_000940_000974_A_0026_0028,data/FineGym_data/videos/val/79/cSh74jSRht8_E_000940_000974_A_0026_0028.mp4,79,16,100,16,76,False,True,0.7376518249511719,0.004344693035818636,0.002076067863526987,1.0274283000035211,47,3,16,16,False,
finegym,val,aN9hSsP6xTg_E_000178_000216_A_0028_0029,data/FineGym_data/videos/val/79/aN9hSsP6xTg_E_000178_000216_A_0028_0029.mp4,79,16,100,16,76,False,True,0.8750359416007996,0.006503866985440254,0.002076067863526987,1.0225839270278811,44,3,16,16,False,
finegym,val,C5Yfd1IWjmM_E_003703_003739_A_0030_0032,data/FineGym_data/videos/val/79/C5Yfd1IWjmM_E_003703_003739_A_0030_0032.mp4,79,16,100,16,76,False,True,0.46057793498039246,0.005139508983120322,0.002076067863526987,1.0153121759649366,66,5,16,16,False,
finegym,val,0LtLS9wROrk_E_007196_007226_A_0022_0024,data/FineGym_data/videos/val/79/0LtLS9wROrk_E_007196_007226_A_0022_0024.mp4,79,16,100,16,79,True,True,0.41323885321617126,0.0042042500572279096,0.002076067863526987,1.0086554719600827,55,4,16,16,False,
finegym,val,0LtLS9wROrk_E_002407_002435_A_0019_0021,data/FineGym_data/videos/val/79/0LtLS9wROrk_E_002407_002435_A_0019_0021.mp4,79,16,100,16,79,True,True,0.6526812314987183,0.005034761969000101,0.002076067863526987,1.0038602609420195,53,4,16,16,False,
finegym,val,AZ4wWG6Rcak_E_003963_003992_A_0024_0025,data/FineGym_data/videos/val/79/AZ4wWG6Rcak_E_003963_003992_A_0024_0025.mp4,79,16,100,16,76,False,True,0.45140504837036133,0.004387935041449964,0.002076067863526987,0.9979676249204203,42,3,16,16,False,
finegym,val,aN9hSsP6xTg_E_002376_002416_A_0031_0033,data/FineGym_data/videos/val/79/aN9hSsP6xTg_E_002376_002416_A_0031_0033.mp4,79,16,100,16,76,False,True,0.9251130819320679,0.006650602095760405,0.002076067863526987,0.9926318059442565,49,4,16,16,False,
finegym,val,aEZbP-Yephw_E_001713_001750_A_0027_0029,data/FineGym_data/videos/val/79/aEZbP-Yephw_E_001713_001750_A_0027_0029.mp4,79,16,100,16,79,True,True,0.3960258364677429,0.005294010043144226,0.002076067863526987,0.9852498889667913,35,3,16,16,False,
finegym,val,A0xAXXysHUo_E_002184_002237_A_0047_0049,data/FineGym_data/videos/val/79/A0xAXXysHUo_E_002184_002237_A_0047_0049.mp4,79,16,100,16,79,True,True,0.5936382412910461,0.004872026038356125,0.002076067863526987,0.9790312990080565,45,3,16,16,False,
finegym,val,aEZbP-Yephw_E_000092_000132_A_0033_0034,data/FineGym_data/videos/val/79/aEZbP-Yephw_E_000092_000132_A_0033_0034.mp4,79,16,100,16,76,False,True,0.6984063982963562,0.005415246938355267,0.002076067863526987,0.973488962976262,36,3,16,16,False,
finegym,val,0LtLS9wROrk_E_005073_005097_A_0018_0021,data/FineGym_data/videos/val/79/0LtLS9wROrk_E_005073_005097_A_0018_0021.mp4,79,16,100,16,79,True,True,0.6440689563751221,0.0055524560157209635,0.002076067863526987,0.9675920680165291,73,5,16,16,False,
finegym,val,A0xAXXysHUo_E_001292_001332_A_0019_0021,data/FineGym_data/videos/val/79/A0xAXXysHUo_E_001292_001332_A_0019_0021.mp4,79,16,100,16,76,False,True,0.8692148327827454,0.005189652903936803,0.002076067863526987,0.9614930140087381,54,4,16,16,False,
finegym,val,0LtLS9wROrk_E_007492_007516_A_0016_0019,data/FineGym_data/videos/val/79/0LtLS9wROrk_E_007492_007516_A_0016_0019.mp4,79,16,100,16,76,False,True,0.5018320679664612,0.005495388992130756,0.002076067863526987,0.9558314830064774,73,5,16,16,False,
finegym,val,cSh74jSRht8_E_001441_001472_A_0015_0017,data/FineGym_data/videos/val/79/cSh74jSRht8_E_001441_001472_A_0015_0017.mp4,79,16,100,16,76,False,True,0.15346156060695648,0.005392174934968352,0.002076067863526987,0.9490698319859803,48,3,16,16,False,
finegym,val,aN9hSsP6xTg_E_001313_001352_A_0028_0029,data/FineGym_data/videos/val/79/aN9hSsP6xTg_E_001313_001352_A_0028_0029.mp4,79,16,100,16,95,False,True,0.1494109183549881,0.005090296966955066,0.002076067863526987,0.943090592045337,30,2,16,16,False,
finegym,val,A0xAXXysHUo_E_000945_000992_A_0006_0008,data/FineGym_data/videos/val/80/A0xAXXysHUo_E_000945_000992_A_0006_0008.mp4,80,16,100,16,76,False,False,0.8159250617027283,0.006666161003522575,0.002076067863526987,0.9373978930525482,71,5,16,16,False,
finegym,val,E3AHJ6-QS8M_E_000880_000920_A_0021_0023,data/FineGym_data/videos/val/80/E3AHJ6-QS8M_E_000880_000920_A_0021_0023.mp4,80,16,100,16,82,False,False,0.2532787621021271,0.006136134034022689,0.002076067863526987,0.9299474359722808,53,4,16,16,False,
finegym,val,aEZbP-Yephw_E_000092_000132_A_0008_0010,data/FineGym_data/videos/val/80/aEZbP-Yephw_E_000092_000132_A_0008_0010.mp4,80,16,100,16,82,False,False,0.7963355779647827,0.005659428075887263,0.002076067863526987,0.9232084770919755,52,4,16,16,False,
finegym,val,A0xAXXysHUo_E_000945_000992_A_0008_0011,data/FineGym_data/videos/val/80/A0xAXXysHUo_E_000945_000992_A_0008_0011.mp4,80,16,100,16,76,False,False,0.41020849347114563,0.006008154014125466,0.002076067863526987,0.9168949000304565,76,5,16,16,False,
finegym,val,EFvDqOF1sCk_E_000493_000529_A_0014_0016,data/FineGym_data/videos/val/80/EFvDqOF1sCk_E_000493_000529_A_0014_0016.mp4,80,16,100,16,79,False,False,0.7637529969215393,0.008166012936271727,0.002076067863526987,0.9103886899538338,57,4,16,16,False,
finegym,val,aN3PC4tJokk_E_000460_000493_A_0008_0010,data/FineGym_data/videos/val/80/aN3PC4tJokk_E_000460_000493_A_0008_0010.mp4,80,16,100,16,79,False,False,0.1715439260005951,0.005871215951628983,0.002076067863526987,0.9013579400489107,74,5,16,16,False,
finegym,val,E3AHJ6-QS8M_E_000742_000780_A_0003_0005,data/FineGym_data/videos/val/80/E3AHJ6-QS8M_E_000742_000780_A_0003_0005.mp4,80,16,100,16,82,False,False,0.7178415060043335,0.006615255028009415,0.002076067863526987,0.8947186889126897,49,4,16,16,False,
finegym,val,aEZbP-Yephw_E_002029_002064_A_0012_0015,data/FineGym_data/videos/val/80/aEZbP-Yephw_E_002029_002064_A_0012_0015.mp4,80,16,100,16,82,False,False,0.31235554814338684,0.0064966019708663225,0.002076067863526987,0.887179565965198,61,4,16,16,False,
finegym,val,aEZbP-Yephw_E_002570_002605_A_0003_0006,data/FineGym_data/videos/val/80/aEZbP-Yephw_E_002570_002605_A_0003_0006.mp4,80,16,100,16,76,False,False,0.4863537549972534,0.006436128984205425,0.002076067863526987,0.8798432630719617,67,5,16,16,False,
finegym,val,aN3PC4tJokk_E_001213_001258_A_0018_0020,data/FineGym_data/videos/val/80/aN3PC4tJokk_E_001213_001258_A_0018_0020.mp4,80,16,100,16,76,False,False,0.7612483501434326,0.004683481063693762,0.002076067863526987,0.8729311900679022,64,4,16,16,False,
finegym,val,A0xAXXysHUo_E_001292_001332_A_0003_0006,data/FineGym_data/videos/val/80/A0xAXXysHUo_E_001292_001332_A_0003_0006.mp4,80,16,100,16,76,False,False,0.3241230249404907,0.0059157999930903316,0.002076067863526987,0.8677149750292301,72,5,16,16,False,
finegym,val,EFvDqOF1sCk_E_000493_000529_A_0016_0019,data/FineGym_data/videos/val/80/EFvDqOF1sCk_E_000493_000529_A_0016_0019.mp4,80,16,100,16,82,False,False,0.5354207754135132,0.006648608949035406,0.002076067863526987,0.8609411719953641,61,4,16,16,False,
finegym,val,aN3PC4tJokk_E_001213_001258_A_0022_0024,data/FineGym_data/videos/val/80/aN3PC4tJokk_E_001213_001258_A_0022_0024.mp4,80,16,100,16,76,False,False,0.4823285639286041,0.00528126594144851,0.002076067863526987,0.8535254800226539,71,5,16,16,False,
finegym,val,E3AHJ6-QS8M_E_000742_000780_A_0005_0007,data/FineGym_data/videos/val/80/E3AHJ6-QS8M_E_000742_000780_A_0005_0007.mp4,80,16,100,16,79,False,False,0.2683591842651367,0.006615294958464801,0.002076067863526987,0.8474468340864405,52,4,16,16,False,
finegym,val,aEZbP-Yephw_E_000092_000132_A_0028_0030,data/FineGym_data/videos/val/80/aEZbP-Yephw_E_000092_000132_A_0028_0030.mp4,80,16,100,16,82,False,False,0.3375844657421112,0.006745581049472094,0.002076067863526987,0.8398993250448257,59,4,16,16,False,
finegym,val,E3AHJ6-QS8M_E_003256_003294_A_0003_0005,data/FineGym_data/videos/val/80/E3AHJ6-QS8M_E_003256_003294_A_0003_0005.mp4,80,16,100,16,76,False,False,0.7229557037353516,0.006012541940435767,0.002076067863526987,0.8322495139436796,56,4,16,16,False,
finegym,val,EFvDqOF1sCk_E_001296_001324_A_0016_0018,data/FineGym_data/videos/val/80/EFvDqOF1sCk_E_001296_001324_A_0016_0018.mp4,80,16,100,16,82,False,True,0.501045823097229,0.006285615963861346,0.002076067863526987,0.8257527900859714,58,4,16,16,False,
finegym,val,aEZbP-Yephw_E_002178_002219_A_0018_0021,data/FineGym_data/videos/val/80/aEZbP-Yephw_E_002178_002219_A_0018_0021.mp4,80,16,100,16,82,False,False,0.8007184267044067,0.0057181669399142265,0.002076067863526987,0.819008382037282,55,4,16,16,False,
finegym,val,E3AHJ6-QS8M_E_000880_000920_A_0023_0026,data/FineGym_data/videos/val/80/E3AHJ6-QS8M_E_000880_000920_A_0023_0026.mp4,80,16,100,16,79,False,False,0.8675257563591003,0.005551845068112016,0.002076067863526987,0.8124427000293508,50,4,16,16,False,
finegym,val,BLzs5opw8uM_E_003391_003423_A_0025_0027,data/FineGym_data/videos/val/81/BLzs5opw8uM_E_003391_003423_A_0025_0027.mp4,81,16,100,16,76,False,True,0.20153851807117462,0.005464059999212623,0.002076067863526987,0.8064202999230474,68,5,16,16,False,
finegym,val,cSh74jSRht8_E_000875_000899_A_0015_0017,data/FineGym_data/videos/val/81/cSh74jSRht8_E_000875_000899_A_0015_0017.mp4,81,16,100,16,79,False,True,0.331586092710495,0.004707967978902161,0.002076067863526987,0.8001657431013882,51,4,16,16,False,
finegym,val,AZ4wWG6Rcak_E_003790_003828_A_0027_0030,data/FineGym_data/videos/val/81/AZ4wWG6Rcak_E_003790_003828_A_0027_0030.mp4,81,16,100,16,82,False,False,0.3639751076698303,0.006719461991451681,0.002076067863526987,0.7948661129921675,64,4,16,16,False,
finegym,val,cSh74jSRht8_E_001441_001472_A_0003_0005,data/FineGym_data/videos/val/81/cSh74jSRht8_E_001441_001472_A_0003_0005.mp4,81,16,100,16,76,False,False,0.6653233766555786,0.0059833069099113345,0.002076067863526987,0.7870440570404753,54,4,16,16,False,
finegym,val,DG7upbhB1bI_E_000790_000825_A_0026_0029,data/FineGym_data/videos/val/81/DG7upbhB1bI_E_000790_000825_A_0026_0029.mp4,81,16,100,16,81,True,True,0.31179437041282654,0.0060157779371365905,0.002076067863526987,0.7803439210401848,80,5,16,16,False,
finegym,val,aN9hSsP6xTg_E_001266_001302_A_0026_0028,data/FineGym_data/videos/val/81/aN9hSsP6xTg_E_001266_001302_A_0026_0028.mp4,81,16,100,16,76,False,False,0.9599521160125732,0.007373892003670335,0.002076067863526987,0.7734408240066841,57,4,16,16,False,
finegym,val,DG7upbhB1bI_E_001168_001204_A_0027_0029,data/FineGym_data/videos/val/81/DG7upbhB1bI_E_001168_001204_A_0027_0029.mp4,81,16,100,16,81,True,True,0.43237313628196716,0.0061175290029495955,0.002076067863526987,0.765328511944972,66,5,16,16,False,
finegym,val,cSh74jSRht8_E_001089_001124_A_0009_0011,data/FineGym_data/videos/val/81/cSh74jSRht8_E_001089_001124_A_0009_0011.mp4,81,16,100,16,76,False,True,0.4329753518104553,0.005453700083307922,0.002076067863526987,0.7584905280964449,54,4,16,16,False,
finegym,val,aN9hSsP6xTg_E_000112_000152_A_0019_0021,data/FineGym_data/videos/val/82/aN9hSsP6xTg_E_000112_000152_A_0019_0021.mp4,82,16,100,16,76,False,True,0.92894446849823,0.006257342058233917,0.002076067863526987,0.7521456809481606,49,4,16,16,False,
finegym,val,aN3PC4tJokk_E_001213_001258_A_0024_0026,data/FineGym_data/videos/val/82/aN3PC4tJokk_E_001213_001258_A_0024_0026.mp4,82,16,100,16,76,False,True,0.9556037783622742,0.004750997992232442,0.002076067863526987,0.745031557045877,51,4,16,16,False,
finegym,val,AZ4wWG6Rcak_E_005995_006025_A_0023_0026,data/FineGym_data/videos/val/82/AZ4wWG6Rcak_E_005995_006025_A_0023_0026.mp4,82,16,100,16,76,False,True,0.3612801134586334,0.004147432977333665,0.002076067863526987,0.7396896559512243,56,4,16,16,False,
finegym,val,aN3PC4tJokk_E_001213_001258_A_0020_0022,data/FineGym_data/videos/val/82/aN3PC4tJokk_E_001213_001258_A_0020_0022.mp4,82,16,100,16,76,False,True,0.7909318804740906,0.0041810760740190744,0.002076067863526987,0.7351266919868067,56,4,16,16,False,
finegym,val,aEZbP-Yephw_E_002029_002064_A_0010_0012,data/FineGym_data/videos/val/82/aEZbP-Yephw_E_002029_002064_A_0010_0012.mp4,82,16,100,16,76,False,True,0.6686632633209229,0.005098202032968402,0.002076067863526987,0.7304389229975641,51,4,16,16,False,
finegym,val,E3AHJ6-QS8M_E_003256_003294_A_0005_0007,data/FineGym_data/videos/val/82/E3AHJ6-QS8M_E_003256_003294_A_0005_0007.mp4,82,16,100,16,82,True,True,0.3090830445289612,0.005857169977389276,0.002076067863526987,0.7248293090378866,52,4,16,16,False,
finegym,val,E3AHJ6-QS8M_E_000880_000920_A_0019_0021,data/FineGym_data/videos/val/82/E3AHJ6-QS8M_E_000880_000920_A_0019_0021.mp4,82,16,100,16,76,False,True,0.7628857493400574,0.005173713085241616,0.002076067863526987,0.7183478249935433,48,3,16,16,False,
finegym,val,aN9hSsP6xTg_E_000178_000216_A_0032_0034,data/FineGym_data/videos/val/82/aN9hSsP6xTg_E_000178_000216_A_0032_0034.mp4,82,16,100,16,76,False,True,0.8694347143173218,0.005914245964959264,0.002076067863526987,0.7126308700535446,53,4,16,16,False,
finegym,val,aEZbP-Yephw_E_002029_002064_A_0005_0007,data/FineGym_data/videos/val/82/aEZbP-Yephw_E_002029_002064_A_0005_0007.mp4,82,16,100,16,76,False,True,0.6159816384315491,0.006605476955883205,0.002076067863526987,0.7061865560244769,50,4,16,16,False,
finegym,val,aN3PC4tJokk_E_000460_000493_A_0006_0008,data/FineGym_data/videos/val/82/aN3PC4tJokk_E_000460_000493_A_0006_0008.mp4,82,16,100,16,76,False,True,0.8029017448425293,0.005040974006988108,0.002076067863526987,0.6988934149267152,63,4,16,16,False,
finegym,val,E3AHJ6-QS8M_E_003830_003864_A_0025_0027,data/FineGym_data/videos/val/82/E3AHJ6-QS8M_E_003830_003864_A_0025_0027.mp4,82,16,100,16,82,True,True,0.4003336429595947,0.005468668066896498,0.002076067863526987,0.6932891319738701,52,4,16,16,False,
finegym,val,aEZbP-Yephw_E_002178_002219_A_0005_0007,data/FineGym_data/videos/val/82/aEZbP-Yephw_E_002178_002219_A_0005_0007.mp4,82,16,100,16,76,False,True,0.5648580193519592,0.005105223972350359,0.002076067863526987,0.6873578829690814,47,3,16,16,False,
finegym,val,aEZbP-Yephw_E_002029_002064_A_0026_0028,data/FineGym_data/videos/val/83/aEZbP-Yephw_E_002029_002064_A_0026_0028.mp4,83,16,100,16,79,False,True,0.13778303563594818,0.0077654899796471,0.002076067863526987,0.681670632911846,46,3,16,16,False,
finegym,val,aN3PC4tJokk_E_000859_000897_A_0019_0021,data/FineGym_data/videos/val/83/aN3PC4tJokk_E_000859_000897_A_0019_0021.mp4,83,16,100,16,76,False,True,0.4298889935016632,0.006763193989172578,0.002076067863526987,0.6727630249224603,61,4,16,16,False,
finegym,val,0LtLS9wROrk_E_005369_005394_A_0003_0005,data/FineGym_data/videos/val/83/0LtLS9wROrk_E_005369_005394_A_0003_0005.mp4,83,16,100,16,76,False,False,0.6252519488334656,0.005481151980347931,0.002076067863526987,0.664838055963628,64,4,16,16,False,
finegym,val,cSh74jSRht8_E_001089_001124_A_0017_0018,data/FineGym_data/videos/val/83/cSh74jSRht8_E_001089_001124_A_0017_0018.mp4,83,16,100,16,76,False,True,0.862684428691864,0.005359192029573023,0.002076067863526987,0.6582118689548224,46,3,16,16,False,
finegym,val,BLzs5opw8uM_E_003391_003423_A_0002_0004,data/FineGym_data/videos/val/83/BLzs5opw8uM_E_003391_003423_A_0002_0004.mp4,83,16,100,16,76,False,False,0.7099816203117371,0.00902247498743236,0.002076067863526987,0.6518667220370844,46,3,16,16,False,
finegym,val,aEZbP-Yephw_E_000786_000822_A_0020_0022,data/FineGym_data/videos/val/83/aEZbP-Yephw_E_000786_000822_A_0020_0022.mp4,83,16,100,16,82,False,True,0.4161249101161957,0.006844606949016452,0.002076067863526987,0.641963561065495,53,4,16,16,False,
finegym,val,AZ4wWG6Rcak_E_004423_004476_A_0027_0028,data/FineGym_data/videos/val/83/AZ4wWG6Rcak_E_004423_004476_A_0027_0028.mp4,83,16,100,16,76,False,True,0.39027273654937744,0.005575328948907554,0.002076067863526987,0.6340472269803286,40,3,16,16,False,
finegym,val,A0xAXXysHUo_E_002184_002237_A_0011_0013,data/FineGym_data/videos/val/83/A0xAXXysHUo_E_002184_002237_A_0011_0013.mp4,83,16,100,16,76,False,True,0.8888777494430542,0.005559389013797045,0.002076067863526987,0.6275049090618268,50,4,16,16,False,
finegym,val,cSh74jSRht8_E_001232_001274_A_0017_0019,data/FineGym_data/videos/val/83/cSh74jSRht8_E_001232_001274_A_0017_0019.mp4,83,16,100,16,76,False,True,0.7225146293640137,0.0059322010492905974,0.002076067863526987,0.6210018750280142,56,4,16,16,False,
finegym,val,AZ4wWG6Rcak_E_005995_006025_A_0010_0011,data/FineGym_data/videos/val/83/AZ4wWG6Rcak_E_005995_006025_A_0010_0011.mp4,83,16,100,16,76,False,False,0.5454117059707642,0.004405036917887628,0.002076067863526987,0.6140934579307213,35,3,16,16,False,
finegym,val,C5Yfd1IWjmM_E_003005_003043_A_0013_0014,data/FineGym_data/videos/val/83/C5Yfd1IWjmM_E_003005_003043_A_0013_0014.mp4,83,16,100,16,76,False,True,0.3375402092933655,0.0062516710022464395,0.002076067863526987,0.6087648429675028,44,3,16,16,False,
finegym,val,aN3PC4tJokk_E_000460_000493_A_0021_0023,data/FineGym_data/videos/val/83/aN3PC4tJokk_E_000460_000493_A_0021_0023.mp4,83,16,100,16,76,False,True,0.9109321236610413,0.007466076058335602,0.002076067863526987,0.6017271330347285,54,4,16,16,False,
finegym,val,aN9hSsP6xTg_E_002376_002416_A_0013_0015,data/FineGym_data/videos/val/83/aN9hSsP6xTg_E_002376_002416_A_0013_0015.mp4,83,16,100,16,76,False,False,0.6790545582771301,0.011846247012726963,0.002076067863526987,0.5924549381015822,57,4,16,16,False,
finegym,val,AZ4wWG6Rcak_E_005995_006025_A_0003_0004,data/FineGym_data/videos/val/83/AZ4wWG6Rcak_E_005995_006025_A_0003_0004.mp4,83,16,100,16,76,False,True,0.8166455030441284,0.006426410982385278,0.002076067863526987,0.5791251300834119,34,3,16,16,False,
finegym,val,BLzs5opw8uM_E_003391_003423_A_0009_0010,data/FineGym_data/videos/val/83/BLzs5opw8uM_E_003391_003423_A_0009_0010.mp4,83,16,100,16,76,False,False,0.7319879531860352,0.007494430057704449,0.002076067863526987,0.5719780139625072,43,3,16,16,False,
finegym,val,A0xAXXysHUo_E_000406_000449_A_0010_0012,data/FineGym_data/videos/val/84/A0xAXXysHUo_E_000406_000449_A_0010_0012.mp4,84,16,100,16,76,False,True,0.3146500885486603,0.00850427895784378,0.002076067863526987,0.5631584809161723,71,5,16,16,False,
finegym,val,e3EsDlpNo0c_E_004138_004169_A_0003_0005,data/FineGym_data/videos/val/84/e3EsDlpNo0c_E_004138_004169_A_0003_0005.mp4,84,16,100,16,76,False,False,0.8015783429145813,0.006200655945576727,0.002076067863526987,0.5539060849696398,70,5,16,16,False,
finegym,val,cWztehyIFkg_E_004517_004557_A_0003_0005,data/FineGym_data/videos/val/84/cWztehyIFkg_E_004517_004557_A_0003_0005.mp4,84,16,100,16,76,False,False,0.3219659924507141,0.006573747959919274,0.0021935161154639595,0.9525426860200241,61,4,16,16,False,
finegym,val,A0xAXXysHUo_E_000600_000641_A_0023_0026,data/FineGym_data/videos/val/84/A0xAXXysHUo_E_000600_000641_A_0023_0026.mp4,84,16,100,16,81,False,True,0.30896589159965515,0.006063487031497061,0.0021935161154639595,0.9429927889723331,86,6,16,16,False,
finegym,val,E3AHJ6-QS8M_E_002444_002486_A_0024_0027,data/FineGym_data/videos/val/84/E3AHJ6-QS8M_E_002444_002486_A_0024_0027.mp4,84,16,100,16,82,False,False,0.6465458869934082,0.005669155973009765,0.0021935161154639595,0.9364656889811158,64,4,16,16,False,
finegym,val,DTedv-hhHU4_E_003057_003091_A_0003_0005,data/FineGym_data/videos/val/84/DTedv-hhHU4_E_003057_003091_A_0003_0005.mp4,84,16,100,16,76,False,False,0.41421636939048767,0.005488816066645086,0.0021935161154639595,0.9303505240241066,79,5,16,16,False,
finegym,val,aEZbP-Yephw_E_002380_002413_A_0018_0021,data/FineGym_data/videos/val/84/aEZbP-Yephw_E_002380_002413_A_0018_0021.mp4,84,16,100,16,82,False,False,0.4177788496017456,0.005824227933771908,0.0021935161154639595,0.9244311180664226,64,4,16,16,False,
finegym,val,CUuRl0Bwbbc_E_000640_000678_A_0018_0021,data/FineGym_data/videos/val/84/CUuRl0Bwbbc_E_000640_000678_A_0018_0021.mp4,84,16,100,16,74,False,True,0.5563114881515503,0.006040603970177472,0.0021935161154639595,0.9180861910572276,86,6,16,16,False,
finegym,val,e3EsDlpNo0c_E_006249_006285_A_0012_0015,data/FineGym_data/videos/val/84/e3EsDlpNo0c_E_006249_006285_A_0012_0015.mp4,84,16,100,16,76,False,False,0.29737529158592224,0.005107819917611778,0.0021935161154639595,0.911616047960706,84,6,16,16,False,
finegym,val,cWztehyIFkg_E_004746_004783_A_0031_0033,data/FineGym_data/videos/val/84/cWztehyIFkg_E_004746_004783_A_0031_0033.mp4,84,16,100,16,79,False,False,0.21700096130371094,0.0048650429816916585,0.0021935161154639595,0.9060953429434448,66,5,16,16,False,
finegym,val,aN3PC4tJokk_E_001213_001258_A_0008_0011,data/FineGym_data/videos/val/84/aN3PC4tJokk_E_001213_001258_A_0008_0011.mp4,84,16,100,16,76,False,False,0.9157153367996216,0.0048063930589705706,0.0021935161154639595,0.900820498005487,75,5,16,16,False,
finegym,val,BLzs5opw8uM_E_000368_000412_A_0009_0012,data/FineGym_data/videos/val/84/BLzs5opw8uM_E_000368_000412_A_0009_0012.mp4,84,16,100,16,76,False,False,0.6482443809509277,0.005574647919274867,0.0021935161154639595,0.8955587389646098,79,5,16,16,False,
finegym,val,E3AHJ6-QS8M_E_003256_003294_A_0016_0019,data/FineGym_data/videos/val/84/E3AHJ6-QS8M_E_003256_003294_A_0016_0019.mp4,84,16,100,16,76,False,False,0.5643132925033569,0.005459981970489025,0.0021935161154639595,0.889072677004151,59,4,16,16,False,
finegym,val,eH-ZgOT8ASM_E_002913_002950_A_0005_0007,data/FineGym_data/videos/val/84/eH-ZgOT8ASM_E_002913_002950_A_0005_0007.mp4,84,16,100,16,76,False,False,0.8255884051322937,0.005052585038356483,0.0021935161154639595,0.8831738999579102,57,4,16,16,False,
finegym,val,DG7upbhB1bI_E_003569_003600_A_0003_0005,data/FineGym_data/videos/val/84/DG7upbhB1bI_E_003569_003600_A_0003_0005.mp4,84,16,100,16,88,False,False,0.2446293979883194,0.005234718089923263,0.0021935161154639595,0.877709548920393,72,5,16,16,False,
finegym,val,aEZbP-Yephw_E_002570_002605_A_0015_0017,data/FineGym_data/videos/val/84/aEZbP-Yephw_E_002570_002605_A_0015_0017.mp4,84,16,100,16,82,False,False,0.3519939184188843,0.005405089003033936,0.0021935161154639595,0.8720400029560551,51,4,16,16,False,
finegym,val,E3AHJ6-QS8M_E_002152_002186_A_0012_0014,data/FineGym_data/videos/val/84/E3AHJ6-QS8M_E_002152_002186_A_0012_0014.mp4,84,16,100,16,79,False,False,0.7411500215530396,0.0055043360916897655,0.0021935161154639595,0.8662180189276114,49,4,16,16,False,
finegym,val,aEZbP-Yephw_E_001836_001877_A_0023_0026,data/FineGym_data/videos/val/84/aEZbP-Yephw_E_001836_001877_A_0023_0026.mp4,84,16,100,16,82,False,False,0.930285632610321,0.005488706985488534,0.0021935161154639595,0.8602420970564708,58,4,16,16,False,
finegym,val,aN9hSsP6xTg_E_000684_000719_A_0003_0005,data/FineGym_data/videos/val/84/aN9hSsP6xTg_E_000684_000719_A_0003_0005.mp4,84,16,100,16,76,False,False,0.963967502117157,0.0056685550371184945,0.0021935161154639595,0.8542907299706712,62,4,16,16,False,
finegym,val,e3EsDlpNo0c_E_007702_007737_A_0005_0007,data/FineGym_data/videos/val/84/e3EsDlpNo0c_E_007702_007737_A_0005_0007.mp4,84,16,100,16,81,False,False,0.15909376740455627,0.0053978749783709645,0.0021935161154639595,0.8481938500190154,69,5,16,16,False,
finegym,val,aN9hSsP6xTg_E_000684_000719_A_0019_0021,data/FineGym_data/videos/val/85/aN9hSsP6xTg_E_000684_000719_A_0019_0021.mp4,85,16,100,16,76,False,False,0.9849055409431458,0.004937820020131767,0.0021935161154639595,0.8423497749026865,51,4,16,16,False,
finegym,val,E3AHJ6-QS8M_E_002444_002486_A_0016_0019,data/FineGym_data/videos/val/85/E3AHJ6-QS8M_E_002444_002486_A_0016_0019.mp4,85,16,100,16,82,False,False,0.8311030268669128,0.005988015094771981,0.0021935161154639595,0.8369989390484989,63,4,16,16,False,
finegym,val,A0xAXXysHUo_E_000406_000449_A_0018_0020,data/FineGym_data/videos/val/85/A0xAXXysHUo_E_000406_000449_A_0018_0020.mp4,85,16,100,16,76,False,False,0.958199143409729,0.005158395040780306,0.0021935161154639595,0.8304945318959653,61,4,16,16,False,
finegym,val,E3AHJ6-QS8M_E_002152_002186_A_0003_0005,data/FineGym_data/videos/val/85/E3AHJ6-QS8M_E_002152_002186_A_0003_0005.mp4,85,16,100,16,82,False,False,0.2870695888996124,0.006017611012794077,0.0021935161154639595,0.8249083521077409,54,4,16,16,False,
finegym,val,cWztehyIFkg_E_004746_004783_A_0019_0021,data/FineGym_data/videos/val/85/cWztehyIFkg_E_004746_004783_A_0019_0021.mp4,85,16,100,16,76,False,False,0.4105948209762573,0.007036247989162803,0.0021935161154639595,0.8184456740273163,63,4,16,16,False,
finegym,val,aEZbP-Yephw_E_001836_001877_A_0016_0018,data/FineGym_data/videos/val/85/aEZbP-Yephw_E_001836_001877_A_0016_0018.mp4,85,16,100,16,82,False,True,0.9301969408988953,0.005515065044164658,0.0021935161154639595,0.8106097020208836,57,4,16,16,False,
finegym,val,A0xAXXysHUo_E_000600_000641_A_0015_0018,data/FineGym_data/videos/val/85/A0xAXXysHUo_E_000600_000641_A_0015_0018.mp4,85,16,100,16,76,False,False,0.5494840145111084,0.005507821915671229,0.0021935161154639595,0.8042911040829495,74,5,16,16,False,
finegym,val,aEZbP-Yephw_E_002380_002413_A_0010_0013,data/FineGym_data/videos/val/85/aEZbP-Yephw_E_002380_002413_A_0010_0013.mp4,85,16,100,16,76,False,False,0.32441437244415283,0.006542769027873874,0.0021935161154639595,0.7982453498989344,69,5,16,16,False,
finegym,val,DG7upbhB1bI_E_003410_003447_A_0009_0012,data/FineGym_data/videos/val/85/DG7upbhB1bI_E_003410_003447_A_0009_0012.mp4,85,16,100,16,79,False,False,0.5842904448509216,0.006613933015614748,0.0021935161154639595,0.7908520209603012,68,5,16,16,False,
finegym,val,A0xAXXysHUo_E_001292_001332_A_0015_0017,data/FineGym_data/videos/val/85/A0xAXXysHUo_E_001292_001332_A_0015_0017.mp4,85,16,100,16,76,False,False,0.8587656021118164,0.005415568011812866,0.0021935161154639595,0.7832839520415291,66,5,16,16,False,
finegym,val,EKb2MMJSoeI_E_000592_000629_A_0009_0012,data/FineGym_data/videos/val/85/EKb2MMJSoeI_E_000592_000629_A_0009_0012.mp4,85,16,100,16,82,False,False,0.48958784341812134,0.0054416770581156015,0.0021935161154639595,0.7769908730406314,79,5,16,16,False,
finegym,val,e3EsDlpNo0c_E_006249_006285_A_0005_0007,data/FineGym_data/videos/val/85/e3EsDlpNo0c_E_006249_006285_A_0005_0007.mp4,85,16,100,16,76,False,False,0.45305511355400085,0.004509374033659697,0.0021935161154639595,0.7707518859533593,61,4,16,16,False,
finegym,val,BLzs5opw8uM_E_000368_000412_A_0017_0019,data/FineGym_data/videos/val/85/BLzs5opw8uM_E_000368_000412_A_0017_0019.mp4,85,16,100,16,82,False,False,0.2823959290981293,0.005178952938877046,0.0021935161154639595,0.765414473018609,67,5,16,16,False,
finegym,val,CUuRl0Bwbbc_E_000640_000678_A_0010_0013,data/FineGym_data/videos/val/85/CUuRl0Bwbbc_E_000640_000678_A_0010_0013.mp4,85,16,100,16,76,False,False,0.9329558610916138,0.006266990909352899,0.0021935161154639595,0.7594785160617903,78,5,16,16,False,
finegym,val,dqUNtY2GwW4_E_005951_005985_A_0019_0020,data/FineGym_data/videos/val/85/dqUNtY2GwW4_E_005951_005985_A_0019_0020.mp4,85,16,100,16,79,False,False,0.8513211011886597,0.005886364029720426,0.0021935161154639595,0.7525765809696168,47,3,16,16,False,
finegym,val,cWztehyIFkg_E_004517_004557_A_0021_0024,data/FineGym_data/videos/val/85/cWztehyIFkg_E_004517_004557_A_0021_0024.mp4,85,16,100,16,79,False,False,0.1990634948015213,0.005605907062999904,0.0021935161154639595,0.7460695389891043,79,5,16,16,False,
finegym,val,e3EsDlpNo0c_E_007361_007390_A_0014_0016,data/FineGym_data/videos/val/85/e3EsDlpNo0c_E_007361_007390_A_0014_0016.mp4,85,16,100,16,76,False,False,0.8675588369369507,0.0045104449382051826,0.0021935161154639595,0.7396877729333937,58,4,16,16,False,
finegym,val,eH-ZgOT8ASM_E_003912_003946_A_0018_0020,data/FineGym_data/videos/val/85/eH-ZgOT8ASM_E_003912_003946_A_0018_0020.mp4,85,16,100,16,76,False,False,0.9542994499206543,0.005632165935821831,0.0021935161154639595,0.7344225369160995,62,4,16,16,False,
finegym,val,DTedv-hhHU4_E_003265_003304_A_0004_0006,data/FineGym_data/videos/val/85/DTedv-hhHU4_E_003265_003304_A_0004_0006.mp4,85,16,100,16,76,False,False,0.675391674041748,0.0037259699311107397,0.0021935161154639595,0.7280204929411411,57,4,16,16,False,
finegym,val,EFvDqOF1sCk_E_001296_001324_A_0014_0016,data/FineGym_data/videos/val/85/EFvDqOF1sCk_E_001296_001324_A_0014_0016.mp4,85,16,100,16,82,False,True,0.7630161046981812,0.0051271149422973394,0.0021935161154639595,0.7235397030599415,41,3,16,16,False,
finegym,val,aEZbP-Yephw_E_001836_001877_A_0003_0004,data/FineGym_data/videos/val/86/aEZbP-Yephw_E_001836_001877_A_0003_0004.mp4,86,16,100,16,76,False,True,0.7050084471702576,0.00486113503575325,0.0021935161154639595,0.7176509749842808,46,3,16,16,False,
finegym,val,e3EsDlpNo0c_E_007361_007390_A_0003_0004,data/FineGym_data/videos/val/86/e3EsDlpNo0c_E_007361_007390_A_0003_0004.mp4,86,16,100,16,76,False,True,0.7410690188407898,0.004723667050711811,0.0021935161154639595,0.7119377759518102,53,4,16,16,False,
finegym,val,E3AHJ6-QS8M_E_003256_003294_A_0030_0032,data/FineGym_data/videos/val/86/E3AHJ6-QS8M_E_003256_003294_A_0030_0032.mp4,86,16,100,16,79,False,True,0.3020448684692383,0.005513573065400124,0.0021935161154639595,0.7064829240553081,64,4,16,16,False,
finegym,val,e3EsDlpNo0c_E_004138_004169_A_0012_0014,data/FineGym_data/videos/val/86/e3EsDlpNo0c_E_004138_004169_A_0012_0014.mp4,86,16,100,16,76,False,True,0.8894299864768982,0.004906860995106399,0.0021935161154639595,0.7001839029835537,61,4,16,16,False,
finegym,val,A0xAXXysHUo_E_001292_001332_A_0032_0034,data/FineGym_data/videos/val/86/A0xAXXysHUo_E_001292_001332_A_0032_0034.mp4,86,16,100,16,76,False,True,0.9721142053604126,0.004280001972801983,0.0021935161154639595,0.6944554760120809,50,4,16,16,False,
finegym,val,aN9hSsP6xTg_E_000684_000719_A_0005_0007,data/FineGym_data/videos/val/86/aN9hSsP6xTg_E_000684_000719_A_0005_0007.mp4,86,16,100,16,76,False,True,0.25609326362609863,0.004752931999973953,0.0021935161154639595,0.6894230779726058,36,3,16,16,False,
finegym,val,cWztehyIFkg_E_004746_004783_A_0003_0004,data/FineGym_data/videos/val/86/cWztehyIFkg_E_004746_004783_A_0003_0004.mp4,86,16,100,16,76,False,True,0.4001066982746124,0.0038776950677856803,0.0021935161154639595,0.6839365370105952,43,3,16,16,False,
finegym,val,e3EsDlpNo0c_E_005512_005550_A_0003_0005,data/FineGym_data/videos/val/86/e3EsDlpNo0c_E_005512_005550_A_0003_0005.mp4,86,16,100,16,76,False,False,0.1897697001695633,0.004968858091160655,0.0021935161154639595,0.6792083419859409,75,5,16,16,False,
finegym,val,aEZbP-Yephw_E_002570_002605_A_0028_0030,data/FineGym_data/videos/val/86/aEZbP-Yephw_E_002570_002605_A_0028_0030.mp4,86,16,100,16,76,False,True,0.4766358435153961,0.00597310799639672,0.0021935161154639595,0.6734734720084816,54,4,16,16,False,
finegym,val,aN9hSsP6xTg_E_000684_000719_A_0017_0019,data/FineGym_data/videos/val/86/aN9hSsP6xTg_E_000684_000719_A_0017_0019.mp4,86,16,100,16,76,False,False,0.6365697383880615,0.005565119907259941,0.0021935161154639595,0.6667504630750045,58,4,16,16,False,
finegym,val,aN9hSsP6xTg_E_001266_001302_A_0005_0006,data/FineGym_data/videos/val/86/aN9hSsP6xTg_E_001266_001302_A_0005_0006.mp4,86,16,100,16,76,False,True,0.7668034434318542,0.005026496946811676,0.0021935161154639595,0.6603956279577687,38,3,16,16,False,
finegym,val,DG7upbhB1bI_E_003410_003447_A_0003_0005,data/FineGym_data/videos/val/86/DG7upbhB1bI_E_003410_003447_A_0003_0005.mp4,86,16,100,16,76,False,True,0.33037060499191284,0.004562032059766352,0.0021935161154639595,0.6548318510176614,61,4,16,16,False,
finegym,val,DTedv-hhHU4_E_003265_003304_A_0002_0004,data/FineGym_data/videos/val/86/DTedv-hhHU4_E_003265_003304_A_0002_0004.mp4,86,16,100,16,86,True,True,0.6610041260719299,0.0037504960782825947,0.0021935161154639595,0.6498426040634513,58,4,16,16,False,
finegym,val,E3AHJ6-QS8M_E_002152_002186_A_0010_0012,data/FineGym_data/videos/val/86/E3AHJ6-QS8M_E_002152_002186_A_0010_0012.mp4,86,16,100,16,79,False,True,0.45127061009407043,0.006280847010202706,0.0021935161154639595,0.6456021560588852,50,4,16,16,False,
finegym,val,DG7upbhB1bI_E_003569_003600_A_0005_0006,data/FineGym_data/videos/val/86/DG7upbhB1bI_E_003569_003600_A_0005_0006.mp4,86,16,100,16,76,False,True,0.7464761734008789,0.005142093985341489,0.0021935161154639595,0.6387561371084303,36,3,16,16,False,
finegym,val,cWztehyIFkg_E_004517_004557_A_0008_0010,data/FineGym_data/videos/val/86/cWztehyIFkg_E_004517_004557_A_0008_0010.mp4,86,16,100,16,76,False,False,0.34241482615470886,0.006815261906012893,0.0021935161154639595,0.6329020529519767,56,4,16,16,False,
finegym,val,e3EsDlpNo0c_E_006249_006285_A_0003_0005,data/FineGym_data/videos/val/86/e3EsDlpNo0c_E_006249_006285_A_0003_0005.mp4,86,16,100,16,76,False,False,0.592114269733429,0.005008973996154964,0.0021935161154639595,0.6253621879732236,60,4,16,16,False,
finegym,val,DTedv-hhHU4_E_003057_003091_A_0005_0007,data/FineGym_data/videos/val/86/DTedv-hhHU4_E_003057_003091_A_0005_0007.mp4,86,16,100,16,76,False,True,0.9058895707130432,0.00440021906979382,0.0021935161154639595,0.6194477810058743,43,3,16,16,False,
finegym,val,e3EsDlpNo0c_E_007361_007390_A_0012_0014,data/FineGym_data/videos/val/86/e3EsDlpNo0c_E_007361_007390_A_0012_0014.mp4,86,16,100,16,76,False,True,0.6874307990074158,0.004569506971165538,0.0021935161154639595,0.6145665169460699,62,4,16,16,False,
finegym,val,e3EsDlpNo0c_E_006249_006285_A_0019_0021,data/FineGym_data/videos/val/86/e3EsDlpNo0c_E_006249_006285_A_0019_0021.mp4,86,16,100,16,79,False,False,0.2855108380317688,0.004868158022873104,0.0021935161154639595,0.6095611909404397,47,3,16,16,False,
finegym,val,CUuRl0Bwbbc_E_000640_000678_A_0003_0005,data/FineGym_data/videos/val/87/CUuRl0Bwbbc_E_000640_000678_A_0003_0005.mp4,87,16,100,16,76,False,False,0.7628195285797119,0.007348854909650981,0.0021935161154639595,0.6041986219352111,81,6,16,16,False,
finegym,val,A0xAXXysHUo_E_000406_000449_A_0024_0027,data/FineGym_data/videos/val/87/A0xAXXysHUo_E_000406_000449_A_0024_0027.mp4,87,16,100,16,76,False,False,0.8092278242111206,0.005973948980681598,0.0021935161154639595,0.5960956380004063,75,5,16,16,False,
finegym,val,cWztehyIFkg_E_004084_004142_A_0003_0006,data/FineGym_data/videos/val/87/cWztehyIFkg_E_004084_004142_A_0003_0006.mp4,87,16,100,16,76,False,False,0.3835413157939911,0.005250376998446882,0.0021935161154639595,0.5893111639888957,72,5,16,16,False,
finegym,val,cWztehyIFkg_E_005165_005196_A_0003_0005,data/FineGym_data/videos/val/87/cWztehyIFkg_E_005165_005196_A_0003_0005.mp4,87,16,100,16,76,False,False,0.41146227717399597,0.005743685993365943,0.0021935161154639595,0.583601000951603,62,4,16,16,False,
finegym,val,BLzs5opw8uM_E_000368_000412_A_0024_0027,data/FineGym_data/videos/val/87/BLzs5opw8uM_E_000368_000412_A_0024_0027.mp4,87,16,100,16,76,False,False,0.7876845598220825,0.007922956021502614,0.0021935161154639595,0.5770478129852563,83,6,16,16,False,
finegym,val,A0xAXXysHUo_E_001463_001500_A_0025_0028,data/FineGym_data/videos/val/87/A0xAXXysHUo_E_001463_001500_A_0025_0028.mp4,87,16,100,16,82,False,False,0.604922354221344,0.006995931966230273,0.0021935161154639595,0.5683477750280872,73,5,16,16,False,
finegym,val,aEZbP-Yephw_E_002380_002413_A_0003_0005,data/FineGym_data/videos/val/87/aEZbP-Yephw_E_002380_002413_A_0003_0005.mp4,87,16,100,16,76,False,False,0.49550721049308777,0.006906362948939204,0.0021935161154639595,0.5605849700514227,61,4,16,16,False,
finegym,val,C5Yfd1IWjmM_E_003703_003739_A_0003_0005,data/FineGym_data/videos/val/87/C5Yfd1IWjmM_E_003703_003739_A_0003_0005.mp4,87,16,100,16,76,False,False,0.4860139787197113,0.005733476020395756,0.0021935161154639595,0.5526616029674187,73,5,16,16,False,
finegym,val,aEZbP-Yephw_E_001713_001750_A_0024_0027,data/FineGym_data/videos/val/87/aEZbP-Yephw_E_001713_001750_A_0024_0027.mp4,87,16,100,16,82,False,False,0.5073673725128174,0.006360996980220079,0.0021935161154639595,0.546412447001785,69,5,16,16,False,
finegym,val,BLzs5opw8uM_E_004523_004561_A_0022_0025,data/FineGym_data/videos/val/87/BLzs5opw8uM_E_004523_004561_A_0022_0025.mp4,87,16,100,16,88,False,False,0.22274141013622284,0.006790374987758696,0.0021935161154639595,0.5391505049774423,85,6,16,16,False,
finegym,val,aEZbP-Yephw_E_001318_001359_A_0019_0022,data/FineGym_data/videos/val/87/aEZbP-Yephw_E_001318_001359_A_0019_0022.mp4,87,16,100,16,76,False,False,0.6008664965629578,0.0061592679703608155,0.0021935161154639595,0.5315329229924828,52,4,16,16,False,
finegym,val,aN9hSsP6xTg_E_001266_001302_A_0014_0015,data/FineGym_data/videos/val/88/aN9hSsP6xTg_E_001266_001302_A_0014_0015.mp4,88,16,100,16,76,False,True,0.8107113838195801,0.005037968046963215,0.0021935161154639595,0.5247974019730464,36,3,16,16,False,
finegym,val,aN9hSsP6xTg_E_000731_000766_A_0016_0017,data/FineGym_data/videos/val/88/aN9hSsP6xTg_E_000731_000766_A_0016_0017.mp4,88,16,100,16,76,False,True,0.8024996519088745,0.004914215067401528,0.0021935161154639595,0.5192455670330673,38,3,16,16,False,
finegym,val,A0xAXXysHUo_E_001292_001332_A_0013_0015,data/FineGym_data/videos/val/88/A0xAXXysHUo_E_001292_001332_A_0013_0015.mp4,88,16,100,16,76,False,True,0.9564725756645203,0.004654727992601693,0.0021935161154639595,0.5139184748986736,54,4,16,16,False,
finegym,val,aN9hSsP6xTg_E_000178_000216_A_0011_0013,data/FineGym_data/videos/val/88/aN9hSsP6xTg_E_000178_000216_A_0011_0013.mp4,88,16,100,16,76,False,True,0.90105801820755,0.005515767028555274,0.0021935161154639595,0.508800595998764,49,4,16,16,False,
finegym,val,BLzs5opw8uM_E_000621_000654_A_0015_0017,data/FineGym_data/videos/val/88/BLzs5opw8uM_E_000621_000654_A_0015_0017.mp4,88,16,100,16,76,False,True,0.7994502782821655,0.0059599330415949225,0.0021935161154639595,0.5028208859730512,60,4,16,16,False,
finegym,val,AZ4wWG6Rcak_E_003643_003675_A_0014_0016,data/FineGym_data/videos/val/88/AZ4wWG6Rcak_E_003643_003675_A_0014_0016.mp4,88,16,100,16,94,False,False,0.35417112708091736,0.004713227041065693,0.0021935161154639595,0.49635069305077195,43,3,16,16,False,
finegym,val,AZ4wWG6Rcak_E_003643_003675_A_0003_0005,data/FineGym_data/videos/val/88/AZ4wWG6Rcak_E_003643_003675_A_0003_0005.mp4,88,16,100,16,94,False,False,0.1317155957221985,0.004940143902786076,0.0021935161154639595,0.49080394802149385,42,3,16,16,False,
finegym,val,aN9hSsP6xTg_E_001313_001352_A_0006_0007,data/FineGym_data/videos/val/88/aN9hSsP6xTg_E_001313_001352_A_0006_0007.mp4,88,16,100,16,76,False,True,0.521630048751831,0.005514914984814823,0.0021935161154639595,0.48505953105632216,33,3,16,16,False,
finegym,val,AZ4wWG6Rcak_E_008901_008976_A_0016_0017,data/FineGym_data/videos/val/88/AZ4wWG6Rcak_E_008901_008976_A_0016_0017.mp4,88,16,100,16,79,False,False,0.16929499804973602,0.00518559489864856,0.0021935161154639595,0.47873805894050747,44,3,16,16,False,
finegym,val,aN3PC4tJokk_E_000700_000733_A_0008_0010,data/FineGym_data/videos/val/88/aN3PC4tJokk_E_000700_000733_A_0008_0010.mp4,88,16,100,16,76,False,True,0.4566272497177124,0.006078856065869331,0.0021935161154639595,0.4727930739754811,59,4,16,16,False,
finegym,val,aN9hSsP6xTg_E_001266_001302_A_0012_0014,data/FineGym_data/videos/val/88/aN9hSsP6xTg_E_001266_001302_A_0012_0014.mp4,88,16,100,16,76,False,True,0.9811210036277771,0.006218128954060376,0.0021935161154639595,0.4659769299905747,48,3,16,16,False,
finegym,val,AZ4wWG6Rcak_E_008901_008976_A_0006_0007,data/FineGym_data/videos/val/88/AZ4wWG6Rcak_E_008901_008976_A_0006_0007.mp4,88,16,100,16,95,False,True,0.6920108795166016,0.0047855229349806905,0.0021935161154639595,0.45921108208131045,39,3,16,16,False,
finegym,val,aEZbP-Yephw_E_002570_002605_A_0013_0015,data/FineGym_data/videos/val/88/aEZbP-Yephw_E_002570_002605_A_0013_0015.mp4,88,16,100,16,82,False,True,0.4294002056121826,0.006184885045513511,0.0021935161154639595,0.4536474240012467,43,3,16,16,False,
finegym,val,CUuRl0Bwbbc_E_000640_000678_A_0022_0023,data/FineGym_data/videos/val/89/CUuRl0Bwbbc_E_000640_000678_A_0022_0023.mp4,89,16,100,16,76,False,False,0.3797897696495056,0.005698160035535693,0.0021935161154639595,0.4465116000501439,45,3,16,16,False,
finegym,val,AZ4wWG6Rcak_E_005995_006025_A_0018_0019,data/FineGym_data/videos/val/89/AZ4wWG6Rcak_E_005995_006025_A_0018_0019.mp4,89,16,100,16,79,False,False,0.2198180854320526,0.00589017104357481,0.0021935161154639595,0.44018122006673366,40,3,16,16,False,
finegym,val,A0xAXXysHUo_E_001463_001500_A_0028_0030,data/FineGym_data/videos/val/89/A0xAXXysHUo_E_001463_001500_A_0028_0030.mp4,89,16,100,16,79,False,True,0.21869255602359772,0.005845047067850828,0.0021935161154639595,0.4335537620354444,49,4,16,16,False,
finegym,val,DG7upbhB1bI_E_000790_000825_A_0013_0014,data/FineGym_data/videos/val/89/DG7upbhB1bI_E_000790_000825_A_0013_0014.mp4,89,16,100,16,79,False,True,0.4942275285720825,0.005174175021238625,0.0021935161154639595,0.427119355998002,44,3,16,16,False,
finegym,val,0LtLS9wROrk_E_007196_007226_A_0006_0007,data/FineGym_data/videos/val/89/0LtLS9wROrk_E_007196_007226_A_0006_0007.mp4,89,16,100,16,76,False,False,0.4692590534687042,0.0045886930311098695,0.0021935161154639595,0.4213879939634353,45,3,16,16,False,
finegym,val,cWztehyIFkg_E_004940_004981_A_0019_0021,data/FineGym_data/videos/val/89/cWztehyIFkg_E_004940_004981_A_0019_0021.mp4,89,16,100,16,79,False,False,0.38564184308052063,0.005281516001559794,0.0021935161154639595,0.4158291560597718,40,3,16,16,False,
finegym,val,BLzs5opw8uM_E_004523_004561_A_0026_0027,data/FineGym_data/videos/val/89/BLzs5opw8uM_E_004523_004561_A_0026_0027.mp4,89,16,100,16,79,False,True,0.09472229331731796,0.005613430985249579,0.0021935161154639595,0.4095323489746079,46,3,16,16,False,
finegym,val,cWztehyIFkg_E_004746_004783_A_0008_0010,data/FineGym_data/videos/val/89/cWztehyIFkg_E_004746_004783_A_0008_0010.mp4,89,16,100,16,79,False,False,0.3107426166534424,0.004758912953548133,0.0021935161154639595,0.4031939839478582,37,3,16,16,False,
finegym,val,aEZbP-Yephw_E_001713_001750_A_0029_0030,data/FineGym_data/videos/val/89/aEZbP-Yephw_E_001713_001750_A_0029_0030.mp4,89,16,100,16,95,False,True,0.4544389247894287,0.004701855941675603,0.0021935161154639595,0.39752649201545864,21,2,16,16,False,
finegym,val,A0xAXXysHUo_E_000945_000992_A_0020_0022,data/FineGym_data/videos/val/89/A0xAXXysHUo_E_000945_000992_A_0020_0022.mp4,89,16,100,16,79,False,True,0.5370201468467712,0.005554570001550019,0.0021935161154639595,0.3923040369991213,47,3,16,16,False,
finegym,val,DG7upbhB1bI_E_001168_001204_A_0005_0007,data/FineGym_data/videos/val/89/DG7upbhB1bI_E_001168_001204_A_0005_0007.mp4,89,16,100,16,79,False,False,0.21582545340061188,0.0059953799936920404,0.0021935161154639595,0.38605317601468414,43,3,16,16,False,
finegym,val,AZ4wWG6Rcak_E_005197_005262_A_0009_0010,data/FineGym_data/videos/val/89/AZ4wWG6Rcak_E_005197_005262_A_0009_0010.mp4,89,16,100,16,95,False,False,0.27402549982070923,0.00448912603314966,0.0021935161154639595,0.3793544339714572,40,3,16,16,False,
finegym,val,BLzs5opw8uM_E_003391_003423_A_0010_0011,data/FineGym_data/videos/val/89/BLzs5opw8uM_E_003391_003423_A_0010_0011.mp4,89,16,100,16,79,False,False,0.5554190874099731,0.004592439974658191,0.0021935161154639595,0.3739212329965085,31,2,16,16,False,
finegym,val,A0xAXXysHUo_E_001875_001911_A_0024_0025,data/FineGym_data/videos/val/89/A0xAXXysHUo_E_001875_001911_A_0024_0025.mp4,89,16,100,16,79,False,False,0.27773287892341614,0.005295822978951037,0.0021935161154639595,0.3687500739470124,49,4,16,16,False,
finegym,val,BLzs5opw8uM_E_000368_000412_A_0013_0014,data/FineGym_data/videos/val/89/BLzs5opw8uM_E_000368_000412_A_0013_0014.mp4,89,16,100,16,79,False,True,0.2631971538066864,0.0073127379873767495,0.0017882273859868292,0.9495144879911095,51,4,16,16,False,
finegym,val,aN3PC4tJokk_E_000137_000175_A_0014_0015,data/FineGym_data/videos/val/89/aN3PC4tJokk_E_000137_000175_A_0014_0015.mp4,89,16,100,16,76,False,False,0.6659063100814819,0.0064520679879933596,0.0017882273859868292,0.9374065289739519,45,3,16,16,False,
finegym,val,BLzs5opw8uM_E_000621_000654_A_0011_0013,data/FineGym_data/videos/val/89/BLzs5opw8uM_E_000621_000654_A_0011_0013.mp4,89,16,100,16,76,False,True,0.39055511355400085,0.006651754025369883,0.0017882273859868292,0.9302598929498345,48,3,16,16,False,
finegym,val,aN9hSsP6xTg_E_001266_001302_A_0022_0023,data/FineGym_data/videos/val/89/aN9hSsP6xTg_E_001266_001302_A_0022_0023.mp4,89,16,100,16,79,False,True,0.31022223830223083,0.005700906040146947,0.0017882273859868292,0.9230046339798719,39,3,16,16,False,
finegym,val,aN9hSsP6xTg_E_000731_000766_A_0007_0008,data/FineGym_data/videos/val/89/aN9hSsP6xTg_E_000731_000766_A_0007_0008.mp4,89,16,100,16,89,True,True,0.16414648294448853,0.005818156059831381,0.0017882273859868292,0.9167236670618877,38,3,16,16,False,
finegym,val,0LtLS9wROrk_E_002710_002737_A_0007_0008,data/FineGym_data/videos/val/89/0LtLS9wROrk_E_002710_002737_A_0007_0008.mp4,89,16,100,16,76,False,True,0.41676291823387146,0.0048666560323908925,0.0017882273859868292,0.9103347380878404,46,3,16,16,False,
finegym,val,DG7upbhB1bI_E_005602_005643_A_0012_0013,data/FineGym_data/videos/val/90/DG7upbhB1bI_E_005602_005643_A_0012_0013.mp4,90,16,100,16,79,False,False,0.30103176832199097,0.0055015000980347395,0.0017882273859868292,0.9048632740741596,33,3,16,16,False,
finegym,val,aN9hSsP6xTg_E_000731_000766_A_0017_0019,data/FineGym_data/videos/val/90/aN9hSsP6xTg_E_000731_000766_A_0017_0019.mp4,90,16,100,16,76,False,True,0.30004894733428955,0.004816061002202332,0.0017882273859868292,0.8988197949947789,27,2,16,16,False,
finegym,val,0LtLS9wROrk_E_007492_007516_A_0009_0010,data/FineGym_data/videos/val/90/0LtLS9wROrk_E_007492_007516_A_0009_0010.mp4,90,16,100,16,76,False,True,0.7943853735923767,0.003991418983787298,0.0017882273859868292,0.8935130110476166,34,3,16,16,False,
finegym,val,esQQbBhuXbM_E_001476_001512_A_0005_0006,data/FineGym_data/videos/val/90/esQQbBhuXbM_E_001476_001512_A_0005_0006.mp4,90,16,100,16,76,False,False,0.7290540337562561,0.0038948480505496264,0.0017882273859868292,0.8889655750244856,27,2,16,16,False,
finegym,val,E3AHJ6-QS8M_E_003256_003294_A_0010_0012,data/FineGym_data/videos/val/90/E3AHJ6-QS8M_E_003256_003294_A_0010_0012.mp4,90,16,100,16,79,False,True,0.2645823657512665,0.005786816938780248,0.0017882273859868292,0.8845456900307909,39,3,16,16,False,
finegym,val,E3AHJ6-QS8M_E_002152_002186_A_0017_0019,data/FineGym_data/videos/val/90/E3AHJ6-QS8M_E_002152_002186_A_0017_0019.mp4,90,16,100,16,90,True,True,0.12490370869636536,0.006931661046110094,0.0017882273859868292,0.8782981759868562,40,3,16,16,False,
finegym,val,aEZbP-Yephw_E_001836_001877_A_0027_0028,data/FineGym_data/videos/val/90/aEZbP-Yephw_E_001836_001877_A_0027_0028.mp4,90,16,100,16,94,False,True,0.1940339356660843,0.009622593992389739,0.0017882273859868292,0.8702148490119725,37,3,16,16,False,
finegym,val,A0xAXXysHUo_E_001292_001332_A_0009_0010,data/FineGym_data/videos/val/90/A0xAXXysHUo_E_001292_001332_A_0009_0010.mp4,90,16,100,16,76,False,True,0.26475781202316284,0.006352490978315473,0.0017882273859868292,0.8597738050157204,49,4,16,16,False,
finegym,val,eH-ZgOT8ASM_E_003426_003457_A_0004_0005,data/FineGym_data/videos/val/90/eH-ZgOT8ASM_E_003426_003457_A_0004_0005.mp4,90,16,100,16,76,False,True,0.6043022274971008,0.007704504998400807,0.0017882273859868292,0.851567286066711,28,2,16,16,False,
finegym,val,C5Yfd1IWjmM_E_004167_004203_A_0020_0022,data/FineGym_data/videos/val/90/C5Yfd1IWjmM_E_004167_004203_A_0020_0022.mp4,90,16,100,16,79,False,False,0.2921389937400818,0.006409007008187473,0.0017882273859868292,0.8422498470172286,33,3,16,16,False,
finegym,val,AZ4wWG6Rcak_E_003963_003992_A_0011_0012,data/FineGym_data/videos/val/90/AZ4wWG6Rcak_E_003963_003992_A_0011_0012.mp4,90,16,100,16,76,False,True,0.3215200901031494,0.004359481972642243,0.0017882273859868292,0.8349200669908896,40,3,16,16,False,
finegym,val,aEZbP-Yephw_E_001318_001359_A_0023_0024,data/FineGym_data/videos/val/90/aEZbP-Yephw_E_001318_001359_A_0023_0024.mp4,90,16,100,16,76,False,False,0.7412139177322388,0.004121463978663087,0.0017882273859868292,0.8297468640375882,26,2,16,16,False,
finegym,val,aN3PC4tJokk_E_000137_000175_A_0019_0021,data/FineGym_data/videos/val/90/aN3PC4tJokk_E_000137_000175_A_0019_0021.mp4,90,16,100,16,76,False,False,0.9291685223579407,0.004342410014942288,0.0017882273859868292,0.8248591590672731,46,3,16,16,False,
finegym,val,C5Yfd1IWjmM_E_003703_003739_A_0011_0013,data/FineGym_data/videos/val/90/C5Yfd1IWjmM_E_003703_003739_A_0011_0013.mp4,90,16,100,16,76,False,True,0.2328200787305832,0.004955863929353654,0.0017882273859868292,0.8196615709457546,33,3,16,16,False,
finegym,val,C5Yfd1IWjmM_E_003905_003940_A_0019_0021,data/FineGym_data/videos/val/90/C5Yfd1IWjmM_E_003905_003940_A_0019_0021.mp4,90,16,100,16,76,False,False,0.7495660185813904,0.004871013923548162,0.0017882273859868292,0.8140868230257183,45,3,16,16,False,
finegym,val,e3EsDlpNo0c_E_004808_004838_A_0009_0011,data/FineGym_data/videos/val/90/e3EsDlpNo0c_E_004808_004838_A_0009_0011.mp4,90,16,100,16,79,False,False,0.2505759000778198,0.004524081014096737,0.0017882273859868292,0.8087302549974993,47,3,16,16,False,
finegym,val,cWztehyIFkg_E_005378_005413_A_0004_0005,data/FineGym_data/videos/val/90/cWztehyIFkg_E_005378_005413_A_0004_0005.mp4,90,16,100,16,76,False,True,0.3400627374649048,0.0037812429945915937,0.0017882273859868292,0.8037688919575885,28,2,16,16,False,
finegym,val,eH-ZgOT8ASM_E_002678_002721_A_0032_0033,data/FineGym_data/videos/val/90/eH-ZgOT8ASM_E_002678_002721_A_0032_0033.mp4,90,16,100,16,76,False,False,0.9762228727340698,0.004675014992244542,0.0017882273859868292,0.7995608249912038,40,3,16,16,False,
finegym,val,e3EsDlpNo0c_E_001952_001988_A_0020_0021,data/FineGym_data/videos/val/90/e3EsDlpNo0c_E_001952_001988_A_0020_0021.mp4,90,16,100,16,94,False,False,0.34931057691574097,0.004353911965154111,0.0017882273859868292,0.7941200190689415,33,3,16,16,False,
finegym,val,esQQbBhuXbM_E_002759_002794_A_0020_0021,data/FineGym_data/videos/val/90/esQQbBhuXbM_E_002759_002794_A_0020_0021.mp4,90,16,100,16,76,False,False,0.4849945306777954,0.003388073993846774,0.0017882273859868292,0.7893495330354199,25,2,16,16,False,
finegym,val,cSh74jSRht8_E_000940_000974_A_0008_0010,data/FineGym_data/videos/val/91/cSh74jSRht8_E_000940_000974_A_0008_0010.mp4,91,16,100,16,76,False,False,0.35855337977409363,0.004242511000484228,0.0017882273859868292,0.7855636909371242,39,3,16,16,False,
finegym,val,dqUNtY2GwW4_E_005804_005845_A_0019_0021,data/FineGym_data/videos/val/91/dqUNtY2GwW4_E_005804_005845_A_0019_0021.mp4,91,16,100,16,95,False,True,0.13884055614471436,0.004813455045223236,0.0017882273859868292,0.7809122399194166,39,3,16,16,False,
finegym,val,0LtLS9wROrk_E_004742_004771_A_0007_0008,data/FineGym_data/videos/val/91/0LtLS9wROrk_E_004742_004771_A_0007_0008.mp4,91,16,100,16,79,False,False,0.21675348281860352,0.00437759596388787,0.0017882273859868292,0.7756737839663401,44,3,16,16,False,
finegym,val,CUuRl0Bwbbc_E_000857_000923_A_0014_0015,data/FineGym_data/videos/val/91/CUuRl0Bwbbc_E_000857_000923_A_0014_0015.mp4,91,16,100,16,79,False,False,0.201442152261734,0.0040403620805591345,0.0017882273859868292,0.7707919010426849,45,3,16,16,False,
finegym,val,aN9hSsP6xTg_E_000684_000719_A_0022_0024,data/FineGym_data/videos/val/91/aN9hSsP6xTg_E_000684_000719_A_0022_0024.mp4,91,16,100,16,76,False,False,0.26092764735221863,0.004840407054871321,0.0017882273859868292,0.7662531810346991,41,3,16,16,False,
finegym,val,aN3PC4tJokk_E_000700_000733_A_0013_0014,data/FineGym_data/videos/val/91/aN3PC4tJokk_E_000700_000733_A_0013_0014.mp4,91,16,100,16,76,False,False,0.4972485601902008,0.004923471948131919,0.0017882273859868292,0.7609617270063609,44,3,16,16,False,
finegym,val,A0xAXXysHUo_E_000406_000449_A_0021_0022,data/FineGym_data/videos/val/91/A0xAXXysHUo_E_000406_000449_A_0021_0022.mp4,91,16,100,16,76,False,False,0.6834000945091248,0.004718787036836147,0.0017882273859868292,0.7555960420286283,46,3,16,16,False,
finegym,val,aN3PC4tJokk_E_000859_000897_A_0025_0026,data/FineGym_data/videos/val/91/aN3PC4tJokk_E_000859_000897_A_0025_0026.mp4,91,16,100,16,76,False,False,0.14564202725887299,0.004296352970413864,0.0017882273859868292,0.7504453209694475,45,3,16,16,False,
finegym,val,aEZbP-Yephw_E_002178_002219_A_0021_0023,data/FineGym_data/videos/val/91/aEZbP-Yephw_E_002178_002219_A_0021_0023.mp4,91,16,100,16,76,False,False,0.11538486182689667,0.004694242030382156,0.0017882273859868292,0.745542758028023,37,3,16,16,False,
finegym,val,DG7upbhB1bI_E_003410_003447_A_0013_0014,data/FineGym_data/videos/val/91/DG7upbhB1bI_E_003410_003447_A_0013_0014.mp4,91,16,100,16,79,False,False,0.47671234607696533,0.004891452030278742,0.0017882273859868292,0.7403008870314807,45,3,16,16,False,
finegym,val,DTedv-hhHU4_E_003057_003091_A_0023_0025,data/FineGym_data/videos/val/91/DTedv-hhHU4_E_003057_003091_A_0023_0025.mp4,91,16,100,16,94,False,False,0.1605108082294464,0.004769633058458567,0.0017882273859868292,0.7349860479589552,50,4,16,16,False,
finegym,val,A0xAXXysHUo_E_001463_001500_A_0021_0023,data/FineGym_data/videos/val/91/A0xAXXysHUo_E_001463_001500_A_0021_0023.mp4,91,16,100,16,94,False,False,0.5056389570236206,0.005201456020586193,0.0017882273859868292,0.7293426200048998,50,4,16,16,False,
finegym,val,DG7upbhB1bI_E_004686_004725_A_0011_0012,data/FineGym_data/videos/val/91/DG7upbhB1bI_E_004686_004725_A_0011_0012.mp4,91,16,100,16,79,False,False,0.1188429594039917,0.004485609009861946,0.0017882273859868292,0.72357723407913,48,3,16,16,False,
finegym,val,CUuRl0Bwbbc_E_000425_000486_A_0007_0008,data/FineGym_data/videos/val/91/CUuRl0Bwbbc_E_000425_000486_A_0007_0008.mp4,91,16,100,16,94,False,False,0.288548082113266,0.00463587197009474,0.0017882273859868292,0.7186552829807624,50,4,16,16,False,
finegym,val,DyZ2qj6x1UE_E_000886_000920_A_0024_0025,data/FineGym_data/videos/val/91/DyZ2qj6x1UE_E_000886_000920_A_0024_0025.mp4,91,16,100,16,79,False,False,0.1868358701467514,0.005278520984575152,0.0017882273859868292,0.713611645041965,40,3,16,16,False,
finegym,val,BLzs5opw8uM_E_000368_000412_A_0020_0022,data/FineGym_data/videos/val/91/BLzs5opw8uM_E_000368_000412_A_0020_0022.mp4,91,16,100,16,76,False,False,0.16898362338542938,0.004625092027708888,0.0017882273859868292,0.7078880269546062,48,3,16,16,False,
finegym,val,aN9hSsP6xTg_E_000777_000817_A_0030_0031,data/FineGym_data/videos/val/91/aN9hSsP6xTg_E_000777_000817_A_0030_0031.mp4,91,16,100,16,90,False,False,0.16047149896621704,0.005630814004689455,0.0017882273859868292,0.7028321350226179,38,3,16,16,False,
finegym,val,0LtLS9wROrk_E_002407_002435_A_0006_0008,data/FineGym_data/videos/val/91/0LtLS9wROrk_E_002407_002435_A_0006_0008.mp4,91,16,100,16,76,False,False,0.44626179337501526,0.005776727921329439,0.0017882273859868292,0.6965212819632143,49,4,16,16,False,
finegym,val,aN3PC4tJokk_E_000460_000493_A_0011_0013,data/FineGym_data/videos/val/91/aN3PC4tJokk_E_000460_000493_A_0011_0013.mp4,91,16,100,16,76,False,False,0.34938424825668335,0.004545963020063937,0.0017882273859868292,0.6900866460055113,47,3,16,16,False,
finegym,val,0LtLS9wROrk_E_006849_006876_A_0006_0007,data/FineGym_data/videos/val/91/0LtLS9wROrk_E_006849_006876_A_0006_0007.mp4,91,16,100,16,79,False,False,0.21989795565605164,0.005296224029734731,0.0017882273859868292,0.6848954900633544,45,3,16,16,False,
finegym,val,A0xAXXysHUo_E_000789_000829_A_0021_0023,data/FineGym_data/videos/val/92/A0xAXXysHUo_E_000789_000829_A_0021_0023.mp4,92,16,100,16,95,False,False,0.13167254626750946,0.004467724938876927,0.0017882273859868292,0.6788751140702516,42,3,16,16,False,
finegym,val,A0xAXXysHUo_E_002184_002237_A_0040_0042,data/FineGym_data/videos/val/92/A0xAXXysHUo_E_002184_002237_A_0040_0042.mp4,92,16,100,16,76,False,False,0.8790687918663025,0.005930357030592859,0.0017882273859868292,0.6736157999839634,47,3,16,16,False,
finegym,val,aEZbP-Yephw_E_002380_002413_A_0014_0015,data/FineGym_data/videos/val/92/aEZbP-Yephw_E_002380_002413_A_0014_0015.mp4,92,16,100,16,90,False,False,0.13266676664352417,0.005929646082222462,0.0017882273859868292,0.6668520050588995,38,3,16,16,False,
finegym,val,DyZ2qj6x1UE_E_000365_000398_A_0015_0016,data/FineGym_data/videos/val/92/DyZ2qj6x1UE_E_000365_000398_A_0015_0016.mp4,92,16,100,16,76,False,False,0.36287790536880493,0.005772439995780587,0.0017882273859868292,0.6602313090115786,37,3,16,16,False,
finegym,val,CUuRl0Bwbbc_E_000640_000678_A_0014_0015,data/FineGym_data/videos/val/92/CUuRl0Bwbbc_E_000640_000678_A_0014_0015.mp4,92,16,100,16,76,False,False,0.683667004108429,0.005693531944416463,0.0017882273859868292,0.6538894469849765,45,3,16,16,False,
finegym,val,cWztehyIFkg_E_004084_004142_A_0038_0039,data/FineGym_data/videos/val/92/cWztehyIFkg_E_004084_004142_A_0038_0039.mp4,92,16,100,16,79,False,False,0.619324803352356,0.007129402947612107,0.0017882273859868292,0.6472550950711593,40,3,16,16,False,
finegym,val,cWztehyIFkg_E_004940_004981_A_0012_0014,data/FineGym_data/videos/val/92/cWztehyIFkg_E_004940_004981_A_0012_0014.mp4,92,16,100,16,76,False,False,0.25016990303993225,0.0047156610526144505,0.0017882273859868292,0.6393034359207377,38,3,16,16,False,
finegym,val,cWztehyIFkg_E_004746_004783_A_0022_0024,data/FineGym_data/videos/val/92/cWztehyIFkg_E_004746_004783_A_0022_0024.mp4,92,16,100,16,79,False,False,0.26053526997566223,0.004214870044961572,0.0017882273859868292,0.6337907949928194,38,3,16,16,False,
finegym,val,aN9hSsP6xTg_E_003184_003220_A_0018_0019,data/FineGym_data/videos/val/92/aN9hSsP6xTg_E_003184_003220_A_0018_0019.mp4,92,16,100,16,79,False,False,0.05639299005270004,0.004680915968492627,0.0017882273859868292,0.6288203340955079,36,3,16,16,False,
finegym,val,AZ4wWG6Rcak_E_004423_004476_A_0023_0024,data/FineGym_data/videos/val/92/AZ4wWG6Rcak_E_004423_004476_A_0023_0024.mp4,92,16,100,16,95,False,False,0.15325014293193817,0.004023969988338649,0.0017882273859868292,0.623369008069858,39,3,16,16,False,
finegym,val,aN9hSsP6xTg_E_000112_000152_A_0023_0024,data/FineGym_data/videos/val/92/aN9hSsP6xTg_E_000112_000152_A_0023_0024.mp4,92,16,100,16,76,False,False,0.7573811411857605,0.0048280839109793305,0.0017882273859868292,0.6185817109653726,39,3,16,16,False,
finegym,val,cWztehyIFkg_E_005165_005196_A_0018_0019,data/FineGym_data/videos/val/92/cWztehyIFkg_E_005165_005196_A_0018_0019.mp4,92,16,100,16,76,False,False,0.24932703375816345,0.0040427850326523185,0.0017882273859868292,0.6129965339787304,39,3,16,16,False,
finegym,val,CUuRl0Bwbbc_E_000857_000923_A_0007_0008,data/FineGym_data/videos/val/92/CUuRl0Bwbbc_E_000857_000923_A_0007_0008.mp4,92,16,100,16,76,False,False,0.7302238345146179,0.004919234081171453,0.0017882273859868292,0.608178018941544,43,3,16,16,False,
finegym,val,cWztehyIFkg_E_003879_003921_A_0017_0018,data/FineGym_data/videos/val/92/cWztehyIFkg_E_003879_003921_A_0017_0018.mp4,92,16,100,16,79,False,False,0.23529163002967834,0.004067813046276569,0.0017882273859868292,0.6025948349852115,40,3,16,16,False,
finegym,val,aEZbP-Yephw_E_000092_000132_A_0011_0012,data/FineGym_data/videos/val/92/aEZbP-Yephw_E_000092_000132_A_0011_0012.mp4,92,16,100,16,90,False,False,0.11425908654928207,0.004274892038665712,0.0017882273859868292,0.5977452110964805,35,3,16,16,False,
finegym,val,aN9hSsP6xTg_E_002376_002416_A_0007_0008,data/FineGym_data/videos/val/92/aN9hSsP6xTg_E_002376_002416_A_0007_0008.mp4,92,16,100,16,94,False,False,0.2411397099494934,0.004368257941678166,0.0017882273859868292,0.5927315989974886,38,3,16,16,False,
finegym,val,cWztehyIFkg_E_004517_004557_A_0026_0027,data/FineGym_data/videos/val/92/cWztehyIFkg_E_004517_004557_A_0026_0027.mp4,92,16,100,16,76,False,False,0.2046627700328827,0.004204089054837823,0.0017882273859868292,0.5875940939877182,37,3,16,16,False,
finegym,val,DyZ2qj6x1UE_E_002396_002438_A_0011_0012,data/FineGym_data/videos/val/92/DyZ2qj6x1UE_E_002396_002438_A_0011_0012.mp4,92,16,100,16,79,False,False,0.2700638473033905,0.004784420947544277,0.0017882273859868292,0.5826521760318428,36,3,16,16,False,
finegym,val,0LtLS9wROrk_E_005073_005097_A_0004_0006,data/FineGym_data/videos/val/93/0LtLS9wROrk_E_005073_005097_A_0004_0006.mp4,93,16,100,16,79,False,False,0.1572084277868271,0.004163451958447695,0.0017882273859868292,0.5771156299160793,50,4,16,16,False,
finegym,val,AZ4wWG6Rcak_E_005197_005262_A_0010_0012,data/FineGym_data/videos/val/94/AZ4wWG6Rcak_E_005197_005262_A_0010_0012.mp4,94,16,100,16,76,False,False,0.5318904519081116,0.0037353180814534426,0.0017882273859868292,0.5721868770197034,35,3,16,16,False,
finegym,val,aN3PC4tJokk_E_000137_000175_A_0021_0022,data/FineGym_data/videos/val/94/aN3PC4tJokk_E_000137_000175_A_0021_0022.mp4,94,16,100,16,76,False,False,0.8417261838912964,0.004364240914583206,0.0017882273859868292,0.5677117380546406,46,3,16,16,False,
finegym,val,aEZbP-Yephw_E_001836_001877_A_0007_0008,data/FineGym_data/videos/val/94/aEZbP-Yephw_E_001836_001877_A_0007_0008.mp4,94,16,100,16,76,False,False,0.2876165807247162,0.0046211229637265205,0.0017882273859868292,0.562569162924774,36,3,16,16,False,
finegym,val,DG7upbhB1bI_E_001168_001204_A_0010_0012,data/FineGym_data/videos/val/94/DG7upbhB1bI_E_001168_001204_A_0010_0012.mp4,94,16,100,16,76,False,True,0.3443327844142914,0.004083201056346297,0.0017882273859868292,0.557204551063478,42,3,16,16,False,
finegym,val,CUuRl0Bwbbc_E_000103_000171_A_0014_0015,data/FineGym_data/videos/val/94/CUuRl0Bwbbc_E_000103_000171_A_0014_0015.mp4,94,16,100,16,76,False,True,0.5781591534614563,0.0033348340075463057,0.0017882273859868292,0.5523758759954944,28,2,16,16,False,
finegym,val,C5Yfd1IWjmM_E_003905_003940_A_0021_0022,data/FineGym_data/videos/val/94/C5Yfd1IWjmM_E_003905_003940_A_0021_0022.mp4,94,16,100,16,76,False,False,0.7759973406791687,0.004086637985892594,0.0017882273859868292,0.5483022519620135,47,3,16,16,False,
finegym,val,cWztehyIFkg_E_004084_004142_A_0039_0041,data/FineGym_data/videos/val/94/cWztehyIFkg_E_004084_004142_A_0039_0041.mp4,94,16,100,16,76,False,True,0.372327595949173,0.003967102966271341,0.0017882273859868292,0.5434666649671271,33,3,16,16,False,
finegym,val,CUuRl0Bwbbc_E_000857_000923_A_0054_0055,data/FineGym_data/videos/val/94/CUuRl0Bwbbc_E_000857_000923_A_0054_0055.mp4,94,16,100,16,76,False,True,0.7618510127067566,0.00378791696857661,0.0017882273859868292,0.538653219002299,34,3,16,16,False,
finegym,val,0LtLS9wROrk_E_006254_006273_A_0007_0008,data/FineGym_data/videos/val/94/0LtLS9wROrk_E_006254_006273_A_0007_0008.mp4,94,16,100,16,95,False,True,0.6053680181503296,0.0032083760015666485,0.0017882273859868292,0.5341311120428145,32,2,16,16,False,
finegym,val,0LtLS9wROrk_E_002407_002435_A_0012_0013,data/FineGym_data/videos/val/94/0LtLS9wROrk_E_002407_002435_A_0012_0013.mp4,94,16,100,16,76,False,True,0.3070284426212311,0.0027852000202983618,0.0017882273859868292,0.53019044699613,27,2,16,16,False,
finegym,val,A0xAXXysHUo_E_000600_000641_A_0027_0028,data/FineGym_data/videos/val/94/A0xAXXysHUo_E_000600_000641_A_0027_0028.mp4,94,16,100,16,76,False,False,0.9513537287712097,0.0037885470082983375,0.0017882273859868292,0.5266742430394515,34,3,16,16,False,
finegym,val,AZ4wWG6Rcak_E_005726_005763_A_0010_0011,data/FineGym_data/videos/val/94/AZ4wWG6Rcak_E_005726_005763_A_0010_0011.mp4,94,16,100,16,76,False,True,0.6980560421943665,0.0029260350856930017,0.0017882273859868292,0.5221473861020058,28,2,16,16,False,
finegym,val,dqUNtY2GwW4_E_005500_005536_A_0022_0023,data/FineGym_data/videos/val/94/dqUNtY2GwW4_E_005500_005536_A_0022_0023.mp4,94,16,100,16,76,False,True,0.8574888110160828,0.0035792229464277625,0.0017882273859868292,0.518479947000742,20,2,16,16,False,
finegym,val,cSh74jSRht8_E_001441_001472_A_0006_0008,data/FineGym_data/videos/val/94/cSh74jSRht8_E_001441_001472_A_0006_0008.mp4,94,16,100,16,76,False,False,0.9838047623634338,0.004025542992167175,0.0017882273859868292,0.5141798059921712,40,3,16,16,False,
finegym,val,aN9hSsP6xTg_E_000777_000817_A_0016_0017,data/FineGym_data/videos/val/94/aN9hSsP6xTg_E_000777_000817_A_0016_0017.mp4,94,16,100,16,76,False,False,0.7802006602287292,0.004654646967537701,0.0017882273859868292,0.5093906369293109,36,3,16,16,False,
finegym,val,0LtLS9wROrk_E_003606_003635_A_0013_0014,data/FineGym_data/videos/val/94/0LtLS9wROrk_E_003606_003635_A_0013_0014.mp4,94,16,100,16,76,False,True,0.7326686382293701,0.0032631600042805076,0.0017882273859868292,0.503987591015175,46,3,16,16,False,
finegym,val,aN9hSsP6xTg_E_001313_001352_A_0017_0018,data/FineGym_data/videos/val/94/aN9hSsP6xTg_E_001313_001352_A_0017_0018.mp4,94,16,100,16,76,False,False,0.4887640178203583,0.0036680009216070175,0.0017882273859868292,0.49990263604559004,28,2,16,16,False,
finegym,val,AZ4wWG6Rcak_E_008901_008976_A_0058_0059,data/FineGym_data/videos/val/94/AZ4wWG6Rcak_E_008901_008976_A_0058_0059.mp4,94,16,100,16,76,False,False,0.8632130026817322,0.004112456925213337,0.0017882273859868292,0.49548749905079603,42,3,16,16,False,
finegym,val,0LtLS9wROrk_E_006849_006876_A_0013_0014,data/FineGym_data/videos/val/94/0LtLS9wROrk_E_006849_006876_A_0013_0014.mp4,94,16,100,16,76,False,True,0.3183612525463104,0.002852145000360906,0.0017882273859868292,0.4906155839562416,28,2,16,16,False,
finegym,val,AZ4wWG6Rcak_E_003643_003675_A_0017_0018,data/FineGym_data/videos/val/94/AZ4wWG6Rcak_E_003643_003675_A_0017_0018.mp4,94,16,100,16,76,False,False,0.9633800983428955,0.003464217996224761,0.0017882273859868292,0.4870175350224599,21,2,16,16,False,
finegym,val,cSh74jSRht8_E_000875_000899_A_0004_0005,data/FineGym_data/videos/val/95/cSh74jSRht8_E_000875_000899_A_0004_0005.mp4,95,16,100,16,76,False,True,0.5313221216201782,0.00357471511233598,0.0017882273859868292,0.48284790001343936,31,2,16,16,False,
finegym,val,AZ4wWG6Rcak_E_008901_008976_A_0064_0064,data/FineGym_data/videos/val/95/AZ4wWG6Rcak_E_008901_008976_A_0064_0064.mp4,95,16,100,16,76,False,False,0.8431023359298706,0.003473825054243207,0.0017882273859868292,0.4785326209384948,17,2,16,16,False,
finegym,val,cSh74jSRht8_E_002458_002483_A_0011_0012,data/FineGym_data/videos/val/95/cSh74jSRht8_E_002458_002483_A_0011_0012.mp4,95,16,100,16,76,False,True,0.35744574666023254,0.0038696699775755405,0.0017882273859868292,0.4744253240060061,31,2,16,16,False,
finegym,val,cWztehyIFkg_E_004517_004557_A_0010_0011,data/FineGym_data/videos/val/95/cWztehyIFkg_E_004517_004557_A_0010_0011.mp4,95,16,100,16,76,False,False,0.5484247207641602,0.0031639919616281986,0.0017882273859868292,0.46973714500200003,16,1,16,16,False,
finegym,val,aN9hSsP6xTg_E_000178_000216_A_0013_0015,data/FineGym_data/videos/val/95/aN9hSsP6xTg_E_000178_000216_A_0013_0015.mp4,95,16,100,16,76,False,False,0.9412994980812073,0.004692408023402095,0.0017882273859868292,0.4658356549916789,35,3,16,16,False,
finegym,val,A0xAXXysHUo_E_001875_001911_A_0010_0011,data/FineGym_data/videos/val/95/A0xAXXysHUo_E_001875_001911_A_0010_0011.mp4,95,16,100,16,95,True,True,0.4671138525009155,0.0035952029284089804,0.0017882273859868292,0.46040634997189045,22,2,16,16,False,
finegym,val,aEZbP-Yephw_E_002178_002219_A_0031_0032,data/FineGym_data/videos/val/95/aEZbP-Yephw_E_002178_002219_A_0031_0032.mp4,95,16,100,16,95,True,True,0.9527314305305481,0.004293608013540506,0.0017882273859868292,0.4560943979304284,28,2,16,16,False,
finegym,val,aEZbP-Yephw_E_002380_002413_A_0023_0024,data/FineGym_data/videos/val/95/aEZbP-Yephw_E_002380_002413_A_0023_0024.mp4,95,16,100,16,76,False,True,0.2644416391849518,0.004467585007660091,0.0017882273859868292,0.451064464985393,30,2,16,16,False,
finegym,val,aEZbP-Yephw_E_002029_002064_A_0023_0024,data/FineGym_data/videos/val/95/aEZbP-Yephw_E_002029_002064_A_0023_0024.mp4,95,16,100,16,95,True,True,0.8180426955223083,0.004541834932751954,0.0017882273859868292,0.4458617561031133,31,2,16,16,False,
finegym,val,cWztehyIFkg_E_004517_004557_A_0018_0019,data/FineGym_data/videos/val/95/cWztehyIFkg_E_004517_004557_A_0018_0019.mp4,95,16,100,16,79,False,True,0.12958446145057678,0.0033753609750419855,0.0017882273859868292,0.44058395794127136,19,2,16,16,False,
finegym,val,A0xAXXysHUo_E_000406_000449_A_0033_0034,data/FineGym_data/videos/val/95/A0xAXXysHUo_E_000406_000449_A_0033_0034.mp4,95,16,100,16,95,True,True,0.24106675386428833,0.004561651963740587,0.0017882273859868292,0.4363787570036948,40,3,16,16,False,
finegym,val,C5Yfd1IWjmM_E_003905_003940_A_0025_0027,data/FineGym_data/videos/val/95/C5Yfd1IWjmM_E_003905_003940_A_0025_0027.mp4,95,16,100,16,95,True,True,0.20535092055797577,0.004632664960809052,0.00324993000140239,0.9218935340177268,39,3,16,16,False,
finegym,val,0LtLS9wROrk_E_007492_007516_A_0005_0005,data/FineGym_data/videos/val/95/0LtLS9wROrk_E_007492_007516_A_0005_0005.mp4,95,16,100,16,76,False,True,0.4081544876098633,0.003230057074688375,0.00324993000140239,0.9167649559676647,23,2,16,16,False,
finegym,val,DG7upbhB1bI_E_002345_002379_A_0017_0018,data/FineGym_data/videos/val/95/DG7upbhB1bI_E_002345_002379_A_0017_0018.mp4,95,16,100,16,76,False,False,0.45242753624916077,0.00474725104868412,0.00324993000140239,0.9130633110180497,40,3,16,16,False,
finegym,val,A0xAXXysHUo_E_000789_000829_A_0029_0030,data/FineGym_data/videos/val/95/A0xAXXysHUo_E_000789_000829_A_0029_0030.mp4,95,16,100,16,94,False,True,0.20910970866680145,0.004841968999244273,0.00324993000140239,0.9076184879522771,40,3,16,16,False,
finegym,val,A0xAXXysHUo_E_001875_001911_A_0016_0017,data/FineGym_data/videos/val/95/A0xAXXysHUo_E_001875_001911_A_0016_0017.mp4,95,16,100,16,95,True,True,0.5134568214416504,0.005198719911277294,0.00324993000140239,0.9021844250382856,38,3,16,16,False,
finegym,val,aN9hSsP6xTg_E_003184_003220_A_0011_0012,data/FineGym_data/videos/val/95/aN9hSsP6xTg_E_003184_003220_A_0011_0012.mp4,95,16,100,16,95,True,True,0.5592050552368164,0.0054597120033577085,0.00324993000140239,0.8963142109569162,32,2,16,16,False,
finegym,val,aN9hSsP6xTg_E_000112_000152_A_0004_0005,data/FineGym_data/videos/val/95/aN9hSsP6xTg_E_000112_000152_A_0004_0005.mp4,95,16,100,16,76,False,False,0.7658095955848694,0.004075717995874584,0.00324993000140239,0.8899785410612822,19,2,16,16,False,
finegym,val,dqUNtY2GwW4_E_005951_005985_A_0005_0005,data/FineGym_data/videos/val/95/dqUNtY2GwW4_E_005951_005985_A_0005_0005.mp4,95,16,100,16,76,False,True,0.4593261778354645,0.004494264954701066,0.00324993000140239,0.8851974960416555,18,2,16,16,False,
finegym,val,CUuRl0Bwbbc_E_000857_000923_A_0056_0057,data/FineGym_data/videos/val/95/CUuRl0Bwbbc_E_000857_000923_A_0056_0057.mp4,95,16,100,16,79,False,False,0.18405719101428986,0.004977384000085294,0.00324993000140239,0.8800999659579247,38,3,16,16,False,
finegym,val,dqUNtY2GwW4_E_005633_005671_A_0034_0038,data/FineGym_data/videos/val/96/dqUNtY2GwW4_E_005633_005671_A_0034_0038.mp4,96,16,100,16,98,False,True,0.21967078745365143,0.008218221017159522,0.00324993000140239,0.8743906449526548,91,6,16,16,False,
finegym,val,DG7upbhB1bI_E_004686_004725_A_0036_0038,data/FineGym_data/videos/val/96/DG7upbhB1bI_E_004686_004725_A_0036_0038.mp4,96,16,100,16,98,False,True,0.2460578978061676,0.005929114995524287,0.00324993000140239,0.8655760110123083,71,5,16,16,False,
finegym,val,cWztehyIFkg_E_004517_004557_A_0036_0039,data/FineGym_data/videos/val/96/cWztehyIFkg_E_004517_004557_A_0036_0039.mp4,96,16,100,16,76,False,True,0.15536360442638397,0.0072375459130853415,0.00324993000140239,0.858968441025354,73,5,16,16,False,
finegym,val,DTedv-hhHU4_E_003057_003091_A_0030_0034,data/FineGym_data/videos/val/96/DTedv-hhHU4_E_003057_003091_A_0030_0034.mp4,96,16,100,16,98,False,True,0.45007559657096863,0.008142548031173646,0.00324993000140239,0.8510541609721258,94,6,16,16,False,
finegym,val,AZ4wWG6Rcak_E_008901_008976_A_0073_0075,data/FineGym_data/videos/val/96/AZ4wWG6Rcak_E_008901_008976_A_0073_0075.mp4,96,16,100,16,98,False,True,0.21747250854969025,0.005208199028857052,0.00324993000140239,0.8420799080049619,51,4,16,16,False,
finegym,val,BLzs5opw8uM_E_000368_000412_A_0040_0044,data/FineGym_data/videos/val/96/BLzs5opw8uM_E_000368_000412_A_0040_0044.mp4,96,16,100,16,96,True,True,0.4853192865848541,0.010094150085933506,0.00324993000140239,0.8359428220428526,118,8,16,16,False,
finegym,val,aEZbP-Yephw_E_002029_002064_A_0031_0034,data/FineGym_data/videos/val/96/aEZbP-Yephw_E_002029_002064_A_0031_0034.mp4,96,16,100,16,97,False,True,0.1639588624238968,0.007651805062778294,0.00324993000140239,0.8251392770325765,71,5,16,16,False,
finegym,val,aN3PC4tJokk_E_001213_001258_A_0042_0045,data/FineGym_data/videos/val/96/aN3PC4tJokk_E_001213_001258_A_0042_0045.mp4,96,16,100,16,98,False,True,0.40195029973983765,0.007445997907780111,0.00324993000140239,0.8165646150009707,82,6,16,16,False,
finegym,val,C5Yfd1IWjmM_E_003905_003940_A_0033_0035,data/FineGym_data/videos/val/96/C5Yfd1IWjmM_E_003905_003940_A_0033_0035.mp4,96,16,100,16,96,True,True,0.16113747656345367,0.0057736230082809925,0.00324993000140239,0.8085034689866006,63,4,16,16,False,
finegym,val,0LtLS9wROrk_E_005369_005394_A_0021_0024,data/FineGym_data/videos/val/96/0LtLS9wROrk_E_005369_005394_A_0021_0024.mp4,96,16,100,16,96,True,True,0.43207842111587524,0.00733782397583127,0.00324993000140239,0.8017196559812874,111,7,16,16,False,
finegym,val,A0xAXXysHUo_E_002184_002237_A_0050_0052,data/FineGym_data/videos/val/96/A0xAXXysHUo_E_002184_002237_A_0050_0052.mp4,96,16,100,16,96,True,True,0.7230872511863708,0.006701527978293598,0.00324993000140239,0.7934445580467582,85,6,16,16,False,
finegym,val,DG7upbhB1bI_E_005602_005643_A_0035_0039,data/FineGym_data/videos/val/96/DG7upbhB1bI_E_005602_005643_A_0035_0039.mp4,96,16,100,16,98,False,True,0.22626133263111115,0.0070517160929739475,0.00324993000140239,0.7861807629233226,91,6,16,16,False,
finegym,val,AZ4wWG6Rcak_E_003643_003675_A_0029_0032,data/FineGym_data/videos/val/96/AZ4wWG6Rcak_E_003643_003675_A_0029_0032.mp4,96,16,100,16,76,False,True,0.16130545735359192,0.007589848944917321,0.00324993000140239,0.7780597539385781,71,5,16,16,False,
finegym,val,DG7upbhB1bI_E_001168_001204_A_0033_0035,data/FineGym_data/videos/val/96/DG7upbhB1bI_E_001168_001204_A_0033_0035.mp4,96,16,100,16,96,True,True,0.3295227587223053,0.005968227982521057,0.00324993000140239,0.7697718610288575,77,5,16,16,False,
finegym,val,C5Yfd1IWjmM_E_003703_003739_A_0033_0035,data/FineGym_data/videos/val/96/C5Yfd1IWjmM_E_003703_003739_A_0033_0035.mp4,96,16,100,16,96,True,True,0.3643403947353363,0.007108503021299839,0.00324993000140239,0.7632595199393108,79,5,16,16,False,
finegym,val,aN9hSsP6xTg_E_001266_001302_A_0033_0035,data/FineGym_data/videos/val/96/aN9hSsP6xTg_E_001266_001302_A_0033_0035.mp4,96,16,100,16,76,False,True,0.14269939064979553,0.005879891919903457,0.00324993000140239,0.755327156977728,53,4,16,16,False,
finegym,val,0LtLS9wROrk_E_006547_006577_A_0026_0029,data/FineGym_data/videos/val/96/0LtLS9wROrk_E_006547_006577_A_0026_0029.mp4,96,16,100,16,96,True,True,0.3645033836364746,0.006609193980693817,0.00324993000140239,0.7488784440793097,80,5,16,16,False,
finegym,val,A0xAXXysHUo_E_000406_000449_A_0040_0043,data/FineGym_data/videos/val/96/A0xAXXysHUo_E_000406_000449_A_0040_0043.mp4,96,16,100,16,96,True,True,0.6729857325553894,0.007822066079825163,0.00324993000140239,0.7416464179987088,97,7,16,16,False,
finegym,val,cWztehyIFkg_E_005378_005413_A_0031_0035,data/FineGym_data/videos/val/96/cWztehyIFkg_E_005378_005413_A_0031_0035.mp4,96,16,100,16,76,False,True,0.09453203529119492,0.0066047749714925885,0.00324993000140239,0.7329481838969514,77,5,16,16,False,
finegym,val,A0xAXXysHUo_E_000789_000829_A_0037_0039,data/FineGym_data/videos/val/96/A0xAXXysHUo_E_000789_000829_A_0037_0039.mp4,96,16,100,16,96,True,True,0.48397043347358704,0.006746302009560168,0.00324993000140239,0.725671733962372,81,6,16,16,False,
finegym,val,0LtLS9wROrk_E_003015_003034_A_0016_0018,data/FineGym_data/videos/val/97/0LtLS9wROrk_E_003015_003034_A_0016_0018.mp4,97,16,100,16,97,True,True,0.23394644260406494,0.005223346990533173,0.00324993000140239,0.7183775110170245,65,5,16,16,False,
finegym,val,0LtLS9wROrk_E_004742_004771_A_0024_0028,data/FineGym_data/videos/val/97/0LtLS9wROrk_E_004742_004771_A_0024_0028.mp4,97,16,100,16,97,True,True,0.4234098494052887,0.007012834073975682,0.00324993000140239,0.7126175549346954,106,7,16,16,False,
finegym,val,BLzs5opw8uM_E_000621_000654_A_0029_0032,data/FineGym_data/videos/val/97/BLzs5opw8uM_E_000621_000654_A_0029_0032.mp4,97,16,100,16,96,False,True,0.3004397451877594,0.008130947011522949,0.00324993000140239,0.7049885119777173,85,6,16,16,False,
finegym,val,e3EsDlpNo0c_E_005904_005938_A_0030_0034,data/FineGym_data/videos/val/97/e3EsDlpNo0c_E_005904_005938_A_0030_0034.mp4,97,16,100,16,96,False,True,0.21176962554454803,0.008578900014981627,0.00324993000140239,0.6959562099073082,119,8,16,16,False,
finegym,val,cWztehyIFkg_E_003879_003921_A_0038_0041,data/FineGym_data/videos/val/97/cWztehyIFkg_E_003879_003921_A_0038_0041.mp4,97,16,100,16,76,False,True,0.11307066679000854,0.0073842930141836405,0.00324993000140239,0.6864974340423942,81,6,16,16,False,
finegym,val,aN9hSsP6xTg_E_000178_000216_A_0035_0038,data/FineGym_data/videos/val/97/aN9hSsP6xTg_E_000178_000216_A_0035_0038.mp4,97,16,100,16,76,False,True,0.7131891250610352,0.007658006972633302,0.00324993000140239,0.6785706310765818,66,5,16,16,False,
finegym,val,aEZbP-Yephw_E_001713_001750_A_0033_0036,data/FineGym_data/videos/val/97/aEZbP-Yephw_E_001713_001750_A_0033_0036.mp4,97,16,100,16,96,False,True,0.25391846895217896,0.007210856070742011,0.00324993000140239,0.6701700069243088,70,5,16,16,False,
finegym,val,aN3PC4tJokk_E_000460_000493_A_0029_0032,data/FineGym_data/videos/val/97/aN3PC4tJokk_E_000460_000493_A_0029_0032.mp4,97,16,100,16,97,True,True,0.2672382891178131,0.007688794983550906,0.00324993000140239,0.6621573120355606,101,7,16,16,False,
finegym,val,A0xAXXysHUo_E_000945_000992_A_0042_0046,data/FineGym_data/videos/val/97/A0xAXXysHUo_E_000945_000992_A_0042_0046.mp4,97,16,100,16,97,True,True,0.4225119352340698,0.01091475400608033,0.00324993000140239,0.653535371995531,147,10,16,16,False,
finegym,val,e3EsDlpNo0c_E_006779_006810_A_0029_0031,data/FineGym_data/videos/val/97/e3EsDlpNo0c_E_006779_006810_A_0029_0031.mp4,97,16,100,16,98,False,False,0.1972344070672989,0.005696157109923661,0.00324993000140239,0.6420317689189687,74,5,16,16,False,
finegym,val,AZ4wWG6Rcak_E_005995_006025_A_0027_0029,data/FineGym_data/videos/val/97/AZ4wWG6Rcak_E_005995_006025_A_0027_0029.mp4,97,16,100,16,98,False,True,0.13870571553707123,0.0047196290688589215,0.00324993000140239,0.6358475449960679,56,4,16,16,False,
finegym,val,aEZbP-Yephw_E_000786_000822_A_0033_0036,data/FineGym_data/videos/val/97/aEZbP-Yephw_E_000786_000822_A_0033_0036.mp4,97,16,100,16,98,False,True,0.17058981955051422,0.006873151054605842,0.00324993000140239,0.6306720180436969,78,5,16,16,False,
finegym,val,aN9hSsP6xTg_E_000112_000152_A_0037_0040,data/FineGym_data/videos/val/97/aN9hSsP6xTg_E_000112_000152_A_0037_0040.mp4,97,16,100,16,97,True,True,0.14660854637622833,0.0064882669830694795,0.00324993000140239,0.6232226130086929,63,4,16,16,False,
finegym,val,aN9hSsP6xTg_E_002376_002416_A_0036_0039,data/FineGym_data/videos/val/97/aN9hSsP6xTg_E_002376_002416_A_0036_0039.mp4,97,16,100,16,76,False,True,0.35567963123321533,0.007402707007713616,0.00324993000140239,0.6158665140392259,70,5,16,16,False,
finegym,val,A0xAXXysHUo_E_001463_001500_A_0034_0037,data/FineGym_data/videos/val/97/A0xAXXysHUo_E_001463_001500_A_0034_0037.mp4,97,16,100,16,96,False,True,0.11870726943016052,0.008077907958067954,0.00324993000140239,0.6077349949628115,95,6,16,16,False,
finegym,val,CUuRl0Bwbbc_E_000425_000486_A_0057_0060,data/FineGym_data/videos/val/97/CUuRl0Bwbbc_E_000425_000486_A_0057_0060.mp4,97,16,100,16,96,False,True,0.24197401106357574,0.0068731410428881645,0.00324993000140239,0.5987659320235252,80,5,16,16,False,
finegym,val,0LtLS9wROrk_E_002407_002435_A_0023_0028,data/FineGym_data/videos/val/98/0LtLS9wROrk_E_002407_002435_A_0023_0028.mp4,98,16,100,16,98,True,True,0.32784268260002136,0.007744239992462099,0.00324993000140239,0.5908363140188158,127,8,16,16,False,
finegym,val,0LtLS9wROrk_E_007492_007516_A_0021_0024,data/FineGym_data/videos/val/98/0LtLS9wROrk_E_007492_007516_A_0021_0024.mp4,98,16,100,16,98,True,True,0.341001957654953,0.0057542260037735105,0.00324993000140239,0.582347271963954,84,6,16,16,False,
finegym,val,DG7upbhB1bI_E_003569_003600_A_0028_0031,data/FineGym_data/videos/val/98/DG7upbhB1bI_E_003569_003600_A_0028_0031.mp4,98,16,100,16,98,True,True,0.0959998369216919,0.006463991012424231,0.00324993000140239,0.5761257680132985,68,5,16,16,False,
finegym,val,0LtLS9wROrk_E_003606_003635_A_0027_0028,data/FineGym_data/videos/val/98/0LtLS9wROrk_E_003606_003635_A_0027_0028.mp4,98,16,100,16,98,True,True,0.09368496388196945,0.006014715996570885,0.00324993000140239,0.5688027910655364,57,4,16,16,False,
finegym,val,AZ4wWG6Rcak_E_003963_003992_A_0026_0028,data/FineGym_data/videos/val/98/AZ4wWG6Rcak_E_003963_003992_A_0026_0028.mp4,98,16,100,16,76,False,True,0.5351119637489319,0.005699794040992856,0.00324993000140239,0.5618662610650063,54,4,16,16,False,
finegym,val,cSh74jSRht8_E_000875_000899_A_0021_0024,data/FineGym_data/videos/val/98/cSh74jSRht8_E_000875_000899_A_0021_0024.mp4,98,16,100,16,76,False,True,0.2616007924079895,0.004920015926472843,0.00324993000140239,0.5555343979503959,72,5,16,16,False,
finegym,val,0LtLS9wROrk_E_005073_005097_A_0022_0024,data/FineGym_data/videos/val/98/0LtLS9wROrk_E_005073_005097_A_0022_0024.mp4,98,16,100,16,98,True,True,0.12508994340896606,0.005004485021345317,0.00324993000140239,0.5501237789867446,57,4,16,16,False,
finegym,val,aEZbP-Yephw_E_002570_002605_A_0032_0035,data/FineGym_data/videos/val/98/aEZbP-Yephw_E_002570_002605_A_0032_0035.mp4,98,16,100,16,98,True,True,0.20372065901756287,0.0068215340143069625,0.00324993000140239,0.5442010769620538,56,4,16,16,False,
finegym,val,aN9hSsP6xTg_E_003184_003220_A_0033_0035,data/FineGym_data/videos/val/98/aN9hSsP6xTg_E_003184_003220_A_0033_0035.mp4,98,16,100,16,96,False,True,0.09268710017204285,0.006033301004208624,0.00324993000140239,0.53660360397771,47,3,16,16,False,
finegym,val,cSh74jSRht8_E_001089_001124_A_0033_0035,data/FineGym_data/videos/val/98/cSh74jSRht8_E_001089_001124_A_0033_0035.mp4,98,16,100,16,95,False,True,0.5037549734115601,0.005827243090607226,0.00324993000140239,0.5300268100108951,59,4,16,16,False,
finegym,val,0LtLS9wROrk_E_004420_004441_A_0018_0020,data/FineGym_data/videos/val/98/0LtLS9wROrk_E_004420_004441_A_0018_0020.mp4,98,16,100,16,98,True,True,0.13470856845378876,0.006137987016700208,0.00324993000140239,0.523269537021406,65,5,16,16,False,
finegym,val,BLzs5opw8uM_E_004523_004561_A_0034_0037,data/FineGym_data/videos/val/98/BLzs5opw8uM_E_004523_004561_A_0034_0037.mp4,98,16,100,16,98,True,True,0.21854111552238464,0.008310806006193161,0.00324993000140239,0.5164201210718602,91,6,16,16,False,
finegym,val,dqUNtY2GwW4_E_005804_005845_A_0038_0041,data/FineGym_data/videos/val/98/dqUNtY2GwW4_E_005804_005845_A_0038_0041.mp4,98,16,100,16,98,True,True,0.1431390643119812,0.007571764988824725,0.00324993000140239,0.5073198699392378,64,4,16,16,False,
finegym,val,0LtLS9wROrk_E_007196_007226_A_0026_0030,data/FineGym_data/videos/val/98/0LtLS9wROrk_E_007196_007226_A_0026_0030.mp4,98,16,100,16,98,True,True,0.36511173844337463,0.00772171700373292,0.00324993000140239,0.4989155689254403,99,7,16,16,False,
finegym,val,aEZbP-Yephw_E_000092_000132_A_0037_0039,data/FineGym_data/videos/val/98/aEZbP-Yephw_E_000092_000132_A_0037_0039.mp4,98,16,100,16,97,False,True,0.27243903279304504,0.007602032041177154,0.00324993000140239,0.49034629692323506,56,4,16,16,False,
finegym,val,A0xAXXysHUo_E_001292_001332_A_0037_0040,data/FineGym_data/videos/val/98/A0xAXXysHUo_E_001292_001332_A_0037_0040.mp4,98,16,100,16,98,True,True,0.6962650418281555,0.008835141896270216,0.00324993000140239,0.4817826460348442,87,6,16,16,False,
finegym,val,DG7upbhB1bI_E_003410_003447_A_0034_0037,data/FineGym_data/videos/val/98/DG7upbhB1bI_E_003410_003447_A_0034_0037.mp4,98,16,100,16,96,False,True,0.13757553696632385,0.009322448982857168,0.00324993000140239,0.4716396539006382,70,5,16,16,False,
finegym,val,aN9hSsP6xTg_E_000777_000817_A_0038_0040,data/FineGym_data/videos/val/98/aN9hSsP6xTg_E_000777_000817_A_0038_0040.mp4,98,16,100,16,98,True,True,0.2879374027252197,0.009516313089989126,0.00324993000140239,0.46110036596655846,53,4,16,16,False,
finegym,val,A0xAXXysHUo_E_000600_000641_A_0038_0040,data/FineGym_data/videos/val/98/A0xAXXysHUo_E_000600_000641_A_0038_0040.mp4,98,16,100,16,98,True,True,0.8687893748283386,0.010496748029254377,0.00324993000140239,0.45046746195293963,82,6,16,16,False,
